date,storage,inflow,outflow,evaporation,elevation
1940-03-28,15.388,NA,NA,NA,285.811
1940-03-29,16.436,NA,NA,NA,285.872
1940-03-30,16.96,NA,NA,NA,285.902
1940-03-31,18.502,NA,NA,NA,285.963
1940-04-01,20.044,NA,NA,NA,286.024
1940-04-02,21.586,NA,NA,NA,286.085
1940-04-03,23.899,NA,NA,NA,286.177
1940-04-04,25.564,NA,NA,NA,286.238
1940-04-05,25.922,NA,NA,NA,286.25
1940-04-06,26.19,NA,NA,NA,286.259
1940-04-07,26.548,NA,NA,NA,286.271
1940-04-08,26.906,NA,NA,NA,286.283
1940-04-09,27.264,NA,NA,NA,286.296
1940-04-10,27.174,NA,NA,NA,286.293
1940-04-11,26.458,NA,NA,NA,286.268
1940-04-12,25.654,NA,NA,NA,286.241
1940-04-13,25.117,NA,NA,NA,286.222
1940-04-14,24.76,NA,NA,NA,286.21
1940-04-15,24.593,NA,NA,NA,286.204
1940-04-16,24.515,NA,NA,NA,286.201
1940-04-17,24.361,NA,NA,NA,286.195
1940-04-18,24.207,NA,NA,NA,286.189
1940-04-19,24.053,NA,NA,NA,286.183
1940-04-20,23.822,NA,NA,NA,286.174
1940-04-21,23.668,NA,NA,NA,286.168
1940-04-22,23.514,NA,NA,NA,286.161
1940-04-23,23.36,NA,NA,NA,286.155
1940-04-24,23.128,NA,NA,NA,286.146
1940-04-25,22.974,NA,NA,NA,286.14
1940-04-26,22.819,NA,NA,NA,286.134
1940-04-27,22.589,NA,NA,NA,286.125
1940-04-28,22.435,NA,NA,NA,286.119
1940-04-29,22.28,NA,NA,NA,286.113
1940-04-30,22.126,NA,NA,NA,286.107
1940-05-01,22.048,NA,NA,NA,286.104
1940-05-02,21.894,NA,NA,NA,286.097
1940-05-03,21.894,NA,NA,NA,286.097
1940-05-04,21.818,NA,NA,NA,286.094
1940-05-05,21.74,NA,NA,NA,286.091
1940-05-06,21.664,NA,NA,NA,286.088
1940-05-07,21.586,NA,NA,NA,286.085
1940-05-08,21.509,NA,NA,NA,286.082
1940-05-09,21.509,NA,NA,NA,286.082
1940-05-10,21.432,NA,NA,NA,286.079
1940-05-11,21.432,NA,NA,NA,286.079
1940-05-12,21.355,NA,NA,NA,286.076
1940-05-13,21.355,NA,NA,NA,286.076
1940-05-14,21.432,NA,NA,NA,286.079
1940-05-15,21.509,NA,NA,NA,286.082
1940-05-16,21.586,NA,NA,NA,286.085
1940-05-17,21.586,NA,NA,NA,286.085
1940-05-18,21.664,NA,NA,NA,286.088
1940-05-19,21.664,NA,NA,NA,286.088
1940-05-20,21.509,NA,NA,NA,286.082
1940-05-21,21.047,NA,NA,NA,286.064
1940-05-22,20.661,NA,NA,NA,286.049
1940-05-23,20.276,NA,NA,NA,286.033
1940-05-24,19.813,NA,NA,NA,286.015
1940-05-25,19.505,NA,NA,NA,286.003
1940-05-26,19.273,NA,NA,NA,285.994
1940-05-27,18.965,NA,NA,NA,285.982
1940-05-28,18.734,NA,NA,NA,285.973
1940-05-29,18.656,NA,NA,NA,285.969
1940-05-30,18.58,NA,NA,NA,285.966
1940-05-31,18.58,NA,NA,NA,285.966
1940-06-01,18.502,NA,NA,NA,285.963
1940-06-02,18.426,NA,NA,NA,285.96
1940-06-03,18.426,NA,NA,NA,285.96
1940-06-04,18.348,NA,NA,NA,285.957
1940-06-05,18.348,NA,NA,NA,285.957
1940-06-06,18.272,NA,NA,NA,285.954
1940-06-07,18.117,NA,NA,NA,285.948
1940-06-08,17.885,NA,NA,NA,285.939
1940-06-09,17.731,NA,NA,NA,285.933
1940-06-10,17.501,NA,NA,NA,285.924
1940-06-11,17.269,NA,NA,NA,285.915
1940-06-12,17.038,NA,NA,NA,285.905
1940-06-13,16.804,NA,NA,NA,285.893
1940-06-14,16.646,NA,NA,NA,285.884
1940-06-15,16.436,NA,NA,NA,285.872
1940-06-16,16.331,NA,NA,NA,285.866
1940-06-17,16.175,NA,NA,NA,285.857
1940-06-18,16.07,NA,NA,NA,285.851
1940-06-19,16.017,NA,NA,NA,285.848
1940-06-20,15.965,NA,NA,NA,285.844
1940-06-21,15.965,NA,NA,NA,285.844
1940-06-22,15.912,NA,NA,NA,285.841
1940-06-23,15.912,NA,NA,NA,285.841
1940-06-24,15.912,NA,NA,NA,285.841
1940-06-25,15.912,NA,NA,NA,285.841
1940-06-26,15.86,NA,NA,NA,285.838
1940-06-27,15.86,NA,NA,NA,285.838
1940-06-28,15.807,NA,NA,NA,285.835
1940-06-29,15.755,NA,NA,NA,285.832
1940-06-30,15.702,NA,NA,NA,285.829
1940-07-01,15.65,NA,NA,NA,285.826
1940-07-02,15.597,NA,NA,NA,285.823
1940-07-03,15.546,NA,NA,NA,285.82
1940-07-04,15.493,NA,NA,NA,285.817
1940-07-05,15.441,NA,NA,NA,285.814
1940-07-06,15.388,NA,NA,NA,285.811
1940-07-07,15.336,NA,NA,NA,285.808
1940-07-08,15.283,NA,NA,NA,285.805
1940-07-09,15.283,NA,NA,NA,285.805
1940-07-10,15.231,NA,NA,NA,285.802
1940-07-11,15.178,NA,NA,NA,285.799
1940-07-12,15.073,NA,NA,NA,285.793
1940-07-13,14.916,NA,NA,NA,285.784
1940-07-14,14.812,NA,NA,NA,285.777
1940-07-15,14.707,NA,NA,NA,285.771
1940-07-16,14.654,NA,NA,NA,285.768
1940-07-17,14.602,NA,NA,NA,285.765
1940-07-18,14.549,NA,NA,NA,285.762
1940-07-19,14.549,NA,NA,NA,285.762
1940-07-20,14.549,NA,NA,NA,285.762
1940-07-21,14.497,NA,NA,NA,285.759
1940-07-22,14.549,NA,NA,NA,285.762
1940-07-23,14.602,NA,NA,NA,285.765
1940-07-24,14.707,NA,NA,NA,285.771
1940-07-25,14.759,NA,NA,NA,285.774
1940-07-26,14.812,NA,NA,NA,285.777
1940-07-27,14.812,NA,NA,NA,285.777
1940-07-28,14.812,NA,NA,NA,285.777
1940-07-29,14.863,NA,NA,NA,285.78
1940-07-30,14.812,NA,NA,NA,285.777
1940-07-31,14.812,NA,NA,NA,285.777
1940-08-01,14.812,NA,NA,NA,285.777
1940-08-02,14.812,NA,NA,NA,285.777
1940-08-03,14.812,NA,NA,NA,285.777
1940-08-04,14.759,NA,NA,NA,285.774
1940-08-05,14.759,NA,NA,NA,285.774
1940-08-06,14.707,NA,NA,NA,285.771
1940-08-07,14.654,NA,NA,NA,285.768
1940-08-08,14.549,NA,NA,NA,285.762
1940-08-09,14.497,NA,NA,NA,285.759
1940-08-10,14.497,NA,NA,NA,285.759
1940-08-11,14.444,NA,NA,NA,285.756
1940-08-12,14.444,NA,NA,NA,285.756
1940-08-13,14.444,NA,NA,NA,285.756
1940-08-14,14.392,NA,NA,NA,285.753
1940-08-15,14.392,NA,NA,NA,285.753
1940-08-16,14.339,NA,NA,NA,285.75
1940-08-17,14.392,NA,NA,NA,285.753
1940-08-18,14.444,NA,NA,NA,285.756
1940-08-19,14.497,NA,NA,NA,285.759
1940-08-20,14.549,NA,NA,NA,285.762
1940-08-21,14.549,NA,NA,NA,285.762
1940-08-22,14.602,NA,NA,NA,285.765
1940-08-23,14.654,NA,NA,NA,285.768
1940-08-24,14.654,NA,NA,NA,285.768
1940-08-25,14.707,NA,NA,NA,285.771
1940-08-26,14.707,NA,NA,NA,285.771
1940-08-27,14.759,NA,NA,NA,285.774
1940-08-28,14.759,NA,NA,NA,285.774
1940-08-29,14.759,NA,NA,NA,285.774
1940-08-30,14.759,NA,NA,NA,285.774
1940-08-31,14.812,NA,NA,NA,285.777
1940-09-01,14.812,NA,NA,NA,285.777
1940-09-02,14.812,NA,NA,NA,285.777
1940-09-03,14.812,NA,NA,NA,285.777
1940-09-04,14.863,NA,NA,NA,285.78
1940-09-05,14.863,NA,NA,NA,285.78
1940-09-06,14.863,NA,NA,NA,285.78
1940-09-07,14.863,NA,NA,NA,285.78
1940-09-08,14.863,NA,NA,NA,285.78
1940-09-09,14.812,NA,NA,NA,285.777
1940-09-10,14.812,NA,NA,NA,285.777
1940-09-11,14.812,NA,NA,NA,285.777
1940-09-12,14.812,NA,NA,NA,285.777
1940-09-13,14.812,NA,NA,NA,285.777
1940-09-14,14.812,NA,NA,NA,285.777
1940-09-15,14.812,NA,NA,NA,285.777
1940-09-16,14.812,NA,NA,NA,285.777
1940-09-17,14.812,NA,NA,NA,285.777
1940-09-18,14.759,NA,NA,NA,285.774
1940-09-19,14.707,NA,NA,NA,285.771
1940-09-20,14.707,NA,NA,NA,285.771
1940-09-21,14.654,NA,NA,NA,285.768
1940-09-22,14.654,NA,NA,NA,285.768
1940-09-23,14.602,NA,NA,NA,285.765
1940-09-24,14.549,NA,NA,NA,285.762
1940-09-25,14.549,NA,NA,NA,285.762
1940-09-26,14.497,NA,NA,NA,285.759
1940-09-27,14.392,NA,NA,NA,285.753
1940-09-28,14.287,NA,NA,NA,285.747
1940-09-29,14.183,NA,NA,NA,285.741
1940-09-30,14.078,NA,NA,NA,285.735
1940-10-01,14.025,NA,NA,NA,285.732
1940-10-02,14.025,NA,NA,NA,285.732
1940-10-03,13.973,NA,NA,NA,285.729
1940-10-04,13.973,NA,NA,NA,285.729
1940-10-05,13.92,NA,NA,NA,285.726
1940-10-06,13.92,NA,NA,NA,285.726
1940-10-07,13.868,NA,NA,NA,285.723
1940-10-08,13.868,NA,NA,NA,285.723
1940-10-09,13.868,NA,NA,NA,285.723
1940-10-10,13.868,NA,NA,NA,285.723
1940-10-11,13.868,NA,NA,NA,285.723
1940-10-12,13.868,NA,NA,NA,285.723
1940-10-13,13.868,NA,NA,NA,285.723
1940-10-14,13.868,NA,NA,NA,285.723
1940-10-15,13.92,NA,NA,NA,285.726
1940-10-16,13.973,NA,NA,NA,285.729
1940-10-17,13.973,NA,NA,NA,285.729
1940-10-18,14.025,NA,NA,NA,285.732
1940-10-19,14.078,NA,NA,NA,285.735
1940-10-20,14.183,NA,NA,NA,285.741
1940-10-21,14.234,NA,NA,NA,285.744
1940-10-22,14.287,NA,NA,NA,285.747
1940-10-23,14.392,NA,NA,NA,285.753
1940-10-24,14.444,NA,NA,NA,285.756
1940-10-25,14.549,NA,NA,NA,285.762
1940-10-26,14.654,NA,NA,NA,285.768
1940-10-27,14.812,NA,NA,NA,285.777
1940-10-28,14.968,NA,NA,NA,285.787
1940-10-29,15.178,NA,NA,NA,285.799
1940-10-30,15.441,NA,NA,NA,285.814
1940-10-31,15.546,NA,NA,NA,285.82
1940-11-01,15.65,NA,NA,NA,285.826
1940-11-02,15.755,NA,NA,NA,285.832
1940-11-03,15.807,NA,NA,NA,285.835
1940-11-04,15.807,NA,NA,NA,285.835
1940-11-05,15.755,NA,NA,NA,285.832
1940-11-06,15.755,NA,NA,NA,285.832
1940-11-07,15.755,NA,NA,NA,285.832
1940-11-08,15.702,NA,NA,NA,285.829
1940-11-09,15.702,NA,NA,NA,285.829
1940-11-10,15.702,NA,NA,NA,285.829
1940-11-11,15.65,NA,NA,NA,285.826
1940-11-12,15.65,NA,NA,NA,285.826
1940-11-13,15.597,NA,NA,NA,285.823
1940-11-14,15.597,NA,NA,NA,285.823
1940-11-15,15.597,NA,NA,NA,285.823
1940-11-16,15.597,NA,NA,NA,285.823
1940-11-17,15.546,NA,NA,NA,285.82
1940-11-18,15.546,NA,NA,NA,285.82
1940-11-19,15.546,NA,NA,NA,285.82
1940-11-20,15.546,NA,NA,NA,285.82
1940-11-21,15.546,NA,NA,NA,285.82
1940-11-22,15.493,NA,NA,NA,285.817
1940-11-23,15.493,NA,NA,NA,285.817
1940-11-24,15.493,NA,NA,NA,285.817
1940-11-25,15.493,NA,NA,NA,285.817
1940-11-26,15.493,NA,NA,NA,285.817
1940-11-27,15.493,NA,NA,NA,285.817
1940-11-28,15.441,NA,NA,NA,285.814
1940-11-29,15.441,NA,NA,NA,285.814
1940-11-30,15.441,NA,NA,NA,285.814
1940-12-01,15.441,NA,NA,NA,285.814
1940-12-02,15.441,NA,NA,NA,285.814
1940-12-03,15.441,NA,NA,NA,285.814
1940-12-04,15.441,NA,NA,NA,285.814
1940-12-05,15.388,NA,NA,NA,285.811
1940-12-06,15.388,NA,NA,NA,285.811
1940-12-07,15.388,NA,NA,NA,285.811
1940-12-08,15.388,NA,NA,NA,285.811
1940-12-09,15.388,NA,NA,NA,285.811
1940-12-10,15.388,NA,NA,NA,285.811
1940-12-11,15.388,NA,NA,NA,285.811
1940-12-12,15.388,NA,NA,NA,285.811
1940-12-13,15.388,NA,NA,NA,285.811
1940-12-14,15.388,NA,NA,NA,285.811
1940-12-15,15.388,NA,NA,NA,285.811
1940-12-16,15.336,NA,NA,NA,285.808
1940-12-17,15.336,NA,NA,NA,285.808
1940-12-18,15.336,NA,NA,NA,285.808
1940-12-19,15.336,NA,NA,NA,285.808
1940-12-20,15.336,NA,NA,NA,285.808
1940-12-21,15.336,NA,NA,NA,285.808
1940-12-22,15.336,NA,NA,NA,285.808
1940-12-23,15.336,NA,NA,NA,285.808
1940-12-24,15.336,NA,NA,NA,285.808
1940-12-25,15.336,NA,NA,NA,285.808
1940-12-26,15.336,NA,NA,NA,285.808
1940-12-27,15.336,NA,NA,NA,285.808
1940-12-28,15.336,NA,NA,NA,285.808
1940-12-29,15.336,NA,NA,NA,285.808
1940-12-30,15.336,NA,NA,NA,285.808
1940-12-31,15.336,NA,NA,NA,285.808
1941-01-01,15.336,NA,NA,NA,285.808
1941-01-02,15.336,NA,NA,NA,285.808
1941-01-03,15.336,NA,NA,NA,285.808
1941-01-04,15.336,NA,NA,NA,285.808
1941-01-05,15.336,NA,NA,NA,285.808
1941-01-06,15.336,NA,NA,NA,285.808
1941-01-07,15.336,NA,NA,NA,285.808
1941-01-08,15.336,NA,NA,NA,285.808
1941-01-09,15.336,NA,NA,NA,285.808
1941-01-10,15.336,NA,NA,NA,285.808
1941-01-11,15.336,NA,NA,NA,285.808
1941-01-12,15.336,NA,NA,NA,285.808
1941-01-13,15.336,NA,NA,NA,285.808
1941-01-14,15.388,NA,NA,NA,285.811
1941-01-15,15.388,NA,NA,NA,285.811
1941-01-16,15.388,NA,NA,NA,285.811
1941-01-17,15.388,NA,NA,NA,285.811
1941-01-18,15.388,NA,NA,NA,285.811
1941-01-19,15.388,NA,NA,NA,285.811
1941-01-20,15.388,NA,NA,NA,285.811
1941-01-21,15.388,NA,NA,NA,285.811
1941-01-22,15.388,NA,NA,NA,285.811
1941-01-23,15.388,NA,NA,NA,285.811
1941-01-24,15.388,NA,NA,NA,285.811
1941-01-25,15.388,NA,NA,NA,285.811
1941-01-26,15.388,NA,NA,NA,285.811
1941-01-27,15.388,NA,NA,NA,285.811
1941-01-28,15.388,NA,NA,NA,285.811
1941-01-29,15.388,NA,NA,NA,285.811
1941-01-30,15.388,NA,NA,NA,285.811
1941-01-31,15.388,NA,NA,NA,285.811
1941-02-01,15.388,NA,NA,NA,285.811
1941-02-02,15.388,NA,NA,NA,285.811
1941-02-03,15.388,NA,NA,NA,285.811
1941-02-04,15.388,NA,NA,NA,285.811
1941-02-05,15.388,NA,NA,NA,285.811
1941-02-06,15.388,NA,NA,NA,285.811
1941-02-07,15.388,NA,NA,NA,285.811
1941-02-08,15.388,NA,NA,NA,285.811
1941-02-09,15.388,NA,NA,NA,285.811
1941-02-10,15.388,NA,NA,NA,285.811
1941-02-11,15.388,NA,NA,NA,285.811
1941-02-12,15.388,NA,NA,NA,285.811
1941-02-13,15.388,NA,NA,NA,285.811
1941-02-14,15.388,NA,NA,NA,285.811
1941-02-15,15.388,NA,NA,NA,285.811
1941-02-16,15.388,NA,NA,NA,285.811
1941-02-17,15.388,NA,NA,NA,285.811
1941-02-18,15.388,NA,NA,NA,285.811
1941-02-19,15.388,NA,NA,NA,285.811
1941-02-20,15.388,NA,NA,NA,285.811
1941-02-21,15.388,NA,NA,NA,285.811
1941-02-22,15.388,NA,NA,NA,285.811
1941-02-23,15.388,NA,NA,NA,285.811
1941-02-24,15.388,NA,NA,NA,285.811
1941-02-25,15.388,NA,NA,NA,285.811
1941-02-26,15.388,NA,NA,NA,285.811
1941-02-27,15.388,NA,NA,NA,285.811
1941-02-28,15.441,NA,NA,NA,285.814
1941-03-01,15.441,NA,NA,NA,285.814
1941-03-02,15.441,NA,NA,NA,285.814
1941-03-03,15.441,NA,NA,NA,285.814
1941-03-04,15.441,NA,NA,NA,285.814
1941-03-05,15.441,NA,NA,NA,285.814
1941-03-06,15.441,NA,NA,NA,285.814
1941-03-07,15.493,NA,NA,NA,285.817
1941-03-08,15.493,NA,NA,NA,285.817
1941-03-09,15.597,NA,NA,NA,285.823
1941-03-10,15.65,NA,NA,NA,285.826
1941-03-11,15.755,NA,NA,NA,285.832
1941-03-12,15.86,NA,NA,NA,285.838
1941-03-13,15.965,NA,NA,NA,285.844
1941-03-14,16.017,NA,NA,NA,285.848
1941-03-15,16.122,NA,NA,NA,285.854
1941-03-16,16.226,NA,NA,NA,285.86
1941-03-17,16.331,NA,NA,NA,285.866
1941-03-18,16.436,NA,NA,NA,285.872
1941-03-19,16.489,NA,NA,NA,285.875
1941-03-20,16.594,NA,NA,NA,285.881
1941-03-21,16.699,NA,NA,NA,285.887
1941-03-22,16.804,NA,NA,NA,285.893
1941-03-23,16.909,NA,NA,NA,285.899
1941-03-24,17.038,NA,NA,NA,285.905
1941-03-25,17.192,NA,NA,NA,285.912
1941-03-26,17.346,NA,NA,NA,285.918
1941-03-27,17.501,NA,NA,NA,285.924
1941-03-28,17.731,NA,NA,NA,285.933
1941-03-29,17.885,NA,NA,NA,285.939
1941-03-30,18.502,NA,NA,NA,285.963
1941-03-31,19.042,NA,NA,NA,285.985
1941-04-01,19.659,NA,NA,NA,286.009
1941-04-02,20.044,NA,NA,NA,286.024
1941-04-03,20.276,NA,NA,NA,286.033
1941-04-04,20.584,NA,NA,NA,286.046
1941-04-05,20.893,NA,NA,NA,286.058
1941-04-06,21.123,NA,NA,NA,286.067
1941-04-07,21.432,NA,NA,NA,286.079
1941-04-08,21.664,NA,NA,NA,286.088
1941-04-09,21.894,NA,NA,NA,286.097
1941-04-10,22.048,NA,NA,NA,286.104
1941-04-11,22.28,NA,NA,NA,286.113
1941-04-12,22.357,NA,NA,NA,286.116
1941-04-13,22.435,NA,NA,NA,286.119
1941-04-14,22.435,NA,NA,NA,286.119
1941-04-15,22.435,NA,NA,NA,286.119
1941-04-16,22.511,NA,NA,NA,286.122
1941-04-17,22.435,NA,NA,NA,286.119
1941-04-18,22.357,NA,NA,NA,286.116
1941-04-19,22.357,NA,NA,NA,286.116
1941-04-20,22.28,NA,NA,NA,286.113
1941-04-21,22.203,NA,NA,NA,286.11
1941-04-22,21.972,NA,NA,NA,286.101
1941-04-23,21.74,NA,NA,NA,286.091
1941-04-24,21.432,NA,NA,NA,286.079
1941-04-25,21.201,NA,NA,NA,286.07
1941-04-26,20.969,NA,NA,NA,286.061
1941-04-27,20.661,NA,NA,NA,286.049
1941-04-28,20.276,NA,NA,NA,286.033
1941-04-29,19.89,NA,NA,NA,286.018
1941-04-30,19.427,NA,NA,NA,286
1941-05-01,19.042,NA,NA,NA,285.985
1941-05-02,18.656,NA,NA,NA,285.969
1941-05-03,18.502,NA,NA,NA,285.963
1941-05-04,18.426,NA,NA,NA,285.96
1941-05-05,18.272,NA,NA,NA,285.954
1941-05-06,18.117,NA,NA,NA,285.948
1941-05-07,18.04,NA,NA,NA,285.945
1941-05-08,17.885,NA,NA,NA,285.939
1941-05-09,17.809,NA,NA,NA,285.936
1941-05-10,17.655,NA,NA,NA,285.93
1941-05-11,17.501,NA,NA,NA,285.924
1941-05-12,17.038,NA,NA,NA,285.905
1941-05-13,16.594,NA,NA,NA,285.881
1941-05-14,16.279,NA,NA,NA,285.863
1941-05-15,16.122,NA,NA,NA,285.854
1941-05-16,15.965,NA,NA,NA,285.844
1941-05-17,15.807,NA,NA,NA,285.835
1941-05-18,15.65,NA,NA,NA,285.826
1941-05-19,15.546,NA,NA,NA,285.82
1941-05-20,15.546,NA,NA,NA,285.82
1941-05-21,15.493,NA,NA,NA,285.817
1941-05-22,15.493,NA,NA,NA,285.817
1941-05-23,15.493,NA,NA,NA,285.817
1941-05-24,15.493,NA,NA,NA,285.817
1941-05-25,15.441,NA,NA,NA,285.814
1941-05-26,15.441,NA,NA,NA,285.814
1941-05-27,15.441,NA,NA,NA,285.814
1941-05-28,15.441,NA,NA,NA,285.814
1941-05-29,15.388,NA,NA,NA,285.811
1941-05-30,15.388,NA,NA,NA,285.811
1941-05-31,15.388,NA,NA,NA,285.811
1941-06-01,15.388,NA,NA,NA,285.811
1941-06-02,15.388,NA,NA,NA,285.811
1941-06-03,15.388,NA,NA,NA,285.811
1941-06-04,15.388,NA,NA,NA,285.811
1941-06-05,15.493,NA,NA,NA,285.817
1941-06-06,15.597,NA,NA,NA,285.823
1941-06-07,15.755,NA,NA,NA,285.832
1941-06-08,15.912,NA,NA,NA,285.841
1941-06-09,16.07,NA,NA,NA,285.851
1941-06-10,16.175,NA,NA,NA,285.857
1941-06-11,16.331,NA,NA,NA,285.866
1941-06-12,16.489,NA,NA,NA,285.875
1941-06-13,16.646,NA,NA,NA,285.884
1941-06-14,16.699,NA,NA,NA,285.887
1941-06-15,16.751,NA,NA,NA,285.89
1941-06-16,16.804,NA,NA,NA,285.893
1941-06-17,16.856,NA,NA,NA,285.896
1941-06-18,16.909,NA,NA,NA,285.899
1941-06-19,16.96,NA,NA,NA,285.902
1941-06-20,16.96,NA,NA,NA,285.902
1941-06-21,16.96,NA,NA,NA,285.902
1941-06-22,17.038,NA,NA,NA,285.905
1941-06-23,17.038,NA,NA,NA,285.905
1941-06-24,17.038,NA,NA,NA,285.905
1941-06-25,17.115,NA,NA,NA,285.908
1941-06-26,17.115,NA,NA,NA,285.908
1941-06-27,17.115,NA,NA,NA,285.908
1941-06-28,17.115,NA,NA,NA,285.908
1941-06-29,17.038,NA,NA,NA,285.905
1941-06-30,16.96,NA,NA,NA,285.902
1941-07-01,16.96,NA,NA,NA,285.902
1941-07-02,16.909,NA,NA,NA,285.899
1941-07-03,16.856,NA,NA,NA,285.896
1941-07-04,16.856,NA,NA,NA,285.896
1941-07-05,16.804,NA,NA,NA,285.893
1941-07-06,16.751,NA,NA,NA,285.89
1941-07-07,16.646,NA,NA,NA,285.884
1941-07-08,16.541,NA,NA,NA,285.878
1941-07-09,16.384,NA,NA,NA,285.869
1941-07-10,16.279,NA,NA,NA,285.863
1941-07-11,16.175,NA,NA,NA,285.857
1941-07-12,16.07,NA,NA,NA,285.851
1941-07-13,16.017,NA,NA,NA,285.848
1941-07-14,15.965,NA,NA,NA,285.844
1941-07-15,15.912,NA,NA,NA,285.841
1941-07-16,15.86,NA,NA,NA,285.838
1941-07-17,15.807,NA,NA,NA,285.835
1941-07-18,15.755,NA,NA,NA,285.832
1941-07-19,15.702,NA,NA,NA,285.829
1941-07-20,15.702,NA,NA,NA,285.829
1941-07-21,15.65,NA,NA,NA,285.826
1941-07-22,15.597,NA,NA,NA,285.823
1941-07-23,15.546,NA,NA,NA,285.82
1941-07-24,15.493,NA,NA,NA,285.817
1941-07-25,15.493,NA,NA,NA,285.817
1941-07-26,15.441,NA,NA,NA,285.814
1941-07-27,15.388,NA,NA,NA,285.811
1941-07-28,15.441,NA,NA,NA,285.814
1941-07-29,15.702,NA,NA,NA,285.829
1941-07-30,15.912,NA,NA,NA,285.841
1941-07-31,16.07,NA,NA,NA,285.851
1941-08-01,16.279,NA,NA,NA,285.863
1941-08-02,16.384,NA,NA,NA,285.869
1941-08-03,16.279,NA,NA,NA,285.863
1941-08-04,16.122,NA,NA,NA,285.854
1941-08-05,16.017,NA,NA,NA,285.848
1941-08-06,15.86,NA,NA,NA,285.838
1941-08-07,15.755,NA,NA,NA,285.832
1941-08-08,15.65,NA,NA,NA,285.826
1941-08-09,15.546,NA,NA,NA,285.82
1941-08-10,15.493,NA,NA,NA,285.817
1941-08-11,15.493,NA,NA,NA,285.817
1941-08-12,15.441,NA,NA,NA,285.814
1941-08-13,15.441,NA,NA,NA,285.814
1941-08-14,15.388,NA,NA,NA,285.811
1941-08-15,15.388,NA,NA,NA,285.811
1941-08-16,15.388,NA,NA,NA,285.811
1941-08-17,15.336,NA,NA,NA,285.808
1941-08-18,15.336,NA,NA,NA,285.808
1941-08-19,15.283,NA,NA,NA,285.805
1941-08-20,15.283,NA,NA,NA,285.805
1941-08-21,15.283,NA,NA,NA,285.805
1941-08-22,15.336,NA,NA,NA,285.808
1941-08-23,15.336,NA,NA,NA,285.808
1941-08-24,15.388,NA,NA,NA,285.811
1941-08-25,15.441,NA,NA,NA,285.814
1941-08-26,15.546,NA,NA,NA,285.82
1941-08-27,15.755,NA,NA,NA,285.832
1941-08-28,15.965,NA,NA,NA,285.844
1941-08-29,16.175,NA,NA,NA,285.857
1941-08-30,16.384,NA,NA,NA,285.869
1941-08-31,16.384,NA,NA,NA,285.869
1941-09-01,16.384,NA,NA,NA,285.869
1941-09-02,15.965,NA,NA,NA,285.844
1941-09-03,15.493,NA,NA,NA,285.817
1941-09-04,15.021,NA,NA,NA,285.79
1941-09-05,14.759,NA,NA,NA,285.774
1941-09-06,14.549,NA,NA,NA,285.762
1941-09-07,14.339,NA,NA,NA,285.75
1941-09-08,14.234,NA,NA,NA,285.744
1941-09-09,14.183,NA,NA,NA,285.741
1941-09-10,14.078,NA,NA,NA,285.735
1941-09-11,14.025,NA,NA,NA,285.732
1941-09-12,14.025,NA,NA,NA,285.732
1941-09-13,14.183,NA,NA,NA,285.741
1941-09-14,14.392,NA,NA,NA,285.753
1941-09-15,14.549,NA,NA,NA,285.762
1941-09-16,14.863,NA,NA,NA,285.78
1941-09-17,15.178,NA,NA,NA,285.799
1941-09-18,15.388,NA,NA,NA,285.811
1941-09-19,15.493,NA,NA,NA,285.817
1941-09-20,15.597,NA,NA,NA,285.823
1941-09-21,15.702,NA,NA,NA,285.829
1941-09-22,15.755,NA,NA,NA,285.832
1941-09-23,15.755,NA,NA,NA,285.832
1941-09-24,15.755,NA,NA,NA,285.832
1941-09-25,15.755,NA,NA,NA,285.832
1941-09-26,15.702,NA,NA,NA,285.829
1941-09-27,15.597,NA,NA,NA,285.823
1941-09-28,15.546,NA,NA,NA,285.82
1941-09-29,15.441,NA,NA,NA,285.814
1941-09-30,15.597,NA,NA,NA,285.823
1941-10-01,15.755,NA,NA,NA,285.832
1941-10-02,15.912,NA,NA,NA,285.841
1941-10-03,16.175,NA,NA,NA,285.857
1941-10-04,16.384,NA,NA,NA,285.869
1941-10-05,16.384,NA,NA,NA,285.869
1941-10-06,16.384,NA,NA,NA,285.869
1941-10-07,16.331,NA,NA,NA,285.866
1941-10-08,16.331,NA,NA,NA,285.866
1941-10-09,16.331,NA,NA,NA,285.866
1941-10-10,16.279,NA,NA,NA,285.863
1941-10-11,16.279,NA,NA,NA,285.863
1941-10-12,16.279,NA,NA,NA,285.863
1941-10-13,16.226,NA,NA,NA,285.86
1941-10-14,16.226,NA,NA,NA,285.86
1941-10-15,16.226,NA,NA,NA,285.86
1941-10-16,16.226,NA,NA,NA,285.86
1941-10-17,16.175,NA,NA,NA,285.857
1941-10-18,16.122,NA,NA,NA,285.854
1941-10-19,16.122,NA,NA,NA,285.854
1941-10-20,16.122,NA,NA,NA,285.854
1941-10-21,16.122,NA,NA,NA,285.854
1941-10-22,16.07,NA,NA,NA,285.851
1941-10-23,16.07,NA,NA,NA,285.851
1941-10-24,16.07,NA,NA,NA,285.851
1941-10-25,16.07,NA,NA,NA,285.851
1941-10-26,16.07,NA,NA,NA,285.851
1941-10-27,16.017,NA,NA,NA,285.848
1941-10-28,16.017,NA,NA,NA,285.848
1941-10-29,16.017,NA,NA,NA,285.848
1941-10-30,16.017,NA,NA,NA,285.848
1941-10-31,16.017,NA,NA,NA,285.848
1941-11-01,15.965,NA,NA,NA,285.844
1941-11-02,15.965,NA,NA,NA,285.844
1941-11-03,15.965,NA,NA,NA,285.844
1941-11-04,15.965,NA,NA,NA,285.844
1941-11-05,15.965,NA,NA,NA,285.844
1941-11-06,15.965,NA,NA,NA,285.844
1941-11-07,15.965,NA,NA,NA,285.844
1941-11-08,15.965,NA,NA,NA,285.844
1941-11-09,15.965,NA,NA,NA,285.844
1941-11-10,15.965,NA,NA,NA,285.844
1941-11-11,15.965,NA,NA,NA,285.844
1941-11-12,15.965,NA,NA,NA,285.844
1941-11-13,15.912,NA,NA,NA,285.841
1941-11-14,15.912,NA,NA,NA,285.841
1941-11-15,15.912,NA,NA,NA,285.841
1941-11-16,15.912,NA,NA,NA,285.841
1941-11-17,15.912,NA,NA,NA,285.841
1941-11-18,15.912,NA,NA,NA,285.841
1941-11-19,15.912,NA,NA,NA,285.841
1941-11-20,15.912,NA,NA,NA,285.841
1941-11-21,15.912,NA,NA,NA,285.841
1941-11-22,15.86,NA,NA,NA,285.838
1941-11-23,15.86,NA,NA,NA,285.838
1941-11-24,15.86,NA,NA,NA,285.838
1941-11-25,15.86,NA,NA,NA,285.838
1941-11-26,15.86,NA,NA,NA,285.838
1941-11-27,15.86,NA,NA,NA,285.838
1941-11-28,15.86,NA,NA,NA,285.838
1941-11-29,15.86,NA,NA,NA,285.838
1941-11-30,15.912,NA,NA,NA,285.841
1941-12-01,NA,NA,NA,NA,NA
1941-12-02,NA,NA,NA,NA,NA
1941-12-03,NA,NA,NA,NA,NA
1941-12-04,NA,NA,NA,NA,NA
1941-12-05,NA,NA,NA,NA,NA
1941-12-06,NA,NA,NA,NA,NA
1941-12-07,NA,NA,NA,NA,NA
1941-12-08,NA,NA,NA,NA,NA
1941-12-09,NA,NA,NA,NA,NA
1941-12-10,NA,NA,NA,NA,NA
1941-12-11,NA,NA,NA,NA,NA
1941-12-12,NA,NA,NA,NA,NA
1941-12-13,NA,NA,NA,NA,NA
1941-12-14,NA,NA,NA,NA,NA
1941-12-15,NA,NA,NA,NA,NA
1941-12-16,NA,NA,NA,NA,NA
1941-12-17,NA,NA,NA,NA,NA
1941-12-18,NA,NA,NA,NA,NA
1941-12-19,NA,NA,NA,NA,NA
1941-12-20,NA,NA,NA,NA,NA
1941-12-21,NA,NA,NA,NA,NA
1941-12-22,NA,NA,NA,NA,NA
1941-12-23,NA,NA,NA,NA,NA
1941-12-24,NA,NA,NA,NA,NA
1941-12-25,NA,NA,NA,NA,NA
1941-12-26,NA,NA,NA,NA,NA
1941-12-27,NA,NA,NA,NA,NA
1941-12-28,NA,NA,NA,NA,NA
1941-12-29,NA,NA,NA,NA,NA
1941-12-30,NA,NA,NA,NA,NA
1941-12-31,NA,NA,NA,NA,NA
1942-01-01,NA,NA,NA,NA,NA
1942-01-02,NA,NA,NA,NA,NA
1942-01-03,NA,NA,NA,NA,NA
1942-01-04,NA,NA,NA,NA,NA
1942-01-05,NA,NA,NA,NA,NA
1942-01-06,NA,NA,NA,NA,NA
1942-01-07,NA,NA,NA,NA,NA
1942-01-08,NA,NA,NA,NA,NA
1942-01-09,NA,NA,NA,NA,NA
1942-01-10,NA,NA,NA,NA,NA
1942-01-11,NA,NA,NA,NA,NA
1942-01-12,NA,NA,NA,NA,NA
1942-01-13,NA,NA,NA,NA,NA
1942-01-14,NA,NA,NA,NA,NA
1942-01-15,NA,NA,NA,NA,NA
1942-01-16,NA,NA,NA,NA,NA
1942-01-17,NA,NA,NA,NA,NA
1942-01-18,NA,NA,NA,NA,NA
1942-01-19,NA,NA,NA,NA,NA
1942-01-20,NA,NA,NA,NA,NA
1942-01-21,NA,NA,NA,NA,NA
1942-01-22,NA,NA,NA,NA,NA
1942-01-23,NA,NA,NA,NA,NA
1942-01-24,NA,NA,NA,NA,NA
1942-01-25,NA,NA,NA,NA,NA
1942-01-26,NA,NA,NA,NA,NA
1942-01-27,NA,NA,NA,NA,NA
1942-01-28,NA,NA,NA,NA,NA
1942-01-29,NA,NA,NA,NA,NA
1942-01-30,NA,NA,NA,NA,NA
1942-01-31,NA,NA,NA,NA,NA
1942-02-01,NA,NA,NA,NA,NA
1942-02-02,NA,NA,NA,NA,NA
1942-02-03,NA,NA,NA,NA,NA
1942-02-04,NA,NA,NA,NA,NA
1942-02-05,NA,NA,NA,NA,NA
1942-02-06,NA,NA,NA,NA,NA
1942-02-07,NA,NA,NA,NA,NA
1942-02-08,NA,NA,NA,NA,NA
1942-02-09,NA,NA,NA,NA,NA
1942-02-10,NA,NA,NA,NA,NA
1942-02-11,NA,NA,NA,NA,NA
1942-02-12,NA,NA,NA,NA,NA
1942-02-13,NA,NA,NA,NA,NA
1942-02-14,NA,NA,NA,NA,NA
1942-02-15,NA,NA,NA,NA,NA
1942-02-16,NA,NA,NA,NA,NA
1942-02-17,NA,NA,NA,NA,NA
1942-02-18,NA,NA,NA,NA,NA
1942-02-19,NA,NA,NA,NA,NA
1942-02-20,NA,NA,NA,NA,NA
1942-02-21,NA,NA,NA,NA,NA
1942-02-22,NA,NA,NA,NA,NA
1942-02-23,NA,NA,NA,NA,NA
1942-02-24,NA,NA,NA,NA,NA
1942-02-25,NA,NA,NA,NA,NA
1942-02-26,NA,NA,NA,NA,NA
1942-02-27,NA,NA,NA,NA,NA
1942-02-28,NA,NA,NA,NA,NA
1942-03-01,NA,NA,NA,NA,NA
1942-03-02,NA,NA,NA,NA,NA
1942-03-03,NA,NA,NA,NA,NA
1942-03-04,NA,NA,NA,NA,NA
1942-03-05,NA,NA,NA,NA,NA
1942-03-06,NA,NA,NA,NA,NA
1942-03-07,NA,NA,NA,NA,NA
1942-03-08,NA,NA,NA,NA,NA
1942-03-09,NA,NA,NA,NA,NA
1942-03-10,NA,NA,NA,NA,NA
1942-03-11,NA,NA,NA,NA,NA
1942-03-12,NA,NA,NA,NA,NA
1942-03-13,NA,NA,NA,NA,NA
1942-03-14,NA,NA,NA,NA,NA
1942-03-15,NA,NA,NA,NA,NA
1942-03-16,NA,NA,NA,NA,NA
1942-03-17,NA,NA,NA,NA,NA
1942-03-18,NA,NA,NA,NA,NA
1942-03-19,NA,NA,NA,NA,NA
1942-03-20,NA,NA,NA,NA,NA
1942-03-21,NA,NA,NA,NA,NA
1942-03-22,NA,NA,NA,NA,NA
1942-03-23,NA,NA,NA,NA,NA
1942-03-24,NA,NA,NA,NA,NA
1942-03-25,NA,NA,NA,NA,NA
1942-03-26,NA,NA,NA,NA,NA
1942-03-27,NA,NA,NA,NA,NA
1942-03-28,NA,NA,NA,NA,NA
1942-03-29,NA,NA,NA,NA,NA
1942-03-30,NA,NA,NA,NA,NA
1942-03-31,NA,NA,NA,NA,NA
1942-04-01,NA,NA,NA,NA,NA
1942-04-02,NA,NA,NA,NA,NA
1942-04-03,NA,NA,NA,NA,NA
1942-04-04,NA,NA,NA,NA,NA
1942-04-05,NA,NA,NA,NA,NA
1942-04-06,NA,NA,NA,NA,NA
1942-04-07,NA,NA,NA,NA,NA
1942-04-08,NA,NA,NA,NA,NA
1942-04-09,NA,NA,NA,NA,NA
1942-04-10,NA,NA,NA,NA,NA
1942-04-11,NA,NA,NA,NA,NA
1942-04-12,NA,NA,NA,NA,NA
1942-04-13,NA,NA,NA,NA,NA
1942-04-14,NA,NA,NA,NA,NA
1942-04-15,NA,NA,NA,NA,NA
1942-04-16,NA,NA,NA,NA,NA
1942-04-17,NA,NA,NA,NA,NA
1942-04-18,14.863,NA,NA,NA,285.78
1942-04-19,15.388,NA,NA,NA,285.811
1942-04-20,15.912,NA,NA,NA,285.841
1942-04-21,15.912,NA,NA,NA,285.841
1942-04-22,15.912,NA,NA,NA,285.841
1942-04-23,15.912,NA,NA,NA,285.841
1942-04-24,16.175,NA,NA,NA,285.857
1942-04-25,16.175,NA,NA,NA,285.857
1942-04-26,16.436,NA,NA,NA,285.872
1942-04-27,16.96,NA,NA,NA,285.902
1942-04-28,17.731,NA,NA,NA,285.933
1942-04-29,18.502,NA,NA,NA,285.963
1942-04-30,19.273,NA,NA,NA,285.994
1942-05-01,20.044,NA,NA,NA,286.024
1942-05-02,20.815,NA,NA,NA,286.055
1942-05-03,21.586,NA,NA,NA,286.085
1942-05-04,21.586,NA,NA,NA,286.085
1942-05-05,21.972,NA,NA,NA,286.101
1942-05-06,22.357,NA,NA,NA,286.116
1942-05-07,22.511,NA,NA,NA,286.122
1942-05-08,22.665,NA,NA,NA,286.128
1942-05-09,22.819,NA,NA,NA,286.134
1942-05-10,22.974,NA,NA,NA,286.14
1942-05-11,23.128,NA,NA,NA,286.146
1942-05-12,23.514,NA,NA,NA,286.161
1942-05-13,23.899,NA,NA,NA,286.177
1942-05-14,24.67,NA,NA,NA,286.207
1942-05-15,25.564,NA,NA,NA,286.238
1942-05-16,26.458,NA,NA,NA,286.268
1942-05-17,29.141,NA,NA,NA,286.36
1942-05-18,33.612,NA,NA,NA,286.512
1942-05-19,31.824,NA,NA,NA,286.451
1942-05-20,31.824,NA,NA,NA,286.451
1942-05-21,31.824,NA,NA,NA,286.451
1942-05-22,31.824,NA,NA,NA,286.451
1942-05-23,31.824,NA,NA,NA,286.451
1942-05-24,31.824,NA,NA,NA,286.451
1942-05-25,31.824,NA,NA,NA,286.451
1942-05-26,31.824,NA,NA,NA,286.451
1942-05-27,31.824,NA,NA,NA,286.451
1942-05-28,30.035,NA,NA,NA,286.39
1942-05-29,31.824,NA,NA,NA,286.451
1942-05-30,32.718,NA,NA,NA,286.482
1942-05-31,33.612,NA,NA,NA,286.512
1942-06-01,35.524,NA,NA,NA,286.573
1942-06-02,37.436,NA,NA,NA,286.634
1942-06-03,38.392,NA,NA,NA,286.664
1942-06-04,39.348,NA,NA,NA,286.695
1942-06-05,39.348,NA,NA,NA,286.695
1942-06-06,38.392,NA,NA,NA,286.664
1942-06-07,38.392,NA,NA,NA,286.664
1942-06-08,38.392,NA,NA,NA,286.664
1942-06-09,38.392,NA,NA,NA,286.664
1942-06-10,39.348,NA,NA,NA,286.695
1942-06-11,39.348,NA,NA,NA,286.695
1942-06-12,38.392,NA,NA,NA,286.664
1942-06-13,37.436,NA,NA,NA,286.634
1942-06-14,36.48,NA,NA,NA,286.603
1942-06-15,35.524,NA,NA,NA,286.573
1942-06-16,33.612,NA,NA,NA,286.512
1942-06-17,33.612,NA,NA,NA,286.512
1942-06-18,32.718,NA,NA,NA,286.482
1942-06-19,31.824,NA,NA,NA,286.451
1942-06-20,30.93,NA,NA,NA,286.421
1942-06-21,30.93,NA,NA,NA,286.421
1942-06-22,30.035,NA,NA,NA,286.39
1942-06-23,30.035,NA,NA,NA,286.39
1942-06-24,29.141,NA,NA,NA,286.36
1942-06-25,29.141,NA,NA,NA,286.36
1942-06-26,29.141,NA,NA,NA,286.36
1942-06-27,29.141,NA,NA,NA,286.36
1942-06-28,30.035,NA,NA,NA,286.39
1942-06-29,30.93,NA,NA,NA,286.421
1942-06-30,30.035,NA,NA,NA,286.39
1942-07-01,29.141,NA,NA,NA,286.36
1942-07-02,29.141,NA,NA,NA,286.36
1942-07-03,28.247,NA,NA,NA,286.329
1942-07-04,27.352,NA,NA,NA,286.299
1942-07-05,27.352,NA,NA,NA,286.299
1942-07-06,27.352,NA,NA,NA,286.299
1942-07-07,26.458,NA,NA,NA,286.268
1942-07-08,26.458,NA,NA,NA,286.268
1942-07-09,26.458,NA,NA,NA,286.268
1942-07-10,26.458,NA,NA,NA,286.268
1942-07-11,25.564,NA,NA,NA,286.238
1942-07-12,25.564,NA,NA,NA,286.238
1942-07-13,25.564,NA,NA,NA,286.238
1942-07-14,25.564,NA,NA,NA,286.238
1942-07-15,24.67,NA,NA,NA,286.207
1942-07-16,24.67,NA,NA,NA,286.207
1942-07-17,24.67,NA,NA,NA,286.207
1942-07-18,24.67,NA,NA,NA,286.207
1942-07-19,24.67,NA,NA,NA,286.207
1942-07-20,24.67,NA,NA,NA,286.207
1942-07-21,23.899,NA,NA,NA,286.177
1942-07-22,23.899,NA,NA,NA,286.177
1942-07-23,23.128,NA,NA,NA,286.146
1942-07-24,23.128,NA,NA,NA,286.146
1942-07-25,23.128,NA,NA,NA,286.146
1942-07-26,23.128,NA,NA,NA,286.146
1942-07-27,22.357,NA,NA,NA,286.116
1942-07-28,22.357,NA,NA,NA,286.116
1942-07-29,22.357,NA,NA,NA,286.116
1942-07-30,22.357,NA,NA,NA,286.116
1942-07-31,22.357,NA,NA,NA,286.116
1942-08-01,21.972,NA,NA,NA,286.101
1942-08-02,21.586,NA,NA,NA,286.085
1942-08-03,21.201,NA,NA,NA,286.07
1942-08-04,20.815,NA,NA,NA,286.055
1942-08-05,20.43,NA,NA,NA,286.04
1942-08-06,20.044,NA,NA,NA,286.024
1942-08-07,20.044,NA,NA,NA,286.024
1942-08-08,20.044,NA,NA,NA,286.024
1942-08-09,20.044,NA,NA,NA,286.024
1942-08-10,21.586,NA,NA,NA,286.085
1942-08-11,20.815,NA,NA,NA,286.055
1942-08-12,20.815,NA,NA,NA,286.055
1942-08-13,20.815,NA,NA,NA,286.055
1942-08-14,20.815,NA,NA,NA,286.055
1942-08-15,20.815,NA,NA,NA,286.055
1942-08-16,20.815,NA,NA,NA,286.055
1942-08-17,20.815,NA,NA,NA,286.055
1942-08-18,20.815,NA,NA,NA,286.055
1942-08-19,20.815,NA,NA,NA,286.055
1942-08-20,20.815,NA,NA,NA,286.055
1942-08-21,20.815,NA,NA,NA,286.055
1942-08-22,21.586,NA,NA,NA,286.085
1942-08-23,20.815,NA,NA,NA,286.055
1942-08-24,20.044,NA,NA,NA,286.024
1942-08-25,20.044,NA,NA,NA,286.024
1942-08-26,20.044,NA,NA,NA,286.024
1942-08-27,20.044,NA,NA,NA,286.024
1942-08-28,20.044,NA,NA,NA,286.024
1942-08-29,19.273,NA,NA,NA,285.994
1942-08-30,19.273,NA,NA,NA,285.994
1942-08-31,20.815,NA,NA,NA,286.055
1942-09-01,21.586,NA,NA,NA,286.085
1942-09-02,22.357,NA,NA,NA,286.116
1942-09-03,22.357,NA,NA,NA,286.116
1942-09-04,22.357,NA,NA,NA,286.116
1942-09-05,22.357,NA,NA,NA,286.116
1942-09-06,22.357,NA,NA,NA,286.116
1942-09-07,22.357,NA,NA,NA,286.116
1942-09-08,22.357,NA,NA,NA,286.116
1942-09-09,22.357,NA,NA,NA,286.116
1942-09-10,22.357,NA,NA,NA,286.116
1942-09-11,22.357,NA,NA,NA,286.116
1942-09-12,22.357,NA,NA,NA,286.116
1942-09-13,22.357,NA,NA,NA,286.116
1942-09-14,22.357,NA,NA,NA,286.116
1942-09-15,22.357,NA,NA,NA,286.116
1942-09-16,22.357,NA,NA,NA,286.116
1942-09-17,23.128,NA,NA,NA,286.146
1942-09-18,23.128,NA,NA,NA,286.146
1942-09-19,23.128,NA,NA,NA,286.146
1942-09-20,23.128,NA,NA,NA,286.146
1942-09-21,23.128,NA,NA,NA,286.146
1942-09-22,23.128,NA,NA,NA,286.146
1942-09-23,23.128,NA,NA,NA,286.146
1942-09-24,23.128,NA,NA,NA,286.146
1942-09-25,NA,NA,NA,NA,NA
1942-09-26,NA,NA,NA,NA,NA
1942-09-27,NA,NA,NA,NA,NA
1942-09-28,NA,NA,NA,NA,NA
1942-09-29,NA,NA,NA,NA,NA
1942-09-30,NA,NA,NA,NA,NA
1942-10-01,NA,NA,NA,NA,NA
1942-10-02,NA,NA,NA,NA,NA
1942-10-03,NA,NA,NA,NA,NA
1942-10-04,NA,NA,NA,NA,NA
1942-10-05,NA,NA,NA,NA,NA
1942-10-06,NA,NA,NA,NA,NA
1942-10-07,NA,NA,NA,NA,NA
1942-10-08,NA,NA,NA,NA,NA
1942-10-09,NA,NA,NA,NA,NA
1942-10-10,NA,NA,NA,NA,NA
1942-10-11,NA,NA,NA,NA,NA
1942-10-12,NA,NA,NA,NA,NA
1942-10-13,NA,NA,NA,NA,NA
1942-10-14,NA,NA,NA,NA,NA
1942-10-15,NA,NA,NA,NA,NA
1942-10-16,NA,NA,NA,NA,NA
1942-10-17,NA,NA,NA,NA,NA
1942-10-18,NA,NA,NA,NA,NA
1942-10-19,NA,NA,NA,NA,NA
1942-10-20,NA,NA,NA,NA,NA
1942-10-21,NA,NA,NA,NA,NA
1942-10-22,NA,NA,NA,NA,NA
1942-10-23,NA,NA,NA,NA,NA
1942-10-24,NA,NA,NA,NA,NA
1942-10-25,NA,NA,NA,NA,NA
1942-10-26,NA,NA,NA,NA,NA
1942-10-27,NA,NA,NA,NA,NA
1942-10-28,NA,NA,NA,NA,NA
1942-10-29,NA,NA,NA,NA,NA
1942-10-30,NA,NA,NA,NA,NA
1942-10-31,NA,NA,NA,NA,NA
1942-11-01,NA,NA,NA,NA,NA
1942-11-02,NA,NA,NA,NA,NA
1942-11-03,NA,NA,NA,NA,NA
1942-11-04,NA,NA,NA,NA,NA
1942-11-05,NA,NA,NA,NA,NA
1942-11-06,NA,NA,NA,NA,NA
1942-11-07,NA,NA,NA,NA,NA
1942-11-08,NA,NA,NA,NA,NA
1942-11-09,NA,NA,NA,NA,NA
1942-11-10,NA,NA,NA,NA,NA
1942-11-11,NA,NA,NA,NA,NA
1942-11-12,NA,NA,NA,NA,NA
1942-11-13,NA,NA,NA,NA,NA
1942-11-14,NA,NA,NA,NA,NA
1942-11-15,NA,NA,NA,NA,NA
1942-11-16,NA,NA,NA,NA,NA
1942-11-17,NA,NA,NA,NA,NA
1942-11-18,NA,NA,NA,NA,NA
1942-11-19,NA,NA,NA,NA,NA
1942-11-20,NA,NA,NA,NA,NA
1942-11-21,NA,NA,NA,NA,NA
1942-11-22,NA,NA,NA,NA,NA
1942-11-23,NA,NA,NA,NA,NA
1942-11-24,NA,NA,NA,NA,NA
1942-11-25,NA,NA,NA,NA,NA
1942-11-26,NA,NA,NA,NA,NA
1942-11-27,NA,NA,NA,NA,NA
1942-11-28,NA,NA,NA,NA,NA
1942-11-29,NA,NA,NA,NA,NA
1942-11-30,NA,NA,NA,NA,NA
1942-12-01,NA,NA,NA,NA,NA
1942-12-02,NA,NA,NA,NA,NA
1942-12-03,NA,NA,NA,NA,NA
1942-12-04,NA,NA,NA,NA,NA
1942-12-05,NA,NA,NA,NA,NA
1942-12-06,NA,NA,NA,NA,NA
1942-12-07,NA,NA,NA,NA,NA
1942-12-08,NA,NA,NA,NA,NA
1942-12-09,NA,NA,NA,NA,NA
1942-12-10,NA,NA,NA,NA,NA
1942-12-11,NA,NA,NA,NA,NA
1942-12-12,NA,NA,NA,NA,NA
1942-12-13,NA,NA,NA,NA,NA
1942-12-14,NA,NA,NA,NA,NA
1942-12-15,NA,NA,NA,NA,NA
1942-12-16,NA,NA,NA,NA,NA
1942-12-17,NA,NA,NA,NA,NA
1942-12-18,NA,NA,NA,NA,NA
1942-12-19,NA,NA,NA,NA,NA
1942-12-20,NA,NA,NA,NA,NA
1942-12-21,NA,NA,NA,NA,NA
1942-12-22,NA,NA,NA,NA,NA
1942-12-23,NA,NA,NA,NA,NA
1942-12-24,NA,NA,NA,NA,NA
1942-12-25,NA,NA,NA,NA,NA
1942-12-26,NA,NA,NA,NA,NA
1942-12-27,NA,NA,NA,NA,NA
1942-12-28,NA,NA,NA,NA,NA
1942-12-29,NA,NA,NA,NA,NA
1942-12-30,NA,NA,NA,NA,NA
1942-12-31,NA,NA,NA,NA,NA
1943-01-01,NA,NA,NA,NA,NA
1943-01-02,NA,NA,NA,NA,NA
1943-01-03,NA,NA,NA,NA,NA
1943-01-04,NA,NA,NA,NA,NA
1943-01-05,NA,NA,NA,NA,NA
1943-01-06,NA,NA,NA,NA,NA
1943-01-07,NA,NA,NA,NA,NA
1943-01-08,NA,NA,NA,NA,NA
1943-01-09,NA,NA,NA,NA,NA
1943-01-10,NA,NA,NA,NA,NA
1943-01-11,NA,NA,NA,NA,NA
1943-01-12,NA,NA,NA,NA,NA
1943-01-13,NA,NA,NA,NA,NA
1943-01-14,NA,NA,NA,NA,NA
1943-01-15,NA,NA,NA,NA,NA
1943-01-16,NA,NA,NA,NA,NA
1943-01-17,NA,NA,NA,NA,NA
1943-01-18,NA,NA,NA,NA,NA
1943-01-19,NA,NA,NA,NA,NA
1943-01-20,NA,NA,NA,NA,NA
1943-01-21,NA,NA,NA,NA,NA
1943-01-22,NA,NA,NA,NA,NA
1943-01-23,NA,NA,NA,NA,NA
1943-01-24,NA,NA,NA,NA,NA
1943-01-25,NA,NA,NA,NA,NA
1943-01-26,NA,NA,NA,NA,NA
1943-01-27,NA,NA,NA,NA,NA
1943-01-28,NA,NA,NA,NA,NA
1943-01-29,NA,NA,NA,NA,NA
1943-01-30,NA,NA,NA,NA,NA
1943-01-31,NA,NA,NA,NA,NA
1943-02-01,NA,NA,NA,NA,NA
1943-02-02,NA,NA,NA,NA,NA
1943-02-03,NA,NA,NA,NA,NA
1943-02-04,NA,NA,NA,NA,NA
1943-02-05,NA,NA,NA,NA,NA
1943-02-06,NA,NA,NA,NA,NA
1943-02-07,NA,NA,NA,NA,NA
1943-02-08,NA,NA,NA,NA,NA
1943-02-09,NA,NA,NA,NA,NA
1943-02-10,NA,NA,NA,NA,NA
1943-02-11,NA,NA,NA,NA,NA
1943-02-12,NA,NA,NA,NA,NA
1943-02-13,NA,NA,NA,NA,NA
1943-02-14,NA,NA,NA,NA,NA
1943-02-15,NA,NA,NA,NA,NA
1943-02-16,NA,NA,NA,NA,NA
1943-02-17,NA,NA,NA,NA,NA
1943-02-18,NA,NA,NA,NA,NA
1943-02-19,NA,NA,NA,NA,NA
1943-02-20,NA,NA,NA,NA,NA
1943-02-21,NA,NA,NA,NA,NA
1943-02-22,NA,NA,NA,NA,NA
1943-02-23,NA,NA,NA,NA,NA
1943-02-24,NA,NA,NA,NA,NA
1943-02-25,NA,NA,NA,NA,NA
1943-02-26,16.96,NA,NA,NA,285.902
1943-02-27,16.96,NA,NA,NA,285.902
1943-02-28,16.96,NA,NA,NA,285.902
1943-03-01,16.96,NA,NA,NA,285.902
1943-03-02,16.96,NA,NA,NA,285.902
1943-03-03,16.96,NA,NA,NA,285.902
1943-03-04,16.96,NA,NA,NA,285.902
1943-03-05,16.96,NA,NA,NA,285.902
1943-03-06,16.96,NA,NA,NA,285.902
1943-03-07,16.96,NA,NA,NA,285.902
1943-03-08,17.731,NA,NA,NA,285.933
1943-03-09,17.731,NA,NA,NA,285.933
1943-03-10,17.731,NA,NA,NA,285.933
1943-03-11,17.731,NA,NA,NA,285.933
1943-03-12,17.731,NA,NA,NA,285.933
1943-03-13,17.731,NA,NA,NA,285.933
1943-03-14,17.731,NA,NA,NA,285.933
1943-03-15,18.117,NA,NA,NA,285.948
1943-03-16,18.502,NA,NA,NA,285.963
1943-03-17,18.502,NA,NA,NA,285.963
1943-03-18,18.502,NA,NA,NA,285.963
1943-03-19,18.502,NA,NA,NA,285.963
1943-03-20,18.888,NA,NA,NA,285.979
1943-03-21,18.888,NA,NA,NA,285.979
1943-03-22,18.888,NA,NA,NA,285.979
1943-03-23,19.273,NA,NA,NA,285.994
1943-03-24,20.815,NA,NA,NA,286.055
1943-03-25,23.128,NA,NA,NA,286.146
1943-03-26,24.67,NA,NA,NA,286.207
1943-03-27,30.035,NA,NA,NA,286.39
1943-03-28,35.524,NA,NA,NA,286.573
1943-03-29,39.348,NA,NA,NA,286.695
1943-03-30,43.172,NA,NA,NA,286.817
1943-03-31,48.722,NA,NA,NA,286.969
1943-04-01,53.163,NA,NA,NA,287.091
1943-04-02,53.163,NA,NA,NA,287.091
1943-04-03,52.053,NA,NA,NA,287.061
1943-04-04,49.833,NA,NA,NA,287
1943-04-05,49.833,NA,NA,NA,287
1943-04-06,47.612,NA,NA,NA,286.939
1943-04-07,45.392,NA,NA,NA,286.878
1943-04-08,43.172,NA,NA,NA,286.817
1943-04-09,43.172,NA,NA,NA,286.817
1943-04-10,42.216,NA,NA,NA,286.786
1943-04-11,42.216,NA,NA,NA,286.786
1943-04-12,41.26,NA,NA,NA,286.756
1943-04-13,40.304,NA,NA,NA,286.725
1943-04-14,39.348,NA,NA,NA,286.695
1943-04-15,37.915,NA,NA,NA,286.649
1943-04-16,36.48,NA,NA,NA,286.603
1943-04-17,35.047,NA,NA,NA,286.558
1943-04-18,33.612,NA,NA,NA,286.512
1943-04-19,33.612,NA,NA,NA,286.512
1943-04-20,33.612,NA,NA,NA,286.512
1943-04-21,33.612,NA,NA,NA,286.512
1943-04-22,33.612,NA,NA,NA,286.512
1943-04-23,33.612,NA,NA,NA,286.512
1943-04-24,33.612,NA,NA,NA,286.512
1943-04-25,33.166,NA,NA,NA,286.497
1943-04-26,32.718,NA,NA,NA,286.482
1943-04-27,32.272,NA,NA,NA,286.466
1943-04-28,31.824,NA,NA,NA,286.451
1943-04-29,31.377,NA,NA,NA,286.436
1943-04-30,30.93,NA,NA,NA,286.421
1943-05-01,30.035,NA,NA,NA,286.39
1943-05-02,29.589,NA,NA,NA,286.375
1943-05-03,29.141,NA,NA,NA,286.36
1943-05-04,28.694,NA,NA,NA,286.344
1943-05-05,28.247,NA,NA,NA,286.329
1943-05-06,27.8,NA,NA,NA,286.314
1943-05-07,27.352,NA,NA,NA,286.299
1943-05-08,26.906,NA,NA,NA,286.283
1943-05-09,26.458,NA,NA,NA,286.268
1943-05-10,26.458,NA,NA,NA,286.268
1943-05-11,26.012,NA,NA,NA,286.253
1943-05-12,25.564,NA,NA,NA,286.238
1943-05-13,25.117,NA,NA,NA,286.222
1943-05-14,24.67,NA,NA,NA,286.207
1943-05-15,24.67,NA,NA,NA,286.207
1943-05-16,24.67,NA,NA,NA,286.207
1943-05-17,24.67,NA,NA,NA,286.207
1943-05-18,24.67,NA,NA,NA,286.207
1943-05-19,24.67,NA,NA,NA,286.207
1943-05-20,24.67,NA,NA,NA,286.207
1943-05-21,24.285,NA,NA,NA,286.192
1943-05-22,24.285,NA,NA,NA,286.192
1943-05-23,23.899,NA,NA,NA,286.177
1943-05-24,23.899,NA,NA,NA,286.177
1943-05-25,23.899,NA,NA,NA,286.177
1943-05-26,23.899,NA,NA,NA,286.177
1943-05-27,23.899,NA,NA,NA,286.177
1943-05-28,23.899,NA,NA,NA,286.177
1943-05-29,23.899,NA,NA,NA,286.177
1943-05-30,24.285,NA,NA,NA,286.192
1943-05-31,24.67,NA,NA,NA,286.207
1943-06-01,24.67,NA,NA,NA,286.207
1943-06-02,26.458,NA,NA,NA,286.268
1943-06-03,28.247,NA,NA,NA,286.329
1943-06-04,28.247,NA,NA,NA,286.329
1943-06-05,28.247,NA,NA,NA,286.329
1943-06-06,28.247,NA,NA,NA,286.329
1943-06-07,28.247,NA,NA,NA,286.329
1943-06-08,28.247,NA,NA,NA,286.329
1943-06-09,28.247,NA,NA,NA,286.329
1943-06-10,28.247,NA,NA,NA,286.329
1943-06-11,29.589,NA,NA,NA,286.375
1943-06-12,30.93,NA,NA,NA,286.421
1943-06-13,31.824,NA,NA,NA,286.451
1943-06-14,31.824,NA,NA,NA,286.451
1943-06-15,32.718,NA,NA,NA,286.482
1943-06-16,33.166,NA,NA,NA,286.497
1943-06-17,33.612,NA,NA,NA,286.512
1943-06-18,34.568,NA,NA,NA,286.542
1943-06-19,33.612,NA,NA,NA,286.512
1943-06-20,31.824,NA,NA,NA,286.451
1943-06-21,31.824,NA,NA,NA,286.451
1943-06-22,31.377,NA,NA,NA,286.436
1943-06-23,31.377,NA,NA,NA,286.436
1943-06-24,30.93,NA,NA,NA,286.421
1943-06-25,31.377,NA,NA,NA,286.436
1943-06-26,31.824,NA,NA,NA,286.451
1943-06-27,31.824,NA,NA,NA,286.451
1943-06-28,31.377,NA,NA,NA,286.436
1943-06-29,30.93,NA,NA,NA,286.421
1943-06-30,29.589,NA,NA,NA,286.375
1943-07-01,28.247,NA,NA,NA,286.329
1943-07-02,28.247,NA,NA,NA,286.329
1943-07-03,29.141,NA,NA,NA,286.36
1943-07-04,29.589,NA,NA,NA,286.375
1943-07-05,29.141,NA,NA,NA,286.36
1943-07-06,28.694,NA,NA,NA,286.344
1943-07-07,28.247,NA,NA,NA,286.329
1943-07-08,28.247,NA,NA,NA,286.329
1943-07-09,28.247,NA,NA,NA,286.329
1943-07-10,27.352,NA,NA,NA,286.299
1943-07-11,26.906,NA,NA,NA,286.283
1943-07-12,26.458,NA,NA,NA,286.268
1943-07-13,26.458,NA,NA,NA,286.268
1943-07-14,26.458,NA,NA,NA,286.268
1943-07-15,26.458,NA,NA,NA,286.268
1943-07-16,26.458,NA,NA,NA,286.268
1943-07-17,26.458,NA,NA,NA,286.268
1943-07-18,26.012,NA,NA,NA,286.253
1943-07-19,26.012,NA,NA,NA,286.253
1943-07-20,25.564,NA,NA,NA,286.238
1943-07-21,25.564,NA,NA,NA,286.238
1943-07-22,25.564,NA,NA,NA,286.238
1943-07-23,25.564,NA,NA,NA,286.238
1943-07-24,25.564,NA,NA,NA,286.238
1943-07-25,25.564,NA,NA,NA,286.238
1943-07-26,25.564,NA,NA,NA,286.238
1943-07-27,25.564,NA,NA,NA,286.238
1943-07-28,24.67,NA,NA,NA,286.207
1943-07-29,24.67,NA,NA,NA,286.207
1943-07-30,24.67,NA,NA,NA,286.207
1943-07-31,24.67,NA,NA,NA,286.207
1943-08-01,24.67,NA,NA,NA,286.207
1943-08-02,23.899,NA,NA,NA,286.177
1943-08-03,23.899,NA,NA,NA,286.177
1943-08-04,23.899,NA,NA,NA,286.177
1943-08-05,23.128,NA,NA,NA,286.146
1943-08-06,23.128,NA,NA,NA,286.146
1943-08-07,23.128,NA,NA,NA,286.146
1943-08-08,22.357,NA,NA,NA,286.116
1943-08-09,22.357,NA,NA,NA,286.116
1943-08-10,22.357,NA,NA,NA,286.116
1943-08-11,23.128,NA,NA,NA,286.146
1943-08-12,23.899,NA,NA,NA,286.177
1943-08-13,23.899,NA,NA,NA,286.177
1943-08-14,22.357,NA,NA,NA,286.116
1943-08-15,21.586,NA,NA,NA,286.085
1943-08-16,20.815,NA,NA,NA,286.055
1943-08-17,20.044,NA,NA,NA,286.024
1943-08-18,20.044,NA,NA,NA,286.024
1943-08-19,20.044,NA,NA,NA,286.024
1943-08-20,20.044,NA,NA,NA,286.024
1943-08-21,20.044,NA,NA,NA,286.024
1943-08-22,20.044,NA,NA,NA,286.024
1943-08-23,20.044,NA,NA,NA,286.024
1943-08-24,20.044,NA,NA,NA,286.024
1943-08-25,20.044,NA,NA,NA,286.024
1943-08-26,NA,NA,NA,NA,NA
1943-08-27,NA,NA,NA,NA,NA
1943-08-28,NA,NA,NA,NA,NA
1943-08-29,NA,NA,NA,NA,NA
1943-08-30,NA,NA,NA,NA,NA
1943-08-31,NA,NA,NA,NA,NA
1943-09-01,NA,NA,NA,NA,NA
1943-09-02,NA,NA,NA,NA,NA
1943-09-03,NA,NA,NA,NA,NA
1943-09-04,NA,NA,NA,NA,NA
1943-09-05,NA,NA,NA,NA,NA
1943-09-06,NA,NA,NA,NA,NA
1943-09-07,NA,NA,NA,NA,NA
1943-09-08,NA,NA,NA,NA,NA
1943-09-09,NA,NA,NA,NA,NA
1943-09-10,NA,NA,NA,NA,NA
1943-09-11,NA,NA,NA,NA,NA
1943-09-12,NA,NA,NA,NA,NA
1943-09-13,NA,NA,NA,NA,NA
1943-09-14,NA,NA,NA,NA,NA
1943-09-15,NA,NA,NA,NA,NA
1943-09-16,NA,NA,NA,NA,NA
1943-09-17,NA,NA,NA,NA,NA
1943-09-18,NA,NA,NA,NA,NA
1943-09-19,NA,NA,NA,NA,NA
1943-09-20,NA,NA,NA,NA,NA
1943-09-21,NA,NA,NA,NA,NA
1943-09-22,NA,NA,NA,NA,NA
1943-09-23,NA,NA,NA,NA,NA
1943-09-24,NA,NA,NA,NA,NA
1943-09-25,NA,NA,NA,NA,NA
1943-09-26,NA,NA,NA,NA,NA
1943-09-27,NA,NA,NA,NA,NA
1943-09-28,NA,NA,NA,NA,NA
1943-09-29,NA,NA,NA,NA,NA
1943-09-30,NA,NA,NA,NA,NA
1943-10-01,NA,NA,NA,NA,NA
1943-10-02,NA,NA,NA,NA,NA
1943-10-03,NA,NA,NA,NA,NA
1943-10-04,NA,NA,NA,NA,NA
1943-10-05,NA,NA,NA,NA,NA
1943-10-06,NA,NA,NA,NA,NA
1943-10-07,NA,NA,NA,NA,NA
1943-10-08,NA,NA,NA,NA,NA
1943-10-09,NA,NA,NA,NA,NA
1943-10-10,NA,NA,NA,NA,NA
1943-10-11,NA,NA,NA,NA,NA
1943-10-12,NA,NA,NA,NA,NA
1943-10-13,NA,NA,NA,NA,NA
1943-10-14,NA,NA,NA,NA,NA
1943-10-15,NA,NA,NA,NA,NA
1943-10-16,NA,NA,NA,NA,NA
1943-10-17,NA,NA,NA,NA,NA
1943-10-18,NA,NA,NA,NA,NA
1943-10-19,NA,NA,NA,NA,NA
1943-10-20,NA,NA,NA,NA,NA
1943-10-21,NA,NA,NA,NA,NA
1943-10-22,NA,NA,NA,NA,NA
1943-10-23,NA,NA,NA,NA,NA
1943-10-24,NA,NA,NA,NA,NA
1943-10-25,NA,NA,NA,NA,NA
1943-10-26,NA,NA,NA,NA,NA
1943-10-27,NA,NA,NA,NA,NA
1943-10-28,NA,NA,NA,NA,NA
1943-10-29,NA,NA,NA,NA,NA
1943-10-30,NA,NA,NA,NA,NA
1943-10-31,NA,NA,NA,NA,NA
1943-11-01,NA,NA,NA,NA,NA
1943-11-02,NA,NA,NA,NA,NA
1943-11-03,NA,NA,NA,NA,NA
1943-11-04,NA,NA,NA,NA,NA
1943-11-05,NA,NA,NA,NA,NA
1943-11-06,NA,NA,NA,NA,NA
1943-11-07,NA,NA,NA,NA,NA
1943-11-08,NA,NA,NA,NA,NA
1943-11-09,NA,NA,NA,NA,NA
1943-11-10,NA,NA,NA,NA,NA
1943-11-11,NA,NA,NA,NA,NA
1943-11-12,NA,NA,NA,NA,NA
1943-11-13,NA,NA,NA,NA,NA
1943-11-14,NA,NA,NA,NA,NA
1943-11-15,NA,NA,NA,NA,NA
1943-11-16,NA,NA,NA,NA,NA
1943-11-17,NA,NA,NA,NA,NA
1943-11-18,NA,NA,NA,NA,NA
1943-11-19,NA,NA,NA,NA,NA
1943-11-20,NA,NA,NA,NA,NA
1943-11-21,NA,NA,NA,NA,NA
1943-11-22,NA,NA,NA,NA,NA
1943-11-23,NA,NA,NA,NA,NA
1943-11-24,NA,NA,NA,NA,NA
1943-11-25,NA,NA,NA,NA,NA
1943-11-26,NA,NA,NA,NA,NA
1943-11-27,NA,NA,NA,NA,NA
1943-11-28,NA,NA,NA,NA,NA
1943-11-29,NA,NA,NA,NA,NA
1943-11-30,NA,NA,NA,NA,NA
1943-12-01,NA,NA,NA,NA,NA
1943-12-02,NA,NA,NA,NA,NA
1943-12-03,NA,NA,NA,NA,NA
1943-12-04,NA,NA,NA,NA,NA
1943-12-05,NA,NA,NA,NA,NA
1943-12-06,NA,NA,NA,NA,NA
1943-12-07,NA,NA,NA,NA,NA
1943-12-08,NA,NA,NA,NA,NA
1943-12-09,NA,NA,NA,NA,NA
1943-12-10,NA,NA,NA,NA,NA
1943-12-11,NA,NA,NA,NA,NA
1943-12-12,NA,NA,NA,NA,NA
1943-12-13,NA,NA,NA,NA,NA
1943-12-14,NA,NA,NA,NA,NA
1943-12-15,NA,NA,NA,NA,NA
1943-12-16,NA,NA,NA,NA,NA
1943-12-17,NA,NA,NA,NA,NA
1943-12-18,NA,NA,NA,NA,NA
1943-12-19,NA,NA,NA,NA,NA
1943-12-20,NA,NA,NA,NA,NA
1943-12-21,NA,NA,NA,NA,NA
1943-12-22,NA,NA,NA,NA,NA
1943-12-23,NA,NA,NA,NA,NA
1943-12-24,NA,NA,NA,NA,NA
1943-12-25,NA,NA,NA,NA,NA
1943-12-26,NA,NA,NA,NA,NA
1943-12-27,NA,NA,NA,NA,NA
1943-12-28,NA,NA,NA,NA,NA
1943-12-29,NA,NA,NA,NA,NA
1943-12-30,NA,NA,NA,NA,NA
1943-12-31,NA,NA,NA,NA,NA
1944-01-01,NA,NA,NA,NA,NA
1944-01-02,NA,NA,NA,NA,NA
1944-01-03,NA,NA,NA,NA,NA
1944-01-04,NA,NA,NA,NA,NA
1944-01-05,NA,NA,NA,NA,NA
1944-01-06,NA,NA,NA,NA,NA
1944-01-07,NA,NA,NA,NA,NA
1944-01-08,NA,NA,NA,NA,NA
1944-01-09,NA,NA,NA,NA,NA
1944-01-10,NA,NA,NA,NA,NA
1944-01-11,NA,NA,NA,NA,NA
1944-01-12,NA,NA,NA,NA,NA
1944-01-13,NA,NA,NA,NA,NA
1944-01-14,NA,NA,NA,NA,NA
1944-01-15,NA,NA,NA,NA,NA
1944-01-16,NA,NA,NA,NA,NA
1944-01-17,NA,NA,NA,NA,NA
1944-01-18,NA,NA,NA,NA,NA
1944-01-19,NA,NA,NA,NA,NA
1944-01-20,NA,NA,NA,NA,NA
1944-01-21,NA,NA,NA,NA,NA
1944-01-22,NA,NA,NA,NA,NA
1944-01-23,NA,NA,NA,NA,NA
1944-01-24,NA,NA,NA,NA,NA
1944-01-25,NA,NA,NA,NA,NA
1944-01-26,NA,NA,NA,NA,NA
1944-01-27,NA,NA,NA,NA,NA
1944-01-28,NA,NA,NA,NA,NA
1944-01-29,NA,NA,NA,NA,NA
1944-01-30,NA,NA,NA,NA,NA
1944-01-31,NA,NA,NA,NA,NA
1944-02-01,NA,NA,NA,NA,NA
1944-02-02,NA,NA,NA,NA,NA
1944-02-03,NA,NA,NA,NA,NA
1944-02-04,NA,NA,NA,NA,NA
1944-02-05,NA,NA,NA,NA,NA
1944-02-06,NA,NA,NA,NA,NA
1944-02-07,NA,NA,NA,NA,NA
1944-02-08,NA,NA,NA,NA,NA
1944-02-09,NA,NA,NA,NA,NA
1944-02-10,NA,NA,NA,NA,NA
1944-02-11,NA,NA,NA,NA,NA
1944-02-12,NA,NA,NA,NA,NA
1944-02-13,NA,NA,NA,NA,NA
1944-02-14,NA,NA,NA,NA,NA
1944-02-15,NA,NA,NA,NA,NA
1944-02-16,NA,NA,NA,NA,NA
1944-02-17,NA,NA,NA,NA,NA
1944-02-18,NA,NA,NA,NA,NA
1944-02-19,NA,NA,NA,NA,NA
1944-02-20,NA,NA,NA,NA,NA
1944-02-21,NA,NA,NA,NA,NA
1944-02-22,NA,NA,NA,NA,NA
1944-02-23,NA,NA,NA,NA,NA
1944-02-24,NA,NA,NA,NA,NA
1944-02-25,NA,NA,NA,NA,NA
1944-02-26,NA,NA,NA,NA,NA
1944-02-27,NA,NA,NA,NA,NA
1944-02-28,NA,NA,NA,NA,NA
1944-02-29,NA,NA,NA,NA,NA
1944-03-01,NA,NA,NA,NA,NA
1944-03-02,NA,NA,NA,NA,NA
1944-03-03,NA,NA,NA,NA,NA
1944-03-04,NA,NA,NA,NA,NA
1944-03-05,NA,NA,NA,NA,NA
1944-03-06,NA,NA,NA,NA,NA
1944-03-07,NA,NA,NA,NA,NA
1944-03-08,NA,NA,NA,NA,NA
1944-03-09,NA,NA,NA,NA,NA
1944-03-10,NA,NA,NA,NA,NA
1944-03-11,NA,NA,NA,NA,NA
1944-03-12,NA,NA,NA,NA,NA
1944-03-13,NA,NA,NA,NA,NA
1944-03-14,NA,NA,NA,NA,NA
1944-03-15,NA,NA,NA,NA,NA
1944-03-16,NA,NA,NA,NA,NA
1944-03-17,NA,NA,NA,NA,NA
1944-03-18,NA,NA,NA,NA,NA
1944-03-19,NA,NA,NA,NA,NA
1944-03-20,NA,NA,NA,NA,NA
1944-03-21,NA,NA,NA,NA,NA
1944-03-22,NA,NA,NA,NA,NA
1944-03-23,NA,NA,NA,NA,NA
1944-03-24,NA,NA,NA,NA,NA
1944-03-25,NA,NA,NA,NA,NA
1944-03-26,NA,NA,NA,NA,NA
1944-03-27,NA,NA,NA,NA,NA
1944-03-28,NA,NA,NA,NA,NA
1944-03-29,NA,NA,NA,NA,NA
1944-03-30,22.357,NA,NA,NA,286.116
1944-03-31,22.357,NA,NA,NA,286.116
1944-04-01,22.357,NA,NA,NA,286.116
1944-04-02,22.357,NA,NA,NA,286.116
1944-04-03,23.36,NA,NA,NA,286.155
1944-04-04,23.514,NA,NA,NA,286.161
1944-04-05,24.285,NA,NA,NA,286.192
1944-04-06,25.117,NA,NA,NA,286.222
1944-04-07,26.012,NA,NA,NA,286.253
1944-04-08,26.458,NA,NA,NA,286.268
1944-04-09,26.906,NA,NA,NA,286.283
1944-04-10,27.8,NA,NA,NA,286.314
1944-04-11,28.247,NA,NA,NA,286.329
1944-04-12,28.694,NA,NA,NA,286.344
1944-04-13,29.589,NA,NA,NA,286.375
1944-04-14,30.035,NA,NA,NA,286.39
1944-04-15,30.93,NA,NA,NA,286.421
1944-04-16,26.906,NA,NA,NA,286.283
1944-04-17,26.906,NA,NA,NA,286.283
1944-04-18,26.906,NA,NA,NA,286.283
1944-04-19,30.93,NA,NA,NA,286.421
1944-04-20,30.93,NA,NA,NA,286.421
1944-04-21,30.93,NA,NA,NA,286.421
1944-04-22,30.483,NA,NA,NA,286.405
1944-04-23,30.93,NA,NA,NA,286.421
1944-04-24,33.166,NA,NA,NA,286.497
1944-04-25,31.824,NA,NA,NA,286.451
1944-04-26,32.272,NA,NA,NA,286.466
1944-04-27,33.166,NA,NA,NA,286.497
1944-04-28,33.166,NA,NA,NA,286.497
1944-04-29,33.166,NA,NA,NA,286.497
1944-04-30,33.612,NA,NA,NA,286.512
1944-05-01,34.091,NA,NA,NA,286.527
1944-05-02,33.612,NA,NA,NA,286.512
1944-05-03,35.047,NA,NA,NA,286.558
1944-05-04,36.48,NA,NA,NA,286.603
1944-05-05,33.612,NA,NA,NA,286.512
1944-05-06,34.091,NA,NA,NA,286.527
1944-05-07,35.047,NA,NA,NA,286.558
1944-05-08,35.047,NA,NA,NA,286.558
1944-05-09,35.047,NA,NA,NA,286.558
1944-05-10,33.166,NA,NA,NA,286.497
1944-05-11,35.047,NA,NA,NA,286.558
1944-05-12,35.047,NA,NA,NA,286.558
1944-05-13,35.524,NA,NA,NA,286.573
1944-05-14,35.333,NA,NA,NA,286.567
1944-05-15,34.568,NA,NA,NA,286.542
1944-05-16,34.856,NA,NA,NA,286.552
1944-05-17,34.856,NA,NA,NA,286.552
1944-05-18,35.047,NA,NA,NA,286.558
1944-05-19,35.047,NA,NA,NA,286.558
1944-05-20,35.047,NA,NA,NA,286.558
1944-05-21,34.568,NA,NA,NA,286.542
1944-05-22,34.568,NA,NA,NA,286.542
1944-05-23,34.091,NA,NA,NA,286.527
1944-05-24,33.612,NA,NA,NA,286.512
1944-05-25,32.718,NA,NA,NA,286.482
1944-05-26,31.824,NA,NA,NA,286.451
1944-05-27,30.93,NA,NA,NA,286.421
1944-05-28,30.035,NA,NA,NA,286.39
1944-05-29,29.141,NA,NA,NA,286.36
1944-05-30,28.247,NA,NA,NA,286.329
1944-05-31,27.352,NA,NA,NA,286.299
1944-06-01,26.906,NA,NA,NA,286.283
1944-06-02,26.906,NA,NA,NA,286.283
1944-06-03,24.848,NA,NA,NA,286.213
1944-06-04,32.36,NA,NA,NA,286.469
1944-06-05,33.166,NA,NA,NA,286.497
1944-06-06,28.604,NA,NA,NA,286.341
1944-06-07,27.979,NA,NA,NA,286.32
1944-06-08,27.621,NA,NA,NA,286.308
1944-06-09,28.247,NA,NA,NA,286.329
1944-06-10,27.979,NA,NA,NA,286.32
1944-06-11,27.442,NA,NA,NA,286.302
1944-06-12,27.442,NA,NA,NA,286.302
1944-06-13,28.247,NA,NA,NA,286.329
1944-06-14,28.694,NA,NA,NA,286.344
1944-06-15,28.694,NA,NA,NA,286.344
1944-06-16,28.337,NA,NA,NA,286.332
1944-06-17,28.247,NA,NA,NA,286.329
1944-06-18,29.589,NA,NA,NA,286.375
1944-06-19,29.499,NA,NA,NA,286.372
1944-06-20,29.32,NA,NA,NA,286.366
1944-06-21,29.141,NA,NA,NA,286.36
1944-06-22,29.052,NA,NA,NA,286.357
1944-06-23,28.873,NA,NA,NA,286.35
1944-06-24,28.516,NA,NA,NA,286.338
1944-06-25,28.158,NA,NA,NA,286.326
1944-06-26,27.8,NA,NA,NA,286.314
1944-06-27,27.352,NA,NA,NA,286.299
1944-06-28,26.727,NA,NA,NA,286.277
1944-06-29,26.369,NA,NA,NA,286.265
1944-06-30,26.1,NA,NA,NA,286.256
1944-07-01,25.743,NA,NA,NA,286.244
1944-07-02,25.564,NA,NA,NA,286.238
1944-07-03,25.385,NA,NA,NA,286.232
1944-07-04,25.206,NA,NA,NA,286.225
1944-07-05,25.117,NA,NA,NA,286.222
1944-07-06,25.027,NA,NA,NA,286.219
1944-07-07,24.938,NA,NA,NA,286.216
1944-07-08,24.593,NA,NA,NA,286.204
1944-07-09,24.207,NA,NA,NA,286.189
1944-07-10,23.822,NA,NA,NA,286.174
1944-07-11,23.514,NA,NA,NA,286.161
1944-07-12,23.205,NA,NA,NA,286.149
1944-07-13,22.974,NA,NA,NA,286.14
1944-07-14,22.819,NA,NA,NA,286.134
1944-07-15,22.665,NA,NA,NA,286.128
1944-07-16,22.589,NA,NA,NA,286.125
1944-07-17,22.203,NA,NA,NA,286.11
1944-07-18,21.972,NA,NA,NA,286.101
1944-07-19,21.818,NA,NA,NA,286.094
1944-07-20,21.74,NA,NA,NA,286.091
1944-07-21,21.586,NA,NA,NA,286.085
1944-07-22,21.432,NA,NA,NA,286.079
1944-07-23,21.972,NA,NA,NA,286.101
1944-07-24,20.815,NA,NA,NA,286.055
1944-07-25,20.661,NA,NA,NA,286.049
1944-07-26,21.201,NA,NA,NA,286.07
1944-07-27,20.815,NA,NA,NA,286.055
1944-07-28,20.815,NA,NA,NA,286.055
1944-07-29,20.122,NA,NA,NA,286.027
1944-07-30,18.888,NA,NA,NA,285.979
1944-07-31,18.426,NA,NA,NA,285.96
1944-08-01,NA,NA,NA,NA,NA
1944-08-02,NA,NA,NA,NA,NA
1944-08-03,NA,NA,NA,NA,NA
1944-08-04,NA,NA,NA,NA,NA
1944-08-05,NA,NA,NA,NA,NA
1944-08-06,NA,NA,NA,NA,NA
1944-08-07,NA,NA,NA,NA,NA
1944-08-08,NA,NA,NA,NA,NA
1944-08-09,NA,NA,NA,NA,NA
1944-08-10,NA,NA,NA,NA,NA
1944-08-11,NA,NA,NA,NA,NA
1944-08-12,NA,NA,NA,NA,NA
1944-08-13,NA,NA,NA,NA,NA
1944-08-14,NA,NA,NA,NA,NA
1944-08-15,NA,NA,NA,NA,NA
1944-08-16,NA,NA,NA,NA,NA
1944-08-17,NA,NA,NA,NA,NA
1944-08-18,NA,NA,NA,NA,NA
1944-08-19,NA,NA,NA,NA,NA
1944-08-20,NA,NA,NA,NA,NA
1944-08-21,NA,NA,NA,NA,NA
1944-08-22,NA,NA,NA,NA,NA
1944-08-23,NA,NA,NA,NA,NA
1944-08-24,NA,NA,NA,NA,NA
1944-08-25,NA,NA,NA,NA,NA
1944-08-26,NA,NA,NA,NA,NA
1944-08-27,NA,NA,NA,NA,NA
1944-08-28,NA,NA,NA,NA,NA
1944-08-29,NA,NA,NA,NA,NA
1944-08-30,NA,NA,NA,NA,NA
1944-08-31,NA,NA,NA,NA,NA
1944-09-01,NA,NA,NA,NA,NA
1944-09-02,NA,NA,NA,NA,NA
1944-09-03,NA,NA,NA,NA,NA
1944-09-04,NA,NA,NA,NA,NA
1944-09-05,NA,NA,NA,NA,NA
1944-09-06,NA,NA,NA,NA,NA
1944-09-07,NA,NA,NA,NA,NA
1944-09-08,NA,NA,NA,NA,NA
1944-09-09,NA,NA,NA,NA,NA
1944-09-10,NA,NA,NA,NA,NA
1944-09-11,NA,NA,NA,NA,NA
1944-09-12,NA,NA,NA,NA,NA
1944-09-13,NA,NA,NA,NA,NA
1944-09-14,NA,NA,NA,NA,NA
1944-09-15,NA,NA,NA,NA,NA
1944-09-16,NA,NA,NA,NA,NA
1944-09-17,NA,NA,NA,NA,NA
1944-09-18,NA,NA,NA,NA,NA
1944-09-19,NA,NA,NA,NA,NA
1944-09-20,NA,NA,NA,NA,NA
1944-09-21,NA,NA,NA,NA,NA
1944-09-22,NA,NA,NA,NA,NA
1944-09-23,NA,NA,NA,NA,NA
1944-09-24,NA,NA,NA,NA,NA
1944-09-25,NA,NA,NA,NA,NA
1944-09-26,NA,NA,NA,NA,NA
1944-09-27,NA,NA,NA,NA,NA
1944-09-28,NA,NA,NA,NA,NA
1944-09-29,NA,NA,NA,NA,NA
1944-09-30,NA,NA,NA,NA,NA
1944-10-01,NA,NA,NA,NA,NA
1944-10-02,NA,NA,NA,NA,NA
1944-10-03,NA,NA,NA,NA,NA
1944-10-04,NA,NA,NA,NA,NA
1944-10-05,NA,NA,NA,NA,NA
1944-10-06,NA,NA,NA,NA,NA
1944-10-07,NA,NA,NA,NA,NA
1944-10-08,NA,NA,NA,NA,NA
1944-10-09,NA,NA,NA,NA,NA
1944-10-10,NA,NA,NA,NA,NA
1944-10-11,NA,NA,NA,NA,NA
1944-10-12,NA,NA,NA,NA,NA
1944-10-13,NA,NA,NA,NA,NA
1944-10-14,NA,NA,NA,NA,NA
1944-10-15,NA,NA,NA,NA,NA
1944-10-16,NA,NA,NA,NA,NA
1944-10-17,NA,NA,NA,NA,NA
1944-10-18,NA,NA,NA,NA,NA
1944-10-19,NA,NA,NA,NA,NA
1944-10-20,NA,NA,NA,NA,NA
1944-10-21,NA,NA,NA,NA,NA
1944-10-22,NA,NA,NA,NA,NA
1944-10-23,NA,NA,NA,NA,NA
1944-10-24,NA,NA,NA,NA,NA
1944-10-25,NA,NA,NA,NA,NA
1944-10-26,NA,NA,NA,NA,NA
1944-10-27,NA,NA,NA,NA,NA
1944-10-28,NA,NA,NA,NA,NA
1944-10-29,NA,NA,NA,NA,NA
1944-10-30,NA,NA,NA,NA,NA
1944-10-31,NA,NA,NA,NA,NA
1944-11-01,NA,NA,NA,NA,NA
1944-11-02,NA,NA,NA,NA,NA
1944-11-03,NA,NA,NA,NA,NA
1944-11-04,NA,NA,NA,NA,NA
1944-11-05,NA,NA,NA,NA,NA
1944-11-06,NA,NA,NA,NA,NA
1944-11-07,NA,NA,NA,NA,NA
1944-11-08,NA,NA,NA,NA,NA
1944-11-09,NA,NA,NA,NA,NA
1944-11-10,NA,NA,NA,NA,NA
1944-11-11,NA,NA,NA,NA,NA
1944-11-12,NA,NA,NA,NA,NA
1944-11-13,NA,NA,NA,NA,NA
1944-11-14,NA,NA,NA,NA,NA
1944-11-15,NA,NA,NA,NA,NA
1944-11-16,NA,NA,NA,NA,NA
1944-11-17,NA,NA,NA,NA,NA
1944-11-18,NA,NA,NA,NA,NA
1944-11-19,NA,NA,NA,NA,NA
1944-11-20,NA,NA,NA,NA,NA
1944-11-21,NA,NA,NA,NA,NA
1944-11-22,NA,NA,NA,NA,NA
1944-11-23,NA,NA,NA,NA,NA
1944-11-24,NA,NA,NA,NA,NA
1944-11-25,NA,NA,NA,NA,NA
1944-11-26,NA,NA,NA,NA,NA
1944-11-27,NA,NA,NA,NA,NA
1944-11-28,NA,NA,NA,NA,NA
1944-11-29,NA,NA,NA,NA,NA
1944-11-30,NA,NA,NA,NA,NA
1944-12-01,NA,NA,NA,NA,NA
1944-12-02,NA,NA,NA,NA,NA
1944-12-03,NA,NA,NA,NA,NA
1944-12-04,NA,NA,NA,NA,NA
1944-12-05,NA,NA,NA,NA,NA
1944-12-06,NA,NA,NA,NA,NA
1944-12-07,NA,NA,NA,NA,NA
1944-12-08,NA,NA,NA,NA,NA
1944-12-09,NA,NA,NA,NA,NA
1944-12-10,NA,NA,NA,NA,NA
1944-12-11,NA,NA,NA,NA,NA
1944-12-12,NA,NA,NA,NA,NA
1944-12-13,NA,NA,NA,NA,NA
1944-12-14,NA,NA,NA,NA,NA
1944-12-15,NA,NA,NA,NA,NA
1944-12-16,NA,NA,NA,NA,NA
1944-12-17,NA,NA,NA,NA,NA
1944-12-18,NA,NA,NA,NA,NA
1944-12-19,NA,NA,NA,NA,NA
1944-12-20,NA,NA,NA,NA,NA
1944-12-21,NA,NA,NA,NA,NA
1944-12-22,NA,NA,NA,NA,NA
1944-12-23,NA,NA,NA,NA,NA
1944-12-24,NA,NA,NA,NA,NA
1944-12-25,NA,NA,NA,NA,NA
1944-12-26,NA,NA,NA,NA,NA
1944-12-27,NA,NA,NA,NA,NA
1944-12-28,NA,NA,NA,NA,NA
1944-12-29,NA,NA,NA,NA,NA
1944-12-30,NA,NA,NA,NA,NA
1944-12-31,NA,NA,NA,NA,NA
1945-01-01,NA,NA,NA,NA,NA
1945-01-02,NA,NA,NA,NA,NA
1945-01-03,NA,NA,NA,NA,NA
1945-01-04,NA,NA,NA,NA,NA
1945-01-05,NA,NA,NA,NA,NA
1945-01-06,NA,NA,NA,NA,NA
1945-01-07,NA,NA,NA,NA,NA
1945-01-08,NA,NA,NA,NA,NA
1945-01-09,NA,NA,NA,NA,NA
1945-01-10,NA,NA,NA,NA,NA
1945-01-11,NA,NA,NA,NA,NA
1945-01-12,NA,NA,NA,NA,NA
1945-01-13,NA,NA,NA,NA,NA
1945-01-14,NA,NA,NA,NA,NA
1945-01-15,NA,NA,NA,NA,NA
1945-01-16,NA,NA,NA,NA,NA
1945-01-17,NA,NA,NA,NA,NA
1945-01-18,NA,NA,NA,NA,NA
1945-01-19,NA,NA,NA,NA,NA
1945-01-20,NA,NA,NA,NA,NA
1945-01-21,NA,NA,NA,NA,NA
1945-01-22,NA,NA,NA,NA,NA
1945-01-23,NA,NA,NA,NA,NA
1945-01-24,NA,NA,NA,NA,NA
1945-01-25,NA,NA,NA,NA,NA
1945-01-26,NA,NA,NA,NA,NA
1945-01-27,NA,NA,NA,NA,NA
1945-01-28,NA,NA,NA,NA,NA
1945-01-29,NA,NA,NA,NA,NA
1945-01-30,NA,NA,NA,NA,NA
1945-01-31,NA,NA,NA,NA,NA
1945-02-01,NA,NA,NA,NA,NA
1945-02-02,NA,NA,NA,NA,NA
1945-02-03,NA,NA,NA,NA,NA
1945-02-04,NA,NA,NA,NA,NA
1945-02-05,NA,NA,NA,NA,NA
1945-02-06,NA,NA,NA,NA,NA
1945-02-07,NA,NA,NA,NA,NA
1945-02-08,NA,NA,NA,NA,NA
1945-02-09,NA,NA,NA,NA,NA
1945-02-10,NA,NA,NA,NA,NA
1945-02-11,NA,NA,NA,NA,NA
1945-02-12,NA,NA,NA,NA,NA
1945-02-13,NA,NA,NA,NA,NA
1945-02-14,NA,NA,NA,NA,NA
1945-02-15,NA,NA,NA,NA,NA
1945-02-16,NA,NA,NA,NA,NA
1945-02-17,NA,NA,NA,NA,NA
1945-02-18,NA,NA,NA,NA,NA
1945-02-19,NA,NA,NA,NA,NA
1945-02-20,NA,NA,NA,NA,NA
1945-02-21,NA,NA,NA,NA,NA
1945-02-22,NA,NA,NA,NA,NA
1945-02-23,NA,NA,NA,NA,NA
1945-02-24,NA,NA,NA,NA,NA
1945-02-25,NA,NA,NA,NA,NA
1945-02-26,NA,NA,NA,NA,NA
1945-02-27,NA,NA,NA,NA,NA
1945-02-28,NA,NA,NA,NA,NA
1945-03-01,NA,NA,NA,NA,NA
1945-03-02,NA,NA,NA,NA,NA
1945-03-03,NA,NA,NA,NA,NA
1945-03-04,NA,NA,NA,NA,NA
1945-03-05,NA,NA,NA,NA,NA
1945-03-06,NA,NA,NA,NA,NA
1945-03-07,NA,NA,NA,NA,NA
1945-03-08,NA,NA,NA,NA,NA
1945-03-09,NA,NA,NA,NA,NA
1945-03-10,NA,NA,NA,NA,NA
1945-03-11,NA,NA,NA,NA,NA
1945-03-12,NA,NA,NA,NA,NA
1945-03-13,NA,NA,NA,NA,NA
1945-03-14,NA,NA,NA,NA,NA
1945-03-15,NA,NA,NA,NA,NA
1945-03-16,NA,NA,NA,NA,NA
1945-03-17,NA,NA,NA,NA,NA
1945-03-18,NA,NA,NA,NA,NA
1945-03-19,NA,NA,NA,NA,NA
1945-03-20,NA,NA,NA,NA,NA
1945-03-21,NA,NA,NA,NA,NA
1945-03-22,NA,NA,NA,NA,NA
1945-03-23,NA,NA,NA,NA,NA
1945-03-24,NA,NA,NA,NA,NA
1945-03-25,NA,NA,NA,NA,NA
1945-03-26,NA,NA,NA,NA,NA
1945-03-27,NA,NA,NA,NA,NA
1945-03-28,NA,NA,NA,NA,NA
1945-03-29,NA,NA,NA,NA,NA
1945-03-30,NA,NA,NA,NA,NA
1945-03-31,NA,NA,NA,NA,NA
1945-04-01,NA,NA,NA,NA,NA
1945-04-02,NA,NA,NA,NA,NA
1945-04-03,NA,NA,NA,NA,NA
1945-04-04,NA,NA,NA,NA,NA
1945-04-05,NA,NA,NA,NA,NA
1945-04-06,NA,NA,NA,NA,NA
1945-04-07,NA,NA,NA,NA,NA
1945-04-08,NA,NA,NA,NA,NA
1945-04-09,NA,NA,NA,NA,NA
1945-04-10,NA,NA,NA,NA,NA
1945-04-11,NA,NA,NA,NA,NA
1945-04-12,NA,NA,NA,NA,NA
1945-04-13,NA,NA,NA,NA,NA
1945-04-14,NA,NA,NA,NA,NA
1945-04-15,NA,NA,NA,NA,NA
1945-04-16,NA,NA,NA,NA,NA
1945-04-17,NA,NA,NA,NA,NA
1945-04-18,NA,NA,NA,NA,NA
1945-04-19,NA,NA,NA,NA,NA
1945-04-20,NA,NA,NA,NA,NA
1945-04-21,NA,NA,NA,NA,NA
1945-04-22,NA,NA,NA,NA,NA
1945-04-23,NA,NA,NA,NA,NA
1945-04-24,NA,NA,NA,NA,NA
1945-04-25,NA,NA,NA,NA,NA
1945-04-26,NA,NA,NA,NA,NA
1945-04-27,NA,NA,NA,NA,NA
1945-04-28,NA,NA,NA,NA,NA
1945-04-29,NA,NA,NA,NA,NA
1945-04-30,NA,NA,NA,NA,NA
1945-05-01,NA,NA,NA,NA,NA
1945-05-02,NA,NA,NA,NA,NA
1945-05-03,NA,NA,NA,NA,NA
1945-05-04,NA,NA,NA,NA,NA
1945-05-05,NA,NA,NA,NA,NA
1945-05-06,NA,NA,NA,NA,NA
1945-05-07,NA,NA,NA,NA,NA
1945-05-08,NA,NA,NA,NA,NA
1945-05-09,NA,NA,NA,NA,NA
1945-05-10,NA,NA,NA,NA,NA
1945-05-11,NA,NA,NA,NA,NA
1945-05-12,NA,NA,NA,NA,NA
1945-05-13,NA,NA,NA,NA,NA
1945-05-14,NA,NA,NA,NA,NA
1945-05-15,NA,NA,NA,NA,NA
1945-05-16,NA,NA,NA,NA,NA
1945-05-17,NA,NA,NA,NA,NA
1945-05-18,NA,NA,NA,NA,NA
1945-05-19,NA,NA,NA,NA,NA
1945-05-20,NA,NA,NA,NA,NA
1945-05-21,NA,NA,NA,NA,NA
1945-05-22,NA,NA,NA,NA,NA
1945-05-23,NA,NA,NA,NA,NA
1945-05-24,NA,NA,NA,NA,NA
1945-05-25,NA,NA,NA,NA,NA
1945-05-26,NA,NA,NA,NA,NA
1945-05-27,NA,NA,NA,NA,NA
1945-05-28,NA,NA,NA,NA,NA
1945-05-29,NA,NA,NA,NA,NA
1945-05-30,NA,NA,NA,NA,NA
1945-05-31,NA,NA,NA,NA,NA
1945-06-01,NA,NA,NA,NA,NA
1945-06-02,NA,NA,NA,NA,NA
1945-06-03,NA,NA,NA,NA,NA
1945-06-04,NA,NA,NA,NA,NA
1945-06-05,NA,NA,NA,NA,NA
1945-06-06,NA,NA,NA,NA,NA
1945-06-07,NA,NA,NA,NA,NA
1945-06-08,NA,NA,NA,NA,NA
1945-06-09,NA,NA,NA,NA,NA
1945-06-10,NA,NA,NA,NA,NA
1945-06-11,NA,NA,NA,NA,NA
1945-06-12,NA,NA,NA,NA,NA
1945-06-13,NA,NA,NA,NA,NA
1945-06-14,NA,NA,NA,NA,NA
1945-06-15,NA,NA,NA,NA,NA
1945-06-16,NA,NA,NA,NA,NA
1945-06-17,NA,NA,NA,NA,NA
1945-06-18,NA,NA,NA,NA,NA
1945-06-19,NA,NA,NA,NA,NA
1945-06-20,NA,NA,NA,NA,NA
1945-06-21,NA,NA,NA,NA,NA
1945-06-22,NA,NA,NA,NA,NA
1945-06-23,NA,NA,NA,NA,NA
1945-06-24,NA,NA,NA,NA,NA
1945-06-25,NA,NA,NA,NA,NA
1945-06-26,NA,NA,NA,NA,NA
1945-06-27,NA,NA,NA,NA,NA
1945-06-28,NA,NA,NA,NA,NA
1945-06-29,NA,NA,NA,NA,NA
1945-06-30,NA,NA,NA,NA,NA
1945-07-01,NA,NA,NA,NA,NA
1945-07-02,NA,NA,NA,NA,NA
1945-07-03,NA,NA,NA,NA,NA
1945-07-04,NA,NA,NA,NA,NA
1945-07-05,NA,NA,NA,NA,NA
1945-07-06,NA,NA,NA,NA,NA
1945-07-07,NA,NA,NA,NA,NA
1945-07-08,NA,NA,NA,NA,NA
1945-07-09,NA,NA,NA,NA,NA
1945-07-10,NA,NA,NA,NA,NA
1945-07-11,NA,NA,NA,NA,NA
1945-07-12,NA,NA,NA,NA,NA
1945-07-13,NA,NA,NA,NA,NA
1945-07-14,NA,NA,NA,NA,NA
1945-07-15,NA,NA,NA,NA,NA
1945-07-16,NA,NA,NA,NA,NA
1945-07-17,NA,NA,NA,NA,NA
1945-07-18,NA,NA,NA,NA,NA
1945-07-19,NA,NA,NA,NA,NA
1945-07-20,NA,NA,NA,NA,NA
1945-07-21,NA,NA,NA,NA,NA
1945-07-22,NA,NA,NA,NA,NA
1945-07-23,NA,NA,NA,NA,NA
1945-07-24,NA,NA,NA,NA,NA
1945-07-25,NA,NA,NA,NA,NA
1945-07-26,NA,NA,NA,NA,NA
1945-07-27,NA,NA,NA,NA,NA
1945-07-28,NA,NA,NA,NA,NA
1945-07-29,NA,NA,NA,NA,NA
1945-07-30,NA,NA,NA,NA,NA
1945-07-31,NA,NA,NA,NA,NA
1945-08-01,NA,NA,NA,NA,NA
1945-08-02,NA,NA,NA,NA,NA
1945-08-03,NA,NA,NA,NA,NA
1945-08-04,NA,NA,NA,NA,NA
1945-08-05,NA,NA,NA,NA,NA
1945-08-06,NA,NA,NA,NA,NA
1945-08-07,NA,NA,NA,NA,NA
1945-08-08,NA,NA,NA,NA,NA
1945-08-09,NA,NA,NA,NA,NA
1945-08-10,NA,NA,NA,NA,NA
1945-08-11,NA,NA,NA,NA,NA
1945-08-12,NA,NA,NA,NA,NA
1945-08-13,NA,NA,NA,NA,NA
1945-08-14,NA,NA,NA,NA,NA
1945-08-15,NA,NA,NA,NA,NA
1945-08-16,NA,NA,NA,NA,NA
1945-08-17,NA,NA,NA,NA,NA
1945-08-18,NA,NA,NA,NA,NA
1945-08-19,NA,NA,NA,NA,NA
1945-08-20,NA,NA,NA,NA,NA
1945-08-21,NA,NA,NA,NA,NA
1945-08-22,NA,NA,NA,NA,NA
1945-08-23,NA,NA,NA,NA,NA
1945-08-24,NA,NA,NA,NA,NA
1945-08-25,NA,NA,NA,NA,NA
1945-08-26,NA,NA,NA,NA,NA
1945-08-27,NA,NA,NA,NA,NA
1945-08-28,NA,NA,NA,NA,NA
1945-08-29,NA,NA,NA,NA,NA
1945-08-30,NA,NA,NA,NA,NA
1945-08-31,NA,NA,NA,NA,NA
1945-09-01,NA,NA,NA,NA,NA
1945-09-02,NA,NA,NA,NA,NA
1945-09-03,NA,NA,NA,NA,NA
1945-09-04,NA,NA,NA,NA,NA
1945-09-05,NA,NA,NA,NA,NA
1945-09-06,NA,NA,NA,NA,NA
1945-09-07,NA,NA,NA,NA,NA
1945-09-08,NA,NA,NA,NA,NA
1945-09-09,NA,NA,NA,NA,NA
1945-09-10,NA,NA,NA,NA,NA
1945-09-11,NA,NA,NA,NA,NA
1945-09-12,NA,NA,NA,NA,NA
1945-09-13,NA,NA,NA,NA,NA
1945-09-14,NA,NA,NA,NA,NA
1945-09-15,NA,NA,NA,NA,NA
1945-09-16,NA,NA,NA,NA,NA
1945-09-17,NA,NA,NA,NA,NA
1945-09-18,NA,NA,NA,NA,NA
1945-09-19,NA,NA,NA,NA,NA
1945-09-20,NA,NA,NA,NA,NA
1945-09-21,NA,NA,NA,NA,NA
1945-09-22,NA,NA,NA,NA,NA
1945-09-23,NA,NA,NA,NA,NA
1945-09-24,NA,NA,NA,NA,NA
1945-09-25,NA,NA,NA,NA,NA
1945-09-26,NA,NA,NA,NA,NA
1945-09-27,NA,NA,NA,NA,NA
1945-09-28,NA,NA,NA,NA,NA
1945-09-29,NA,NA,NA,NA,NA
1945-09-30,NA,NA,NA,NA,NA
1945-10-01,NA,NA,NA,NA,NA
1945-10-02,NA,NA,NA,NA,NA
1945-10-03,NA,NA,NA,NA,NA
1945-10-04,NA,NA,NA,NA,NA
1945-10-05,NA,NA,NA,NA,NA
1945-10-06,NA,NA,NA,NA,NA
1945-10-07,NA,NA,NA,NA,NA
1945-10-08,NA,NA,NA,NA,NA
1945-10-09,NA,NA,NA,NA,NA
1945-10-10,NA,NA,NA,NA,NA
1945-10-11,NA,NA,NA,NA,NA
1945-10-12,NA,NA,NA,NA,NA
1945-10-13,NA,NA,NA,NA,NA
1945-10-14,NA,NA,NA,NA,NA
1945-10-15,NA,NA,NA,NA,NA
1945-10-16,NA,NA,NA,NA,NA
1945-10-17,NA,NA,NA,NA,NA
1945-10-18,NA,NA,NA,NA,NA
1945-10-19,NA,NA,NA,NA,NA
1945-10-20,NA,NA,NA,NA,NA
1945-10-21,NA,NA,NA,NA,NA
1945-10-22,NA,NA,NA,NA,NA
1945-10-23,NA,NA,NA,NA,NA
1945-10-24,NA,NA,NA,NA,NA
1945-10-25,NA,NA,NA,NA,NA
1945-10-26,NA,NA,NA,NA,NA
1945-10-27,NA,NA,NA,NA,NA
1945-10-28,NA,NA,NA,NA,NA
1945-10-29,NA,NA,NA,NA,NA
1945-10-30,NA,NA,NA,NA,NA
1945-10-31,NA,NA,NA,NA,NA
1945-11-01,NA,NA,NA,NA,NA
1945-11-02,NA,NA,NA,NA,NA
1945-11-03,NA,NA,NA,NA,NA
1945-11-04,NA,NA,NA,NA,NA
1945-11-05,NA,NA,NA,NA,NA
1945-11-06,NA,NA,NA,NA,NA
1945-11-07,NA,NA,NA,NA,NA
1945-11-08,NA,NA,NA,NA,NA
1945-11-09,NA,NA,NA,NA,NA
1945-11-10,NA,NA,NA,NA,NA
1945-11-11,NA,NA,NA,NA,NA
1945-11-12,NA,NA,NA,NA,NA
1945-11-13,NA,NA,NA,NA,NA
1945-11-14,NA,NA,NA,NA,NA
1945-11-15,NA,NA,NA,NA,NA
1945-11-16,NA,NA,NA,NA,NA
1945-11-17,NA,NA,NA,NA,NA
1945-11-18,NA,NA,NA,NA,NA
1945-11-19,NA,NA,NA,NA,NA
1945-11-20,NA,NA,NA,NA,NA
1945-11-21,NA,NA,NA,NA,NA
1945-11-22,NA,NA,NA,NA,NA
1945-11-23,NA,NA,NA,NA,NA
1945-11-24,NA,NA,NA,NA,NA
1945-11-25,NA,NA,NA,NA,NA
1945-11-26,NA,NA,NA,NA,NA
1945-11-27,NA,NA,NA,NA,NA
1945-11-28,NA,NA,NA,NA,NA
1945-11-29,NA,NA,NA,NA,NA
1945-11-30,NA,NA,NA,NA,NA
1945-12-01,NA,NA,NA,NA,NA
1945-12-02,NA,NA,NA,NA,NA
1945-12-03,NA,NA,NA,NA,NA
1945-12-04,NA,NA,NA,NA,NA
1945-12-05,NA,NA,NA,NA,NA
1945-12-06,NA,NA,NA,NA,NA
1945-12-07,NA,NA,NA,NA,NA
1945-12-08,NA,NA,NA,NA,NA
1945-12-09,NA,NA,NA,NA,NA
1945-12-10,NA,NA,NA,NA,NA
1945-12-11,NA,NA,NA,NA,NA
1945-12-12,NA,NA,NA,NA,NA
1945-12-13,NA,NA,NA,NA,NA
1945-12-14,NA,NA,NA,NA,NA
1945-12-15,NA,NA,NA,NA,NA
1945-12-16,NA,NA,NA,NA,NA
1945-12-17,NA,NA,NA,NA,NA
1945-12-18,NA,NA,NA,NA,NA
1945-12-19,NA,NA,NA,NA,NA
1945-12-20,NA,NA,NA,NA,NA
1945-12-21,NA,NA,NA,NA,NA
1945-12-22,NA,NA,NA,NA,NA
1945-12-23,NA,NA,NA,NA,NA
1945-12-24,NA,NA,NA,NA,NA
1945-12-25,NA,NA,NA,NA,NA
1945-12-26,NA,NA,NA,NA,NA
1945-12-27,NA,NA,NA,NA,NA
1945-12-28,NA,NA,NA,NA,NA
1945-12-29,NA,NA,NA,NA,NA
1945-12-30,NA,NA,NA,NA,NA
1945-12-31,NA,NA,NA,NA,NA
1946-01-01,NA,NA,NA,NA,NA
1946-01-02,NA,NA,NA,NA,NA
1946-01-03,NA,NA,NA,NA,NA
1946-01-04,NA,NA,NA,NA,NA
1946-01-05,NA,NA,NA,NA,NA
1946-01-06,NA,NA,NA,NA,NA
1946-01-07,NA,NA,NA,NA,NA
1946-01-08,NA,NA,NA,NA,NA
1946-01-09,NA,NA,NA,NA,NA
1946-01-10,NA,NA,NA,NA,NA
1946-01-11,NA,NA,NA,NA,NA
1946-01-12,NA,NA,NA,NA,NA
1946-01-13,NA,NA,NA,NA,NA
1946-01-14,NA,NA,NA,NA,NA
1946-01-15,NA,NA,NA,NA,NA
1946-01-16,NA,NA,NA,NA,NA
1946-01-17,NA,NA,NA,NA,NA
1946-01-18,NA,NA,NA,NA,NA
1946-01-19,NA,NA,NA,NA,NA
1946-01-20,NA,NA,NA,NA,NA
1946-01-21,NA,NA,NA,NA,NA
1946-01-22,NA,NA,NA,NA,NA
1946-01-23,NA,NA,NA,NA,NA
1946-01-24,NA,NA,NA,NA,NA
1946-01-25,NA,NA,NA,NA,NA
1946-01-26,NA,NA,NA,NA,NA
1946-01-27,NA,NA,NA,NA,NA
1946-01-28,NA,NA,NA,NA,NA
1946-01-29,NA,NA,NA,NA,NA
1946-01-30,NA,NA,NA,NA,NA
1946-01-31,NA,NA,NA,NA,NA
1946-02-01,NA,NA,NA,NA,NA
1946-02-02,NA,NA,NA,NA,NA
1946-02-03,NA,NA,NA,NA,NA
1946-02-04,NA,NA,NA,NA,NA
1946-02-05,NA,NA,NA,NA,NA
1946-02-06,NA,NA,NA,NA,NA
1946-02-07,NA,NA,NA,NA,NA
1946-02-08,NA,NA,NA,NA,NA
1946-02-09,NA,NA,NA,NA,NA
1946-02-10,NA,NA,NA,NA,NA
1946-02-11,NA,NA,NA,NA,NA
1946-02-12,NA,NA,NA,NA,NA
1946-02-13,NA,NA,NA,NA,NA
1946-02-14,NA,NA,NA,NA,NA
1946-02-15,NA,NA,NA,NA,NA
1946-02-16,NA,NA,NA,NA,NA
1946-02-17,NA,NA,NA,NA,NA
1946-02-18,NA,NA,NA,NA,NA
1946-02-19,NA,NA,NA,NA,NA
1946-02-20,NA,NA,NA,NA,NA
1946-02-21,NA,NA,NA,NA,NA
1946-02-22,NA,NA,NA,NA,NA
1946-02-23,NA,NA,NA,NA,NA
1946-02-24,NA,NA,NA,NA,NA
1946-02-25,NA,NA,NA,NA,NA
1946-02-26,NA,NA,NA,NA,NA
1946-02-27,NA,NA,NA,NA,NA
1946-02-28,NA,NA,NA,NA,NA
1946-03-01,15.388,NA,NA,NA,285.811
1946-03-02,15.388,NA,NA,NA,285.811
1946-03-03,15.388,NA,NA,NA,285.811
1946-03-04,15.388,NA,NA,NA,285.811
1946-03-05,15.388,NA,NA,NA,285.811
1946-03-06,15.388,NA,NA,NA,285.811
1946-03-07,15.388,NA,NA,NA,285.811
1946-03-08,15.388,NA,NA,NA,285.811
1946-03-09,15.388,NA,NA,NA,285.811
1946-03-10,15.388,NA,NA,NA,285.811
1946-03-11,15.388,NA,NA,NA,285.811
1946-03-12,15.65,NA,NA,NA,285.826
1946-03-13,15.65,NA,NA,NA,285.826
1946-03-14,15.912,NA,NA,NA,285.841
1946-03-15,16.489,NA,NA,NA,285.875
1946-03-16,17.115,NA,NA,NA,285.908
1946-03-17,19.119,NA,NA,NA,285.988
1946-03-18,21.201,NA,NA,NA,286.07
1946-03-19,23.128,NA,NA,NA,286.146
1946-03-20,27.71,NA,NA,NA,286.311
1946-03-21,33.612,NA,NA,NA,286.512
1946-03-22,36.671,NA,NA,NA,286.61
1946-03-23,39.922,NA,NA,NA,286.713
1946-03-24,41.738,NA,NA,NA,286.771
1946-03-25,42.886,NA,NA,NA,286.808
1946-03-26,43.172,NA,NA,NA,286.817
1946-03-27,43.172,NA,NA,NA,286.817
1946-03-28,42.789,NA,NA,NA,286.805
1946-03-29,42.598,NA,NA,NA,286.799
1946-03-30,40.783,NA,NA,NA,286.741
1946-03-31,39.635,NA,NA,NA,286.704
1946-04-01,41.738,NA,NA,NA,286.771
1946-04-02,40.304,NA,NA,NA,286.725
1946-04-03,36.48,NA,NA,NA,286.603
1946-04-04,40.113,NA,NA,NA,286.719
1946-04-05,37.627,NA,NA,NA,286.64
1946-04-06,36.48,NA,NA,NA,286.603
1946-04-07,37.341,NA,NA,NA,286.631
1946-04-08,38.966,NA,NA,NA,286.683
1946-04-09,35.142,NA,NA,NA,286.561
1946-04-10,34.856,NA,NA,NA,286.552
1946-04-11,35.238,NA,NA,NA,286.564
1946-04-12,34.473,NA,NA,NA,286.539
1946-04-13,34.377,NA,NA,NA,286.536
1946-04-14,36.768,NA,NA,NA,286.613
1946-04-15,34.091,NA,NA,NA,286.527
1946-04-16,31.377,NA,NA,NA,286.436
1946-04-17,31.824,NA,NA,NA,286.451
1946-04-18,31.645,NA,NA,NA,286.445
1946-04-19,31.377,NA,NA,NA,286.436
1946-04-20,27.8,NA,NA,NA,286.314
1946-04-21,35.238,NA,NA,NA,286.564
1946-04-22,36.194,NA,NA,NA,286.594
1946-04-23,30.035,NA,NA,NA,286.39
1946-04-24,30.214,NA,NA,NA,286.396
1946-04-25,29.231,NA,NA,NA,286.363
1946-04-26,27.979,NA,NA,NA,286.32
1946-04-27,26.637,NA,NA,NA,286.274
1946-04-28,26.995,NA,NA,NA,286.286
1946-04-29,26.19,NA,NA,NA,286.259
1946-04-30,25.117,NA,NA,NA,286.222
1946-05-01,24.131,NA,NA,NA,286.186
1946-05-02,23.36,NA,NA,NA,286.155
1946-05-03,23.744,NA,NA,NA,286.171
1946-05-04,24.515,NA,NA,NA,286.201
1946-05-05,23.282,NA,NA,NA,286.152
1946-05-06,22.203,NA,NA,NA,286.11
1946-05-07,22.743,NA,NA,NA,286.131
1946-05-08,22.203,NA,NA,NA,286.11
1946-05-09,20.43,NA,NA,NA,286.04
1946-05-10,22.203,NA,NA,NA,286.11
1946-05-11,19.581,NA,NA,NA,286.006
1946-05-12,19.581,NA,NA,NA,286.006
1946-05-13,20.198,NA,NA,NA,286.03
1946-05-14,NA,NA,NA,NA,NA
1946-05-15,NA,NA,NA,NA,NA
1946-05-16,NA,NA,NA,NA,NA
1946-05-17,NA,NA,NA,NA,NA
1946-05-18,NA,NA,NA,NA,NA
1946-05-19,NA,NA,NA,NA,NA
1946-05-20,NA,NA,NA,NA,NA
1946-05-21,NA,NA,NA,NA,NA
1946-05-22,NA,NA,NA,NA,NA
1946-05-23,NA,NA,NA,NA,NA
1946-05-24,NA,NA,NA,NA,NA
1946-05-25,NA,NA,NA,NA,NA
1946-05-26,NA,NA,NA,NA,NA
1946-05-27,NA,NA,NA,NA,NA
1946-05-28,NA,NA,NA,NA,NA
1946-05-29,NA,NA,NA,NA,NA
1946-05-30,NA,NA,NA,NA,NA
1946-05-31,NA,NA,NA,NA,NA
1946-06-01,NA,NA,NA,NA,NA
1946-06-02,NA,NA,NA,NA,NA
1946-06-03,NA,NA,NA,NA,NA
1946-06-04,NA,NA,NA,NA,NA
1946-06-05,NA,NA,NA,NA,NA
1946-06-06,NA,NA,NA,NA,NA
1946-06-07,NA,NA,NA,NA,NA
1946-06-08,NA,NA,NA,NA,NA
1946-06-09,NA,NA,NA,NA,NA
1946-06-10,NA,NA,NA,NA,NA
1946-06-11,NA,NA,NA,NA,NA
1946-06-12,NA,NA,NA,NA,NA
1946-06-13,NA,NA,NA,NA,NA
1946-06-14,NA,NA,NA,NA,NA
1946-06-15,NA,NA,NA,NA,NA
1946-06-16,NA,NA,NA,NA,NA
1946-06-17,NA,NA,NA,NA,NA
1946-06-18,NA,NA,NA,NA,NA
1946-06-19,NA,NA,NA,NA,NA
1946-06-20,NA,NA,NA,NA,NA
1946-06-21,NA,NA,NA,NA,NA
1946-06-22,NA,NA,NA,NA,NA
1946-06-23,NA,NA,NA,NA,NA
1946-06-24,NA,NA,NA,NA,NA
1946-06-25,NA,NA,NA,NA,NA
1946-06-26,NA,NA,NA,NA,NA
1946-06-27,NA,NA,NA,NA,NA
1946-06-28,NA,NA,NA,NA,NA
1946-06-29,NA,NA,NA,NA,NA
1946-06-30,NA,NA,NA,NA,NA
1946-07-01,NA,NA,NA,NA,NA
1946-07-02,NA,NA,NA,NA,NA
1946-07-03,NA,NA,NA,NA,NA
1946-07-04,NA,NA,NA,NA,NA
1946-07-05,NA,NA,NA,NA,NA
1946-07-06,NA,NA,NA,NA,NA
1946-07-07,NA,NA,NA,NA,NA
1946-07-08,NA,NA,NA,NA,NA
1946-07-09,NA,NA,NA,NA,NA
1946-07-10,NA,NA,NA,NA,NA
1946-07-11,NA,NA,NA,NA,NA
1946-07-12,NA,NA,NA,NA,NA
1946-07-13,NA,NA,NA,NA,NA
1946-07-14,NA,NA,NA,NA,NA
1946-07-15,NA,NA,NA,NA,NA
1946-07-16,NA,NA,NA,NA,NA
1946-07-17,NA,NA,NA,NA,NA
1946-07-18,NA,NA,NA,NA,NA
1946-07-19,NA,NA,NA,NA,NA
1946-07-20,NA,NA,NA,NA,NA
1946-07-21,NA,NA,NA,NA,NA
1946-07-22,NA,NA,NA,NA,NA
1946-07-23,NA,NA,NA,NA,NA
1946-07-24,NA,NA,NA,NA,NA
1946-07-25,NA,NA,NA,NA,NA
1946-07-26,NA,NA,NA,NA,NA
1946-07-27,NA,NA,NA,NA,NA
1946-07-28,NA,NA,NA,NA,NA
1946-07-29,NA,NA,NA,NA,NA
1946-07-30,NA,NA,NA,NA,NA
1946-07-31,NA,NA,NA,NA,NA
1946-08-01,NA,NA,NA,NA,NA
1946-08-02,NA,NA,NA,NA,NA
1946-08-03,NA,NA,NA,NA,NA
1946-08-04,NA,NA,NA,NA,NA
1946-08-05,NA,NA,NA,NA,NA
1946-08-06,NA,NA,NA,NA,NA
1946-08-07,NA,NA,NA,NA,NA
1946-08-08,NA,NA,NA,NA,NA
1946-08-09,NA,NA,NA,NA,NA
1946-08-10,NA,NA,NA,NA,NA
1946-08-11,NA,NA,NA,NA,NA
1946-08-12,NA,NA,NA,NA,NA
1946-08-13,NA,NA,NA,NA,NA
1946-08-14,NA,NA,NA,NA,NA
1946-08-15,NA,NA,NA,NA,NA
1946-08-16,NA,NA,NA,NA,NA
1946-08-17,NA,NA,NA,NA,NA
1946-08-18,NA,NA,NA,NA,NA
1946-08-19,NA,NA,NA,NA,NA
1946-08-20,NA,NA,NA,NA,NA
1946-08-21,NA,NA,NA,NA,NA
1946-08-22,NA,NA,NA,NA,NA
1946-08-23,NA,NA,NA,NA,NA
1946-08-24,NA,NA,NA,NA,NA
1946-08-25,NA,NA,NA,NA,NA
1946-08-26,NA,NA,NA,NA,NA
1946-08-27,NA,NA,NA,NA,NA
1946-08-28,NA,NA,NA,NA,NA
1946-08-29,NA,NA,NA,NA,NA
1946-08-30,NA,NA,NA,NA,NA
1946-08-31,NA,NA,NA,NA,NA
1946-09-01,NA,NA,NA,NA,NA
1946-09-02,NA,NA,NA,NA,NA
1946-09-03,NA,NA,NA,NA,NA
1946-09-04,NA,NA,NA,NA,NA
1946-09-05,NA,NA,NA,NA,NA
1946-09-06,NA,NA,NA,NA,NA
1946-09-07,NA,NA,NA,NA,NA
1946-09-08,NA,NA,NA,NA,NA
1946-09-09,NA,NA,NA,NA,NA
1946-09-10,NA,NA,NA,NA,NA
1946-09-11,NA,NA,NA,NA,NA
1946-09-12,NA,NA,NA,NA,NA
1946-09-13,NA,NA,NA,NA,NA
1946-09-14,NA,NA,NA,NA,NA
1946-09-15,NA,NA,NA,NA,NA
1946-09-16,NA,NA,NA,NA,NA
1946-09-17,NA,NA,NA,NA,NA
1946-09-18,NA,NA,NA,NA,NA
1946-09-19,NA,NA,NA,NA,NA
1946-09-20,NA,NA,NA,NA,NA
1946-09-21,NA,NA,NA,NA,NA
1946-09-22,NA,NA,NA,NA,NA
1946-09-23,NA,NA,NA,NA,NA
1946-09-24,NA,NA,NA,NA,NA
1946-09-25,NA,NA,NA,NA,NA
1946-09-26,NA,NA,NA,NA,NA
1946-09-27,NA,NA,NA,NA,NA
1946-09-28,NA,NA,NA,NA,NA
1946-09-29,NA,NA,NA,NA,NA
1946-09-30,NA,NA,NA,NA,NA
1946-10-01,NA,NA,NA,NA,NA
1946-10-02,NA,NA,NA,NA,NA
1946-10-03,NA,NA,NA,NA,NA
1946-10-04,NA,NA,NA,NA,NA
1946-10-05,NA,NA,NA,NA,NA
1946-10-06,NA,NA,NA,NA,NA
1946-10-07,NA,NA,NA,NA,NA
1946-10-08,NA,NA,NA,NA,NA
1946-10-09,NA,NA,NA,NA,NA
1946-10-10,NA,NA,NA,NA,NA
1946-10-11,NA,NA,NA,NA,NA
1946-10-12,NA,NA,NA,NA,NA
1946-10-13,NA,NA,NA,NA,NA
1946-10-14,NA,NA,NA,NA,NA
1946-10-15,NA,NA,NA,NA,NA
1946-10-16,NA,NA,NA,NA,NA
1946-10-17,NA,NA,NA,NA,NA
1946-10-18,NA,NA,NA,NA,NA
1946-10-19,NA,NA,NA,NA,NA
1946-10-20,NA,NA,NA,NA,NA
1946-10-21,NA,NA,NA,NA,NA
1946-10-22,NA,NA,NA,NA,NA
1946-10-23,NA,NA,NA,NA,NA
1946-10-24,NA,NA,NA,NA,NA
1946-10-25,NA,NA,NA,NA,NA
1946-10-26,NA,NA,NA,NA,NA
1946-10-27,NA,NA,NA,NA,NA
1946-10-28,NA,NA,NA,NA,NA
1946-10-29,NA,NA,NA,NA,NA
1946-10-30,NA,NA,NA,NA,NA
1946-10-31,NA,NA,NA,NA,NA
1946-11-01,NA,NA,NA,NA,NA
1946-11-02,NA,NA,NA,NA,NA
1946-11-03,NA,NA,NA,NA,NA
1946-11-04,NA,NA,NA,NA,NA
1946-11-05,NA,NA,NA,NA,NA
1946-11-06,NA,NA,NA,NA,NA
1946-11-07,NA,NA,NA,NA,NA
1946-11-08,NA,NA,NA,NA,NA
1946-11-09,NA,NA,NA,NA,NA
1946-11-10,NA,NA,NA,NA,NA
1946-11-11,NA,NA,NA,NA,NA
1946-11-12,NA,NA,NA,NA,NA
1946-11-13,NA,NA,NA,NA,NA
1946-11-14,NA,NA,NA,NA,NA
1946-11-15,NA,NA,NA,NA,NA
1946-11-16,NA,NA,NA,NA,NA
1946-11-17,NA,NA,NA,NA,NA
1946-11-18,NA,NA,NA,NA,NA
1946-11-19,NA,NA,NA,NA,NA
1946-11-20,NA,NA,NA,NA,NA
1946-11-21,NA,NA,NA,NA,NA
1946-11-22,NA,NA,NA,NA,NA
1946-11-23,NA,NA,NA,NA,NA
1946-11-24,NA,NA,NA,NA,NA
1946-11-25,NA,NA,NA,NA,NA
1946-11-26,NA,NA,NA,NA,NA
1946-11-27,NA,NA,NA,NA,NA
1946-11-28,NA,NA,NA,NA,NA
1946-11-29,NA,NA,NA,NA,NA
1946-11-30,NA,NA,NA,NA,NA
1946-12-01,NA,NA,NA,NA,NA
1946-12-02,NA,NA,NA,NA,NA
1946-12-03,NA,NA,NA,NA,NA
1946-12-04,NA,NA,NA,NA,NA
1946-12-05,NA,NA,NA,NA,NA
1946-12-06,NA,NA,NA,NA,NA
1946-12-07,NA,NA,NA,NA,NA
1946-12-08,NA,NA,NA,NA,NA
1946-12-09,NA,NA,NA,NA,NA
1946-12-10,NA,NA,NA,NA,NA
1946-12-11,NA,NA,NA,NA,NA
1946-12-12,NA,NA,NA,NA,NA
1946-12-13,NA,NA,NA,NA,NA
1946-12-14,NA,NA,NA,NA,NA
1946-12-15,NA,NA,NA,NA,NA
1946-12-16,NA,NA,NA,NA,NA
1946-12-17,NA,NA,NA,NA,NA
1946-12-18,NA,NA,NA,NA,NA
1946-12-19,NA,NA,NA,NA,NA
1946-12-20,NA,NA,NA,NA,NA
1946-12-21,NA,NA,NA,NA,NA
1946-12-22,NA,NA,NA,NA,NA
1946-12-23,NA,NA,NA,NA,NA
1946-12-24,NA,NA,NA,NA,NA
1946-12-25,NA,NA,NA,NA,NA
1946-12-26,NA,NA,NA,NA,NA
1946-12-27,NA,NA,NA,NA,NA
1946-12-28,NA,NA,NA,NA,NA
1946-12-29,NA,NA,NA,NA,NA
1946-12-30,NA,NA,NA,NA,NA
1946-12-31,NA,NA,NA,NA,NA
1947-01-01,NA,NA,NA,NA,NA
1947-01-02,NA,NA,NA,NA,NA
1947-01-03,NA,NA,NA,NA,NA
1947-01-04,NA,NA,NA,NA,NA
1947-01-05,NA,NA,NA,NA,NA
1947-01-06,NA,NA,NA,NA,NA
1947-01-07,NA,NA,NA,NA,NA
1947-01-08,NA,NA,NA,NA,NA
1947-01-09,NA,NA,NA,NA,NA
1947-01-10,NA,NA,NA,NA,NA
1947-01-11,NA,NA,NA,NA,NA
1947-01-12,NA,NA,NA,NA,NA
1947-01-13,NA,NA,NA,NA,NA
1947-01-14,NA,NA,NA,NA,NA
1947-01-15,NA,NA,NA,NA,NA
1947-01-16,NA,NA,NA,NA,NA
1947-01-17,NA,NA,NA,NA,NA
1947-01-18,NA,NA,NA,NA,NA
1947-01-19,NA,NA,NA,NA,NA
1947-01-20,NA,NA,NA,NA,NA
1947-01-21,NA,NA,NA,NA,NA
1947-01-22,NA,NA,NA,NA,NA
1947-01-23,NA,NA,NA,NA,NA
1947-01-24,NA,NA,NA,NA,NA
1947-01-25,NA,NA,NA,NA,NA
1947-01-26,NA,NA,NA,NA,NA
1947-01-27,NA,NA,NA,NA,NA
1947-01-28,NA,NA,NA,NA,NA
1947-01-29,NA,NA,NA,NA,NA
1947-01-30,NA,NA,NA,NA,NA
1947-01-31,NA,NA,NA,NA,NA
1947-02-01,NA,NA,NA,NA,NA
1947-02-02,NA,NA,NA,NA,NA
1947-02-03,NA,NA,NA,NA,NA
1947-02-04,NA,NA,NA,NA,NA
1947-02-05,NA,NA,NA,NA,NA
1947-02-06,NA,NA,NA,NA,NA
1947-02-07,NA,NA,NA,NA,NA
1947-02-08,NA,NA,NA,NA,NA
1947-02-09,NA,NA,NA,NA,NA
1947-02-10,NA,NA,NA,NA,NA
1947-02-11,NA,NA,NA,NA,NA
1947-02-12,NA,NA,NA,NA,NA
1947-02-13,NA,NA,NA,NA,NA
1947-02-14,NA,NA,NA,NA,NA
1947-02-15,NA,NA,NA,NA,NA
1947-02-16,NA,NA,NA,NA,NA
1947-02-17,NA,NA,NA,NA,NA
1947-02-18,NA,NA,NA,NA,NA
1947-02-19,NA,NA,NA,NA,NA
1947-02-20,NA,NA,NA,NA,NA
1947-02-21,NA,NA,NA,NA,NA
1947-02-22,NA,NA,NA,NA,NA
1947-02-23,NA,NA,NA,NA,NA
1947-02-24,NA,NA,NA,NA,NA
1947-02-25,NA,NA,NA,NA,NA
1947-02-26,NA,NA,NA,NA,NA
1947-02-27,NA,NA,NA,NA,NA
1947-02-28,NA,NA,NA,NA,NA
1947-03-01,NA,NA,NA,NA,NA
1947-03-02,NA,NA,NA,NA,NA
1947-03-03,NA,NA,NA,NA,NA
1947-03-04,NA,NA,NA,NA,NA
1947-03-05,NA,NA,NA,NA,NA
1947-03-06,NA,NA,NA,NA,NA
1947-03-07,NA,NA,NA,NA,NA
1947-03-08,NA,NA,NA,NA,NA
1947-03-09,NA,NA,NA,NA,NA
1947-03-10,NA,NA,NA,NA,NA
1947-03-11,NA,NA,NA,NA,NA
1947-03-12,NA,NA,NA,NA,NA
1947-03-13,NA,NA,NA,NA,NA
1947-03-14,NA,NA,NA,NA,NA
1947-03-15,NA,NA,NA,NA,NA
1947-03-16,NA,NA,NA,NA,NA
1947-03-17,NA,NA,NA,NA,NA
1947-03-18,NA,NA,NA,NA,NA
1947-03-19,NA,NA,NA,NA,NA
1947-03-20,NA,NA,NA,NA,NA
1947-03-21,NA,NA,NA,NA,NA
1947-03-22,NA,NA,NA,NA,NA
1947-03-23,NA,NA,NA,NA,NA
1947-03-24,NA,NA,NA,NA,NA
1947-03-25,NA,NA,NA,NA,NA
1947-03-26,NA,NA,NA,NA,NA
1947-03-27,NA,NA,NA,NA,NA
1947-03-28,NA,NA,NA,NA,NA
1947-03-29,NA,NA,NA,NA,NA
1947-03-30,NA,NA,NA,NA,NA
1947-03-31,23.051,NA,NA,NA,286.143
1947-04-01,23.514,NA,NA,NA,286.161
1947-04-02,23.744,NA,NA,NA,286.171
1947-04-03,23.899,NA,NA,NA,286.177
1947-04-04,24.938,NA,NA,NA,286.216
1947-04-05,26.637,NA,NA,NA,286.274
1947-04-06,29.768,NA,NA,NA,286.381
1947-04-07,30.93,NA,NA,NA,286.421
1947-04-08,34.568,NA,NA,NA,286.542
1947-04-09,37.436,NA,NA,NA,286.634
1947-04-10,40.018,NA,NA,NA,286.716
1947-04-11,44.504,NA,NA,NA,286.853
1947-04-12,51.165,NA,NA,NA,287.036
1947-04-13,59.546,NA,NA,NA,287.259
1947-04-14,56.265,NA,NA,NA,287.173
1947-04-15,55.796,NA,NA,NA,287.161
1947-04-16,55.445,NA,NA,NA,287.152
1947-04-17,53.607,NA,NA,NA,287.103
1947-04-18,53.163,NA,NA,NA,287.091
1947-04-19,52.275,NA,NA,NA,287.067
1947-04-20,52.053,NA,NA,NA,287.061
1947-04-21,52.275,NA,NA,NA,287.067
1947-04-22,51.609,NA,NA,NA,287.048
1947-04-23,51.276,NA,NA,NA,287.039
1947-04-24,49.389,NA,NA,NA,286.987
1947-04-25,48.944,NA,NA,NA,286.975
1947-04-26,48.5,NA,NA,NA,286.963
1947-04-27,47.057,NA,NA,NA,286.923
1947-04-28,45.725,NA,NA,NA,286.887
1947-04-29,45.392,NA,NA,NA,286.878
1947-04-30,43.505,NA,NA,NA,286.826
1947-05-01,43.505,NA,NA,NA,286.826
1947-05-02,42.981,NA,NA,NA,286.811
1947-05-03,43.172,NA,NA,NA,286.817
1947-05-04,41.738,NA,NA,NA,286.771
1947-05-05,38.871,NA,NA,NA,286.68
1947-05-06,38.392,NA,NA,NA,286.664
1947-05-07,37.915,NA,NA,NA,286.649
1947-05-08,37.245,NA,NA,NA,286.628
1947-05-09,36.671,NA,NA,NA,286.61
1947-05-10,34.951,NA,NA,NA,286.555
1947-05-11,35.524,NA,NA,NA,286.573
1947-05-12,35.333,NA,NA,NA,286.567
1947-05-13,35.047,NA,NA,NA,286.558
1947-05-14,34.759,NA,NA,NA,286.549
1947-05-15,34.568,NA,NA,NA,286.542
1947-05-16,33.166,NA,NA,NA,286.497
1947-05-17,33.345,NA,NA,NA,286.503
1947-05-18,33.255,NA,NA,NA,286.5
1947-05-19,33.612,NA,NA,NA,286.512
1947-05-20,34.856,NA,NA,NA,286.552
1947-05-21,33.076,NA,NA,NA,286.494
1947-05-22,32.718,NA,NA,NA,286.482
1947-05-23,32.003,NA,NA,NA,286.457
1947-05-24,31.824,NA,NA,NA,286.451
1947-05-25,31.645,NA,NA,NA,286.445
1947-05-26,29.589,NA,NA,NA,286.375
1947-05-27,30.93,NA,NA,NA,286.421
1947-05-28,31.914,NA,NA,NA,286.454
1947-05-29,32.181,NA,NA,NA,286.463
1947-05-30,31.02,NA,NA,NA,286.424
1947-05-31,31.198,NA,NA,NA,286.43
1947-06-01,31.198,NA,NA,NA,286.43
1947-06-02,30.393,NA,NA,NA,286.402
1947-06-03,29.32,NA,NA,NA,286.366
1947-06-04,31.108,NA,NA,NA,286.427
1947-06-05,31.645,NA,NA,NA,286.445
1947-06-06,30.214,NA,NA,NA,286.396
1947-06-07,29.41,NA,NA,NA,286.369
1947-06-08,29.589,NA,NA,NA,286.375
1947-06-09,30.393,NA,NA,NA,286.402
1947-06-10,32.003,NA,NA,NA,286.457
1947-06-11,31.824,NA,NA,NA,286.451
1947-06-12,30.572,NA,NA,NA,286.408
1947-06-13,31.108,NA,NA,NA,286.427
1947-06-14,31.735,NA,NA,NA,286.448
1947-06-15,32.181,NA,NA,NA,286.463
1947-06-16,32.181,NA,NA,NA,286.463
1947-06-17,32.45,NA,NA,NA,286.472
1947-06-18,32.181,NA,NA,NA,286.463
1947-06-19,31.556,NA,NA,NA,286.442
1947-06-20,29.856,NA,NA,NA,286.384
1947-06-21,30.214,NA,NA,NA,286.396
1947-06-22,30.393,NA,NA,NA,286.402
1947-06-23,33.255,NA,NA,NA,286.5
1947-06-24,31.108,NA,NA,NA,286.427
1947-06-25,30.304,NA,NA,NA,286.399
1947-06-26,29.32,NA,NA,NA,286.366
1947-06-27,28.247,NA,NA,NA,286.329
1947-06-28,28.426,NA,NA,NA,286.335
1947-06-29,27.979,NA,NA,NA,286.32
1947-06-30,26.816,NA,NA,NA,286.28
1947-07-01,26.816,NA,NA,NA,286.28
1947-07-02,25.475,NA,NA,NA,286.235
1947-07-03,25.117,NA,NA,NA,286.222
1947-07-04,24.361,NA,NA,NA,286.195
1947-07-05,25.027,NA,NA,NA,286.219
1947-07-06,24.285,NA,NA,NA,286.192
1947-07-07,23.514,NA,NA,NA,286.161
1947-07-08,23.051,NA,NA,NA,286.143
1947-07-09,22.743,NA,NA,NA,286.131
1947-07-10,22.357,NA,NA,NA,286.116
1947-07-11,22.28,NA,NA,NA,286.113
1947-07-12,20.815,NA,NA,NA,286.055
1947-07-13,22.819,NA,NA,NA,286.134
1947-07-14,21.972,NA,NA,NA,286.101
1947-07-15,21.586,NA,NA,NA,286.085
1947-07-16,21.201,NA,NA,NA,286.07
1947-07-17,22.126,NA,NA,NA,286.107
1947-07-18,23.668,NA,NA,NA,286.168
1947-07-19,21.278,NA,NA,NA,286.073
1947-07-20,21.894,NA,NA,NA,286.097
1947-07-21,20.584,NA,NA,NA,286.046
1947-07-22,19.813,NA,NA,NA,286.015
1947-07-23,19.427,NA,NA,NA,286
1947-07-24,19.119,NA,NA,NA,285.988
1947-07-25,18.811,NA,NA,NA,285.976
1947-07-26,18.656,NA,NA,NA,285.969
1947-07-27,18.811,NA,NA,NA,285.976
1947-07-28,18.272,NA,NA,NA,285.954
1947-07-29,18.04,NA,NA,NA,285.945
1947-07-30,19.119,NA,NA,NA,285.988
1947-07-31,17.731,NA,NA,NA,285.933
1947-08-01,17.115,NA,NA,NA,285.908
1947-08-02,17.346,NA,NA,NA,285.918
1947-08-03,16.96,NA,NA,NA,285.902
1947-08-04,17.115,NA,NA,NA,285.908
1947-08-05,16.96,NA,NA,NA,285.902
1947-08-06,17.038,NA,NA,NA,285.905
1947-08-07,16.384,NA,NA,NA,285.869
1947-08-08,16.07,NA,NA,NA,285.851
1947-08-09,15.912,NA,NA,NA,285.841
1947-08-10,15.807,NA,NA,NA,285.835
1947-08-11,15.597,NA,NA,NA,285.823
1947-08-12,15.912,NA,NA,NA,285.841
1947-08-13,15.912,NA,NA,NA,285.841
1947-08-14,NA,NA,NA,NA,NA
1947-08-15,NA,NA,NA,NA,NA
1947-08-16,NA,NA,NA,NA,NA
1947-08-17,NA,NA,NA,NA,NA
1947-08-18,NA,NA,NA,NA,NA
1947-08-19,NA,NA,NA,NA,NA
1947-08-20,NA,NA,NA,NA,NA
1947-08-21,NA,NA,NA,NA,NA
1947-08-22,NA,NA,NA,NA,NA
1947-08-23,NA,NA,NA,NA,NA
1947-08-24,NA,NA,NA,NA,NA
1947-08-25,NA,NA,NA,NA,NA
1947-08-26,NA,NA,NA,NA,NA
1947-08-27,NA,NA,NA,NA,NA
1947-08-28,NA,NA,NA,NA,NA
1947-08-29,NA,NA,NA,NA,NA
1947-08-30,NA,NA,NA,NA,NA
1947-08-31,NA,NA,NA,NA,NA
1947-09-01,NA,NA,NA,NA,NA
1947-09-02,NA,NA,NA,NA,NA
1947-09-03,NA,NA,NA,NA,NA
1947-09-04,NA,NA,NA,NA,NA
1947-09-05,NA,NA,NA,NA,NA
1947-09-06,NA,NA,NA,NA,NA
1947-09-07,NA,NA,NA,NA,NA
1947-09-08,NA,NA,NA,NA,NA
1947-09-09,NA,NA,NA,NA,NA
1947-09-10,NA,NA,NA,NA,NA
1947-09-11,NA,NA,NA,NA,NA
1947-09-12,NA,NA,NA,NA,NA
1947-09-13,NA,NA,NA,NA,NA
1947-09-14,NA,NA,NA,NA,NA
1947-09-15,NA,NA,NA,NA,NA
1947-09-16,NA,NA,NA,NA,NA
1947-09-17,NA,NA,NA,NA,NA
1947-09-18,NA,NA,NA,NA,NA
1947-09-19,NA,NA,NA,NA,NA
1947-09-20,NA,NA,NA,NA,NA
1947-09-21,NA,NA,NA,NA,NA
1947-09-22,NA,NA,NA,NA,NA
1947-09-23,NA,NA,NA,NA,NA
1947-09-24,NA,NA,NA,NA,NA
1947-09-25,NA,NA,NA,NA,NA
1947-09-26,NA,NA,NA,NA,NA
1947-09-27,NA,NA,NA,NA,NA
1947-09-28,NA,NA,NA,NA,NA
1947-09-29,NA,NA,NA,NA,NA
1947-09-30,NA,NA,NA,NA,NA
1947-10-01,NA,NA,NA,NA,NA
1947-10-02,NA,NA,NA,NA,NA
1947-10-03,NA,NA,NA,NA,NA
1947-10-04,NA,NA,NA,NA,NA
1947-10-05,NA,NA,NA,NA,NA
1947-10-06,NA,NA,NA,NA,NA
1947-10-07,NA,NA,NA,NA,NA
1947-10-08,NA,NA,NA,NA,NA
1947-10-09,NA,NA,NA,NA,NA
1947-10-10,NA,NA,NA,NA,NA
1947-10-11,NA,NA,NA,NA,NA
1947-10-12,NA,NA,NA,NA,NA
1947-10-13,NA,NA,NA,NA,NA
1947-10-14,NA,NA,NA,NA,NA
1947-10-15,NA,NA,NA,NA,NA
1947-10-16,NA,NA,NA,NA,NA
1947-10-17,NA,NA,NA,NA,NA
1947-10-18,NA,NA,NA,NA,NA
1947-10-19,NA,NA,NA,NA,NA
1947-10-20,NA,NA,NA,NA,NA
1947-10-21,NA,NA,NA,NA,NA
1947-10-22,NA,NA,NA,NA,NA
1947-10-23,NA,NA,NA,NA,NA
1947-10-24,NA,NA,NA,NA,NA
1947-10-25,NA,NA,NA,NA,NA
1947-10-26,NA,NA,NA,NA,NA
1947-10-27,NA,NA,NA,NA,NA
1947-10-28,NA,NA,NA,NA,NA
1947-10-29,NA,NA,NA,NA,NA
1947-10-30,NA,NA,NA,NA,NA
1947-10-31,NA,NA,NA,NA,NA
1947-11-01,NA,NA,NA,NA,NA
1947-11-02,NA,NA,NA,NA,NA
1947-11-03,NA,NA,NA,NA,NA
1947-11-04,NA,NA,NA,NA,NA
1947-11-05,NA,NA,NA,NA,NA
1947-11-06,NA,NA,NA,NA,NA
1947-11-07,NA,NA,NA,NA,NA
1947-11-08,NA,NA,NA,NA,NA
1947-11-09,NA,NA,NA,NA,NA
1947-11-10,NA,NA,NA,NA,NA
1947-11-11,NA,NA,NA,NA,NA
1947-11-12,NA,NA,NA,NA,NA
1947-11-13,NA,NA,NA,NA,NA
1947-11-14,NA,NA,NA,NA,NA
1947-11-15,NA,NA,NA,NA,NA
1947-11-16,NA,NA,NA,NA,NA
1947-11-17,NA,NA,NA,NA,NA
1947-11-18,NA,NA,NA,NA,NA
1947-11-19,NA,NA,NA,NA,NA
1947-11-20,NA,NA,NA,NA,NA
1947-11-21,NA,NA,NA,NA,NA
1947-11-22,NA,NA,NA,NA,NA
1947-11-23,NA,NA,NA,NA,NA
1947-11-24,NA,NA,NA,NA,NA
1947-11-25,NA,NA,NA,NA,NA
1947-11-26,NA,NA,NA,NA,NA
1947-11-27,NA,NA,NA,NA,NA
1947-11-28,NA,NA,NA,NA,NA
1947-11-29,NA,NA,NA,NA,NA
1947-11-30,NA,NA,NA,NA,NA
1947-12-01,NA,NA,NA,NA,NA
1947-12-02,NA,NA,NA,NA,NA
1947-12-03,NA,NA,NA,NA,NA
1947-12-04,NA,NA,NA,NA,NA
1947-12-05,NA,NA,NA,NA,NA
1947-12-06,NA,NA,NA,NA,NA
1947-12-07,NA,NA,NA,NA,NA
1947-12-08,NA,NA,NA,NA,NA
1947-12-09,NA,NA,NA,NA,NA
1947-12-10,NA,NA,NA,NA,NA
1947-12-11,NA,NA,NA,NA,NA
1947-12-12,NA,NA,NA,NA,NA
1947-12-13,NA,NA,NA,NA,NA
1947-12-14,NA,NA,NA,NA,NA
1947-12-15,NA,NA,NA,NA,NA
1947-12-16,NA,NA,NA,NA,NA
1947-12-17,NA,NA,NA,NA,NA
1947-12-18,NA,NA,NA,NA,NA
1947-12-19,NA,NA,NA,NA,NA
1947-12-20,NA,NA,NA,NA,NA
1947-12-21,NA,NA,NA,NA,NA
1947-12-22,NA,NA,NA,NA,NA
1947-12-23,NA,NA,NA,NA,NA
1947-12-24,NA,NA,NA,NA,NA
1947-12-25,NA,NA,NA,NA,NA
1947-12-26,NA,NA,NA,NA,NA
1947-12-27,NA,NA,NA,NA,NA
1947-12-28,NA,NA,NA,NA,NA
1947-12-29,NA,NA,NA,NA,NA
1947-12-30,NA,NA,NA,NA,NA
1947-12-31,NA,NA,NA,NA,NA
1948-01-01,NA,NA,NA,NA,NA
1948-01-02,NA,NA,NA,NA,NA
1948-01-03,NA,NA,NA,NA,NA
1948-01-04,NA,NA,NA,NA,NA
1948-01-05,NA,NA,NA,NA,NA
1948-01-06,NA,NA,NA,NA,NA
1948-01-07,NA,NA,NA,NA,NA
1948-01-08,NA,NA,NA,NA,NA
1948-01-09,NA,NA,NA,NA,NA
1948-01-10,NA,NA,NA,NA,NA
1948-01-11,NA,NA,NA,NA,NA
1948-01-12,NA,NA,NA,NA,NA
1948-01-13,NA,NA,NA,NA,NA
1948-01-14,NA,NA,NA,NA,NA
1948-01-15,NA,NA,NA,NA,NA
1948-01-16,NA,NA,NA,NA,NA
1948-01-17,NA,NA,NA,NA,NA
1948-01-18,NA,NA,NA,NA,NA
1948-01-19,NA,NA,NA,NA,NA
1948-01-20,NA,NA,NA,NA,NA
1948-01-21,NA,NA,NA,NA,NA
1948-01-22,NA,NA,NA,NA,NA
1948-01-23,NA,NA,NA,NA,NA
1948-01-24,NA,NA,NA,NA,NA
1948-01-25,NA,NA,NA,NA,NA
1948-01-26,NA,NA,NA,NA,NA
1948-01-27,NA,NA,NA,NA,NA
1948-01-28,NA,NA,NA,NA,NA
1948-01-29,NA,NA,NA,NA,NA
1948-01-30,NA,NA,NA,NA,NA
1948-01-31,NA,NA,NA,NA,NA
1948-02-01,NA,NA,NA,NA,NA
1948-02-02,NA,NA,NA,NA,NA
1948-02-03,NA,NA,NA,NA,NA
1948-02-04,NA,NA,NA,NA,NA
1948-02-05,NA,NA,NA,NA,NA
1948-02-06,NA,NA,NA,NA,NA
1948-02-07,NA,NA,NA,NA,NA
1948-02-08,NA,NA,NA,NA,NA
1948-02-09,NA,NA,NA,NA,NA
1948-02-10,NA,NA,NA,NA,NA
1948-02-11,NA,NA,NA,NA,NA
1948-02-12,NA,NA,NA,NA,NA
1948-02-13,NA,NA,NA,NA,NA
1948-02-14,NA,NA,NA,NA,NA
1948-02-15,NA,NA,NA,NA,NA
1948-02-16,NA,NA,NA,NA,NA
1948-02-17,NA,NA,NA,NA,NA
1948-02-18,NA,NA,NA,NA,NA
1948-02-19,NA,NA,NA,NA,NA
1948-02-20,NA,NA,NA,NA,NA
1948-02-21,NA,NA,NA,NA,NA
1948-02-22,NA,NA,NA,NA,NA
1948-02-23,NA,NA,NA,NA,NA
1948-02-24,NA,NA,NA,NA,NA
1948-02-25,NA,NA,NA,NA,NA
1948-02-26,NA,NA,NA,NA,NA
1948-02-27,NA,NA,NA,NA,NA
1948-02-28,NA,NA,NA,NA,NA
1948-02-29,NA,NA,NA,NA,NA
1948-03-01,15.912,NA,NA,NA,285.841
1948-03-02,15.912,NA,NA,NA,285.841
1948-03-03,16.175,NA,NA,NA,285.857
1948-03-04,16.175,NA,NA,NA,285.857
1948-03-05,16.436,NA,NA,NA,285.872
1948-03-06,16.436,NA,NA,NA,285.872
1948-03-07,16.436,NA,NA,NA,285.872
1948-03-08,16.436,NA,NA,NA,285.872
1948-03-09,16.436,NA,NA,NA,285.872
1948-03-10,16.436,NA,NA,NA,285.872
1948-03-11,16.436,NA,NA,NA,285.872
1948-03-12,16.436,NA,NA,NA,285.872
1948-03-13,16.436,NA,NA,NA,285.872
1948-03-14,16.436,NA,NA,NA,285.872
1948-03-15,16.436,NA,NA,NA,285.872
1948-03-16,16.436,NA,NA,NA,285.872
1948-03-17,16.436,NA,NA,NA,285.872
1948-03-18,16.436,NA,NA,NA,285.872
1948-03-19,16.436,NA,NA,NA,285.872
1948-03-20,16.436,NA,NA,NA,285.872
1948-03-21,16.96,NA,NA,NA,285.902
1948-03-22,17.731,NA,NA,NA,285.933
1948-03-23,19.273,NA,NA,NA,285.994
1948-03-24,21.123,NA,NA,NA,286.067
1948-03-25,22.897,NA,NA,NA,286.137
1948-03-26,28.247,NA,NA,NA,286.329
1948-03-27,38.966,NA,NA,NA,286.683
1948-03-28,42.598,NA,NA,NA,286.799
1948-03-29,43.727,NA,NA,NA,286.832
1948-03-30,42.503,NA,NA,NA,286.795
1948-03-31,42.216,NA,NA,NA,286.786
1948-04-01,41.451,NA,NA,NA,286.762
1948-04-02,41.26,NA,NA,NA,286.756
1948-04-03,41.26,NA,NA,NA,286.756
1948-04-04,40.783,NA,NA,NA,286.741
1948-04-05,40.783,NA,NA,NA,286.741
1948-04-06,40.113,NA,NA,NA,286.719
1948-04-07,40.018,NA,NA,NA,286.716
1948-04-08,41.547,NA,NA,NA,286.765
1948-04-09,38.01,NA,NA,NA,286.652
1948-04-10,37.724,NA,NA,NA,286.643
1948-04-11,40.113,NA,NA,NA,286.719
1948-04-12,40.686,NA,NA,NA,286.738
1948-04-13,36.671,NA,NA,NA,286.61
1948-04-14,37.15,NA,NA,NA,286.625
1948-04-15,36.003,NA,NA,NA,286.588
1948-04-16,36.003,NA,NA,NA,286.588
1948-04-17,34.091,NA,NA,NA,286.527
1948-04-18,34.951,NA,NA,NA,286.555
1948-04-19,34.951,NA,NA,NA,286.555
1948-04-20,35.047,NA,NA,NA,286.558
1948-04-21,33.524,NA,NA,NA,286.509
1948-04-22,32.718,NA,NA,NA,286.482
1948-04-23,32.897,NA,NA,NA,286.488
1948-04-24,33.804,NA,NA,NA,286.518
1948-04-25,32.897,NA,NA,NA,286.488
1948-04-26,34.091,NA,NA,NA,286.527
1948-04-27,34.282,NA,NA,NA,286.533
1948-04-28,33.612,NA,NA,NA,286.512
1948-04-29,33.166,NA,NA,NA,286.497
1948-04-30,31.556,NA,NA,NA,286.442
1948-05-01,32.897,NA,NA,NA,286.488
1948-05-02,32.272,NA,NA,NA,286.466
1948-05-03,32.808,NA,NA,NA,286.485
1948-05-04,32.093,NA,NA,NA,286.46
1948-05-05,31.645,NA,NA,NA,286.445
1948-05-06,31.556,NA,NA,NA,286.442
1948-05-07,30.214,NA,NA,NA,286.396
1948-05-08,28.247,NA,NA,NA,286.329
1948-05-09,28.247,NA,NA,NA,286.329
1948-05-10,28.247,NA,NA,NA,286.329
1948-05-11,28.247,NA,NA,NA,286.329
1948-05-12,28.247,NA,NA,NA,286.329
1948-05-13,27.621,NA,NA,NA,286.308
1948-05-14,25.385,NA,NA,NA,286.232
1948-05-15,28.604,NA,NA,NA,286.341
1948-05-16,30.751,NA,NA,NA,286.414
1948-05-17,25.475,NA,NA,NA,286.235
1948-05-18,23.744,NA,NA,NA,286.171
1948-05-19,24.285,NA,NA,NA,286.192
1948-05-20,25.027,NA,NA,NA,286.219
1948-05-21,23.976,NA,NA,NA,286.18
1948-05-22,24.053,NA,NA,NA,286.183
1948-05-23,22.743,NA,NA,NA,286.131
1948-05-24,23.36,NA,NA,NA,286.155
1948-05-25,22.743,NA,NA,NA,286.131
1948-05-26,22.665,NA,NA,NA,286.128
1948-05-27,24.131,NA,NA,NA,286.186
1948-05-28,21.432,NA,NA,NA,286.079
1948-05-29,21.278,NA,NA,NA,286.073
1948-05-30,21.123,NA,NA,NA,286.067
1948-05-31,20.969,NA,NA,NA,286.061
1948-06-01,20.661,NA,NA,NA,286.049
1948-06-02,20.276,NA,NA,NA,286.033
1948-06-03,20.198,NA,NA,NA,286.03
1948-06-04,20.044,NA,NA,NA,286.024
1948-06-05,20.044,NA,NA,NA,286.024
1948-06-06,19.89,NA,NA,NA,286.018
1948-06-07,20.815,NA,NA,NA,286.055
1948-06-08,20.198,NA,NA,NA,286.03
1948-06-09,18.888,NA,NA,NA,285.979
1948-06-10,21.047,NA,NA,NA,286.064
1948-06-11,NA,NA,NA,NA,NA
1948-06-12,NA,NA,NA,NA,NA
1948-06-13,NA,NA,NA,NA,NA
1948-06-14,NA,NA,NA,NA,NA
1948-06-15,NA,NA,NA,NA,NA
1948-06-16,NA,NA,NA,NA,NA
1948-06-17,NA,NA,NA,NA,NA
1948-06-18,NA,NA,NA,NA,NA
1948-06-19,NA,NA,NA,NA,NA
1948-06-20,NA,NA,NA,NA,NA
1948-06-21,NA,NA,NA,NA,NA
1948-06-22,NA,NA,NA,NA,NA
1948-06-23,NA,NA,NA,NA,NA
1948-06-24,NA,NA,NA,NA,NA
1948-06-25,NA,NA,NA,NA,NA
1948-06-26,NA,NA,NA,NA,NA
1948-06-27,NA,NA,NA,NA,NA
1948-06-28,NA,NA,NA,NA,NA
1948-06-29,NA,NA,NA,NA,NA
1948-06-30,NA,NA,NA,NA,NA
1948-07-01,NA,NA,NA,NA,NA
1948-07-02,NA,NA,NA,NA,NA
1948-07-03,NA,NA,NA,NA,NA
1948-07-04,NA,NA,NA,NA,NA
1948-07-05,NA,NA,NA,NA,NA
1948-07-06,NA,NA,NA,NA,NA
1948-07-07,NA,NA,NA,NA,NA
1948-07-08,NA,NA,NA,NA,NA
1948-07-09,NA,NA,NA,NA,NA
1948-07-10,NA,NA,NA,NA,NA
1948-07-11,NA,NA,NA,NA,NA
1948-07-12,NA,NA,NA,NA,NA
1948-07-13,NA,NA,NA,NA,NA
1948-07-14,NA,NA,NA,NA,NA
1948-07-15,NA,NA,NA,NA,NA
1948-07-16,NA,NA,NA,NA,NA
1948-07-17,NA,NA,NA,NA,NA
1948-07-18,NA,NA,NA,NA,NA
1948-07-19,NA,NA,NA,NA,NA
1948-07-20,NA,NA,NA,NA,NA
1948-07-21,NA,NA,NA,NA,NA
1948-07-22,NA,NA,NA,NA,NA
1948-07-23,NA,NA,NA,NA,NA
1948-07-24,NA,NA,NA,NA,NA
1948-07-25,NA,NA,NA,NA,NA
1948-07-26,NA,NA,NA,NA,NA
1948-07-27,NA,NA,NA,NA,NA
1948-07-28,NA,NA,NA,NA,NA
1948-07-29,NA,NA,NA,NA,NA
1948-07-30,NA,NA,NA,NA,NA
1948-07-31,NA,NA,NA,NA,NA
1948-08-01,NA,NA,NA,NA,NA
1948-08-02,NA,NA,NA,NA,NA
1948-08-03,NA,NA,NA,NA,NA
1948-08-04,NA,NA,NA,NA,NA
1948-08-05,NA,NA,NA,NA,NA
1948-08-06,NA,NA,NA,NA,NA
1948-08-07,NA,NA,NA,NA,NA
1948-08-08,NA,NA,NA,NA,NA
1948-08-09,NA,NA,NA,NA,NA
1948-08-10,NA,NA,NA,NA,NA
1948-08-11,NA,NA,NA,NA,NA
1948-08-12,NA,NA,NA,NA,NA
1948-08-13,NA,NA,NA,NA,NA
1948-08-14,NA,NA,NA,NA,NA
1948-08-15,NA,NA,NA,NA,NA
1948-08-16,NA,NA,NA,NA,NA
1948-08-17,NA,NA,NA,NA,NA
1948-08-18,NA,NA,NA,NA,NA
1948-08-19,NA,NA,NA,NA,NA
1948-08-20,NA,NA,NA,NA,NA
1948-08-21,NA,NA,NA,NA,NA
1948-08-22,NA,NA,NA,NA,NA
1948-08-23,NA,NA,NA,NA,NA
1948-08-24,NA,NA,NA,NA,NA
1948-08-25,NA,NA,NA,NA,NA
1948-08-26,NA,NA,NA,NA,NA
1948-08-27,NA,NA,NA,NA,NA
1948-08-28,NA,NA,NA,NA,NA
1948-08-29,NA,NA,NA,NA,NA
1948-08-30,NA,NA,NA,NA,NA
1948-08-31,NA,NA,NA,NA,NA
1948-09-01,NA,NA,NA,NA,NA
1948-09-02,NA,NA,NA,NA,NA
1948-09-03,NA,NA,NA,NA,NA
1948-09-04,NA,NA,NA,NA,NA
1948-09-05,NA,NA,NA,NA,NA
1948-09-06,NA,NA,NA,NA,NA
1948-09-07,NA,NA,NA,NA,NA
1948-09-08,NA,NA,NA,NA,NA
1948-09-09,NA,NA,NA,NA,NA
1948-09-10,NA,NA,NA,NA,NA
1948-09-11,NA,NA,NA,NA,NA
1948-09-12,NA,NA,NA,NA,NA
1948-09-13,NA,NA,NA,NA,NA
1948-09-14,NA,NA,NA,NA,NA
1948-09-15,NA,NA,NA,NA,NA
1948-09-16,NA,NA,NA,NA,NA
1948-09-17,NA,NA,NA,NA,NA
1948-09-18,NA,NA,NA,NA,NA
1948-09-19,NA,NA,NA,NA,NA
1948-09-20,NA,NA,NA,NA,NA
1948-09-21,NA,NA,NA,NA,NA
1948-09-22,NA,NA,NA,NA,NA
1948-09-23,NA,NA,NA,NA,NA
1948-09-24,NA,NA,NA,NA,NA
1948-09-25,NA,NA,NA,NA,NA
1948-09-26,NA,NA,NA,NA,NA
1948-09-27,NA,NA,NA,NA,NA
1948-09-28,NA,NA,NA,NA,NA
1948-09-29,NA,NA,NA,NA,NA
1948-09-30,NA,NA,NA,NA,NA
1948-10-01,NA,NA,NA,NA,NA
1948-10-02,NA,NA,NA,NA,NA
1948-10-03,NA,NA,NA,NA,NA
1948-10-04,NA,NA,NA,NA,NA
1948-10-05,NA,NA,NA,NA,NA
1948-10-06,NA,NA,NA,NA,NA
1948-10-07,NA,NA,NA,NA,NA
1948-10-08,NA,NA,NA,NA,NA
1948-10-09,NA,NA,NA,NA,NA
1948-10-10,NA,NA,NA,NA,NA
1948-10-11,NA,NA,NA,NA,NA
1948-10-12,NA,NA,NA,NA,NA
1948-10-13,NA,NA,NA,NA,NA
1948-10-14,NA,NA,NA,NA,NA
1948-10-15,NA,NA,NA,NA,NA
1948-10-16,NA,NA,NA,NA,NA
1948-10-17,NA,NA,NA,NA,NA
1948-10-18,NA,NA,NA,NA,NA
1948-10-19,NA,NA,NA,NA,NA
1948-10-20,NA,NA,NA,NA,NA
1948-10-21,NA,NA,NA,NA,NA
1948-10-22,NA,NA,NA,NA,NA
1948-10-23,NA,NA,NA,NA,NA
1948-10-24,NA,NA,NA,NA,NA
1948-10-25,NA,NA,NA,NA,NA
1948-10-26,NA,NA,NA,NA,NA
1948-10-27,NA,NA,NA,NA,NA
1948-10-28,NA,NA,NA,NA,NA
1948-10-29,NA,NA,NA,NA,NA
1948-10-30,NA,NA,NA,NA,NA
1948-10-31,NA,NA,NA,NA,NA
1948-11-01,NA,NA,NA,NA,NA
1948-11-02,NA,NA,NA,NA,NA
1948-11-03,NA,NA,NA,NA,NA
1948-11-04,NA,NA,NA,NA,NA
1948-11-05,NA,NA,NA,NA,NA
1948-11-06,NA,NA,NA,NA,NA
1948-11-07,NA,NA,NA,NA,NA
1948-11-08,NA,NA,NA,NA,NA
1948-11-09,NA,NA,NA,NA,NA
1948-11-10,NA,NA,NA,NA,NA
1948-11-11,NA,NA,NA,NA,NA
1948-11-12,NA,NA,NA,NA,NA
1948-11-13,NA,NA,NA,NA,NA
1948-11-14,NA,NA,NA,NA,NA
1948-11-15,NA,NA,NA,NA,NA
1948-11-16,NA,NA,NA,NA,NA
1948-11-17,NA,NA,NA,NA,NA
1948-11-18,NA,NA,NA,NA,NA
1948-11-19,NA,NA,NA,NA,NA
1948-11-20,NA,NA,NA,NA,NA
1948-11-21,NA,NA,NA,NA,NA
1948-11-22,NA,NA,NA,NA,NA
1948-11-23,NA,NA,NA,NA,NA
1948-11-24,NA,NA,NA,NA,NA
1948-11-25,NA,NA,NA,NA,NA
1948-11-26,NA,NA,NA,NA,NA
1948-11-27,NA,NA,NA,NA,NA
1948-11-28,NA,NA,NA,NA,NA
1948-11-29,NA,NA,NA,NA,NA
1948-11-30,NA,NA,NA,NA,NA
1948-12-01,NA,NA,NA,NA,NA
1948-12-02,NA,NA,NA,NA,NA
1948-12-03,NA,NA,NA,NA,NA
1948-12-04,NA,NA,NA,NA,NA
1948-12-05,NA,NA,NA,NA,NA
1948-12-06,NA,NA,NA,NA,NA
1948-12-07,NA,NA,NA,NA,NA
1948-12-08,NA,NA,NA,NA,NA
1948-12-09,NA,NA,NA,NA,NA
1948-12-10,NA,NA,NA,NA,NA
1948-12-11,NA,NA,NA,NA,NA
1948-12-12,NA,NA,NA,NA,NA
1948-12-13,NA,NA,NA,NA,NA
1948-12-14,NA,NA,NA,NA,NA
1948-12-15,NA,NA,NA,NA,NA
1948-12-16,NA,NA,NA,NA,NA
1948-12-17,NA,NA,NA,NA,NA
1948-12-18,NA,NA,NA,NA,NA
1948-12-19,NA,NA,NA,NA,NA
1948-12-20,NA,NA,NA,NA,NA
1948-12-21,NA,NA,NA,NA,NA
1948-12-22,NA,NA,NA,NA,NA
1948-12-23,NA,NA,NA,NA,NA
1948-12-24,NA,NA,NA,NA,NA
1948-12-25,NA,NA,NA,NA,NA
1948-12-26,NA,NA,NA,NA,NA
1948-12-27,NA,NA,NA,NA,NA
1948-12-28,NA,NA,NA,NA,NA
1948-12-29,NA,NA,NA,NA,NA
1948-12-30,NA,NA,NA,NA,NA
1948-12-31,NA,NA,NA,NA,NA
1949-01-01,NA,NA,NA,NA,NA
1949-01-02,NA,NA,NA,NA,NA
1949-01-03,NA,NA,NA,NA,NA
1949-01-04,NA,NA,NA,NA,NA
1949-01-05,NA,NA,NA,NA,NA
1949-01-06,NA,NA,NA,NA,NA
1949-01-07,NA,NA,NA,NA,NA
1949-01-08,NA,NA,NA,NA,NA
1949-01-09,NA,NA,NA,NA,NA
1949-01-10,NA,NA,NA,NA,NA
1949-01-11,NA,NA,NA,NA,NA
1949-01-12,NA,NA,NA,NA,NA
1949-01-13,NA,NA,NA,NA,NA
1949-01-14,NA,NA,NA,NA,NA
1949-01-15,NA,NA,NA,NA,NA
1949-01-16,NA,NA,NA,NA,NA
1949-01-17,NA,NA,NA,NA,NA
1949-01-18,NA,NA,NA,NA,NA
1949-01-19,NA,NA,NA,NA,NA
1949-01-20,NA,NA,NA,NA,NA
1949-01-21,NA,NA,NA,NA,NA
1949-01-22,NA,NA,NA,NA,NA
1949-01-23,NA,NA,NA,NA,NA
1949-01-24,NA,NA,NA,NA,NA
1949-01-25,NA,NA,NA,NA,NA
1949-01-26,NA,NA,NA,NA,NA
1949-01-27,NA,NA,NA,NA,NA
1949-01-28,NA,NA,NA,NA,NA
1949-01-29,NA,NA,NA,NA,NA
1949-01-30,NA,NA,NA,NA,NA
1949-01-31,NA,NA,NA,NA,NA
1949-02-01,NA,NA,NA,NA,NA
1949-02-02,NA,NA,NA,NA,NA
1949-02-03,NA,NA,NA,NA,NA
1949-02-04,NA,NA,NA,NA,NA
1949-02-05,NA,NA,NA,NA,NA
1949-02-06,NA,NA,NA,NA,NA
1949-02-07,NA,NA,NA,NA,NA
1949-02-08,NA,NA,NA,NA,NA
1949-02-09,NA,NA,NA,NA,NA
1949-02-10,NA,NA,NA,NA,NA
1949-02-11,NA,NA,NA,NA,NA
1949-02-12,NA,NA,NA,NA,NA
1949-02-13,NA,NA,NA,NA,NA
1949-02-14,NA,NA,NA,NA,NA
1949-02-15,NA,NA,NA,NA,NA
1949-02-16,NA,NA,NA,NA,NA
1949-02-17,NA,NA,NA,NA,NA
1949-02-18,NA,NA,NA,NA,NA
1949-02-19,NA,NA,NA,NA,NA
1949-02-20,NA,NA,NA,NA,NA
1949-02-21,NA,NA,NA,NA,NA
1949-02-22,NA,NA,NA,NA,NA
1949-02-23,NA,NA,NA,NA,NA
1949-02-24,NA,NA,NA,NA,NA
1949-02-25,NA,NA,NA,NA,NA
1949-02-26,NA,NA,NA,NA,NA
1949-02-27,NA,NA,NA,NA,NA
1949-02-28,NA,NA,NA,NA,NA
1949-03-01,NA,NA,NA,NA,NA
1949-03-02,NA,NA,NA,NA,NA
1949-03-03,NA,NA,NA,NA,NA
1949-03-04,NA,NA,NA,NA,NA
1949-03-05,NA,NA,NA,NA,NA
1949-03-06,NA,NA,NA,NA,NA
1949-03-07,NA,NA,NA,NA,NA
1949-03-08,NA,NA,NA,NA,NA
1949-03-09,NA,NA,NA,NA,NA
1949-03-10,NA,NA,NA,NA,NA
1949-03-11,NA,NA,NA,NA,NA
1949-03-12,NA,NA,NA,NA,NA
1949-03-13,NA,NA,NA,NA,NA
1949-03-14,NA,NA,NA,NA,NA
1949-03-15,NA,NA,NA,NA,NA
1949-03-16,NA,NA,NA,NA,NA
1949-03-17,NA,NA,NA,NA,NA
1949-03-18,NA,NA,NA,NA,NA
1949-03-19,NA,NA,NA,NA,NA
1949-03-20,NA,NA,NA,NA,NA
1949-03-21,NA,NA,NA,NA,NA
1949-03-22,NA,NA,NA,NA,NA
1949-03-23,NA,NA,NA,NA,NA
1949-03-24,NA,NA,NA,NA,NA
1949-03-25,NA,NA,NA,NA,NA
1949-03-26,NA,NA,NA,NA,NA
1949-03-27,NA,NA,NA,NA,NA
1949-03-28,NA,NA,NA,NA,NA
1949-03-29,NA,NA,NA,NA,NA
1949-03-30,NA,NA,NA,NA,NA
1949-03-31,NA,NA,NA,NA,NA
1949-04-01,NA,NA,NA,NA,NA
1949-04-02,NA,NA,NA,NA,NA
1949-04-03,NA,NA,NA,NA,NA
1949-04-04,NA,NA,NA,NA,NA
1949-04-05,NA,NA,NA,NA,NA
1949-04-06,NA,NA,NA,NA,NA
1949-04-07,NA,NA,NA,NA,NA
1949-04-08,NA,NA,NA,NA,NA
1949-04-09,NA,NA,NA,NA,NA
1949-04-10,NA,NA,NA,NA,NA
1949-04-11,NA,NA,NA,NA,NA
1949-04-12,NA,NA,NA,NA,NA
1949-04-13,NA,NA,NA,NA,NA
1949-04-14,NA,NA,NA,NA,NA
1949-04-15,NA,NA,NA,NA,NA
1949-04-16,NA,NA,NA,NA,NA
1949-04-17,NA,NA,NA,NA,NA
1949-04-18,NA,NA,NA,NA,NA
1949-04-19,NA,NA,NA,NA,NA
1949-04-20,NA,NA,NA,NA,NA
1949-04-21,NA,NA,NA,NA,NA
1949-04-22,NA,NA,NA,NA,NA
1949-04-23,NA,NA,NA,NA,NA
1949-04-24,NA,NA,NA,NA,NA
1949-04-25,NA,NA,NA,NA,NA
1949-04-26,NA,NA,NA,NA,NA
1949-04-27,NA,NA,NA,NA,NA
1949-04-28,NA,NA,NA,NA,NA
1949-04-29,NA,NA,NA,NA,NA
1949-04-30,NA,NA,NA,NA,NA
1949-05-01,NA,NA,NA,NA,NA
1949-05-02,NA,NA,NA,NA,NA
1949-05-03,NA,NA,NA,NA,NA
1949-05-04,NA,NA,NA,NA,NA
1949-05-05,NA,NA,NA,NA,NA
1949-05-06,NA,NA,NA,NA,NA
1949-05-07,NA,NA,NA,NA,NA
1949-05-08,NA,NA,NA,NA,NA
1949-05-09,NA,NA,NA,NA,NA
1949-05-10,NA,NA,NA,NA,NA
1949-05-11,NA,NA,NA,NA,NA
1949-05-12,NA,NA,NA,NA,NA
1949-05-13,NA,NA,NA,NA,NA
1949-05-14,NA,NA,NA,NA,NA
1949-05-15,NA,NA,NA,NA,NA
1949-05-16,NA,NA,NA,NA,NA
1949-05-17,NA,NA,NA,NA,NA
1949-05-18,NA,NA,NA,NA,NA
1949-05-19,NA,NA,NA,NA,NA
1949-05-20,NA,NA,NA,NA,NA
1949-05-21,NA,NA,NA,NA,NA
1949-05-22,NA,NA,NA,NA,NA
1949-05-23,NA,NA,NA,NA,NA
1949-05-24,NA,NA,NA,NA,NA
1949-05-25,NA,NA,NA,NA,NA
1949-05-26,NA,NA,NA,NA,NA
1949-05-27,NA,NA,NA,NA,NA
1949-05-28,NA,NA,NA,NA,NA
1949-05-29,NA,NA,NA,NA,NA
1949-05-30,NA,NA,NA,NA,NA
1949-05-31,NA,NA,NA,NA,NA
1949-06-01,NA,NA,NA,NA,NA
1949-06-02,NA,NA,NA,NA,NA
1949-06-03,NA,NA,NA,NA,NA
1949-06-04,NA,NA,NA,NA,NA
1949-06-05,NA,NA,NA,NA,NA
1949-06-06,NA,NA,NA,NA,NA
1949-06-07,NA,NA,NA,NA,NA
1949-06-08,NA,NA,NA,NA,NA
1949-06-09,NA,NA,NA,NA,NA
1949-06-10,NA,NA,NA,NA,NA
1949-06-11,NA,NA,NA,NA,NA
1949-06-12,NA,NA,NA,NA,NA
1949-06-13,NA,NA,NA,NA,NA
1949-06-14,NA,NA,NA,NA,NA
1949-06-15,NA,NA,NA,NA,NA
1949-06-16,NA,NA,NA,NA,NA
1949-06-17,NA,NA,NA,NA,NA
1949-06-18,NA,NA,NA,NA,NA
1949-06-19,NA,NA,NA,NA,NA
1949-06-20,NA,NA,NA,NA,NA
1949-06-21,NA,NA,NA,NA,NA
1949-06-22,NA,NA,NA,NA,NA
1949-06-23,NA,NA,NA,NA,NA
1949-06-24,NA,NA,NA,NA,NA
1949-06-25,NA,NA,NA,NA,NA
1949-06-26,NA,NA,NA,NA,NA
1949-06-27,NA,NA,NA,NA,NA
1949-06-28,NA,NA,NA,NA,NA
1949-06-29,NA,NA,NA,NA,NA
1949-06-30,NA,NA,NA,NA,NA
1949-07-01,NA,NA,NA,NA,NA
1949-07-02,NA,NA,NA,NA,NA
1949-07-03,NA,NA,NA,NA,NA
1949-07-04,NA,NA,NA,NA,NA
1949-07-05,NA,NA,NA,NA,NA
1949-07-06,NA,NA,NA,NA,NA
1949-07-07,NA,NA,NA,NA,NA
1949-07-08,NA,NA,NA,NA,NA
1949-07-09,NA,NA,NA,NA,NA
1949-07-10,NA,NA,NA,NA,NA
1949-07-11,NA,NA,NA,NA,NA
1949-07-12,NA,NA,NA,NA,NA
1949-07-13,NA,NA,NA,NA,NA
1949-07-14,NA,NA,NA,NA,NA
1949-07-15,NA,NA,NA,NA,NA
1949-07-16,NA,NA,NA,NA,NA
1949-07-17,NA,NA,NA,NA,NA
1949-07-18,NA,NA,NA,NA,NA
1949-07-19,NA,NA,NA,NA,NA
1949-07-20,NA,NA,NA,NA,NA
1949-07-21,NA,NA,NA,NA,NA
1949-07-22,NA,NA,NA,NA,NA
1949-07-23,NA,NA,NA,NA,NA
1949-07-24,NA,NA,NA,NA,NA
1949-07-25,NA,NA,NA,NA,NA
1949-07-26,NA,NA,NA,NA,NA
1949-07-27,NA,NA,NA,NA,NA
1949-07-28,NA,NA,NA,NA,NA
1949-07-29,NA,NA,NA,NA,NA
1949-07-30,NA,NA,NA,NA,NA
1949-07-31,NA,NA,NA,NA,NA
1949-08-01,NA,NA,NA,NA,NA
1949-08-02,NA,NA,NA,NA,NA
1949-08-03,NA,NA,NA,NA,NA
1949-08-04,NA,NA,NA,NA,NA
1949-08-05,NA,NA,NA,NA,NA
1949-08-06,NA,NA,NA,NA,NA
1949-08-07,NA,NA,NA,NA,NA
1949-08-08,NA,NA,NA,NA,NA
1949-08-09,NA,NA,NA,NA,NA
1949-08-10,NA,NA,NA,NA,NA
1949-08-11,NA,NA,NA,NA,NA
1949-08-12,NA,NA,NA,NA,NA
1949-08-13,NA,NA,NA,NA,NA
1949-08-14,NA,NA,NA,NA,NA
1949-08-15,NA,NA,NA,NA,NA
1949-08-16,NA,NA,NA,NA,NA
1949-08-17,NA,NA,NA,NA,NA
1949-08-18,NA,NA,NA,NA,NA
1949-08-19,NA,NA,NA,NA,NA
1949-08-20,NA,NA,NA,NA,NA
1949-08-21,NA,NA,NA,NA,NA
1949-08-22,NA,NA,NA,NA,NA
1949-08-23,NA,NA,NA,NA,NA
1949-08-24,NA,NA,NA,NA,NA
1949-08-25,NA,NA,NA,NA,NA
1949-08-26,NA,NA,NA,NA,NA
1949-08-27,NA,NA,NA,NA,NA
1949-08-28,NA,NA,NA,NA,NA
1949-08-29,NA,NA,NA,NA,NA
1949-08-30,NA,NA,NA,NA,NA
1949-08-31,NA,NA,NA,NA,NA
1949-09-01,NA,NA,NA,NA,NA
1949-09-02,NA,NA,NA,NA,NA
1949-09-03,NA,NA,NA,NA,NA
1949-09-04,NA,NA,NA,NA,NA
1949-09-05,NA,NA,NA,NA,NA
1949-09-06,NA,NA,NA,NA,NA
1949-09-07,NA,NA,NA,NA,NA
1949-09-08,NA,NA,NA,NA,NA
1949-09-09,NA,NA,NA,NA,NA
1949-09-10,NA,NA,NA,NA,NA
1949-09-11,NA,NA,NA,NA,NA
1949-09-12,NA,NA,NA,NA,NA
1949-09-13,NA,NA,NA,NA,NA
1949-09-14,NA,NA,NA,NA,NA
1949-09-15,NA,NA,NA,NA,NA
1949-09-16,NA,NA,NA,NA,NA
1949-09-17,NA,NA,NA,NA,NA
1949-09-18,NA,NA,NA,NA,NA
1949-09-19,NA,NA,NA,NA,NA
1949-09-20,NA,NA,NA,NA,NA
1949-09-21,NA,NA,NA,NA,NA
1949-09-22,NA,NA,NA,NA,NA
1949-09-23,NA,NA,NA,NA,NA
1949-09-24,NA,NA,NA,NA,NA
1949-09-25,NA,NA,NA,NA,NA
1949-09-26,NA,NA,NA,NA,NA
1949-09-27,NA,NA,NA,NA,NA
1949-09-28,NA,NA,NA,NA,NA
1949-09-29,NA,NA,NA,NA,NA
1949-09-30,NA,NA,NA,NA,NA
1949-10-01,NA,NA,NA,NA,NA
1949-10-02,NA,NA,NA,NA,NA
1949-10-03,NA,NA,NA,NA,NA
1949-10-04,NA,NA,NA,NA,NA
1949-10-05,NA,NA,NA,NA,NA
1949-10-06,NA,NA,NA,NA,NA
1949-10-07,NA,NA,NA,NA,NA
1949-10-08,NA,NA,NA,NA,NA
1949-10-09,NA,NA,NA,NA,NA
1949-10-10,NA,NA,NA,NA,NA
1949-10-11,NA,NA,NA,NA,NA
1949-10-12,NA,NA,NA,NA,NA
1949-10-13,NA,NA,NA,NA,NA
1949-10-14,NA,NA,NA,NA,NA
1949-10-15,NA,NA,NA,NA,NA
1949-10-16,NA,NA,NA,NA,NA
1949-10-17,NA,NA,NA,NA,NA
1949-10-18,NA,NA,NA,NA,NA
1949-10-19,NA,NA,NA,NA,NA
1949-10-20,NA,NA,NA,NA,NA
1949-10-21,NA,NA,NA,NA,NA
1949-10-22,NA,NA,NA,NA,NA
1949-10-23,NA,NA,NA,NA,NA
1949-10-24,NA,NA,NA,NA,NA
1949-10-25,NA,NA,NA,NA,NA
1949-10-26,NA,NA,NA,NA,NA
1949-10-27,NA,NA,NA,NA,NA
1949-10-28,NA,NA,NA,NA,NA
1949-10-29,NA,NA,NA,NA,NA
1949-10-30,NA,NA,NA,NA,NA
1949-10-31,NA,NA,NA,NA,NA
1949-11-01,NA,NA,NA,NA,NA
1949-11-02,NA,NA,NA,NA,NA
1949-11-03,NA,NA,NA,NA,NA
1949-11-04,NA,NA,NA,NA,NA
1949-11-05,NA,NA,NA,NA,NA
1949-11-06,NA,NA,NA,NA,NA
1949-11-07,NA,NA,NA,NA,NA
1949-11-08,NA,NA,NA,NA,NA
1949-11-09,NA,NA,NA,NA,NA
1949-11-10,NA,NA,NA,NA,NA
1949-11-11,NA,NA,NA,NA,NA
1949-11-12,NA,NA,NA,NA,NA
1949-11-13,NA,NA,NA,NA,NA
1949-11-14,NA,NA,NA,NA,NA
1949-11-15,NA,NA,NA,NA,NA
1949-11-16,NA,NA,NA,NA,NA
1949-11-17,NA,NA,NA,NA,NA
1949-11-18,NA,NA,NA,NA,NA
1949-11-19,NA,NA,NA,NA,NA
1949-11-20,NA,NA,NA,NA,NA
1949-11-21,NA,NA,NA,NA,NA
1949-11-22,NA,NA,NA,NA,NA
1949-11-23,NA,NA,NA,NA,NA
1949-11-24,NA,NA,NA,NA,NA
1949-11-25,NA,NA,NA,NA,NA
1949-11-26,NA,NA,NA,NA,NA
1949-11-27,NA,NA,NA,NA,NA
1949-11-28,NA,NA,NA,NA,NA
1949-11-29,NA,NA,NA,NA,NA
1949-11-30,NA,NA,NA,NA,NA
1949-12-01,NA,NA,NA,NA,NA
1949-12-02,NA,NA,NA,NA,NA
1949-12-03,NA,NA,NA,NA,NA
1949-12-04,NA,NA,NA,NA,NA
1949-12-05,NA,NA,NA,NA,NA
1949-12-06,NA,NA,NA,NA,NA
1949-12-07,NA,NA,NA,NA,NA
1949-12-08,NA,NA,NA,NA,NA
1949-12-09,NA,NA,NA,NA,NA
1949-12-10,NA,NA,NA,NA,NA
1949-12-11,NA,NA,NA,NA,NA
1949-12-12,NA,NA,NA,NA,NA
1949-12-13,NA,NA,NA,NA,NA
1949-12-14,NA,NA,NA,NA,NA
1949-12-15,NA,NA,NA,NA,NA
1949-12-16,NA,NA,NA,NA,NA
1949-12-17,NA,NA,NA,NA,NA
1949-12-18,NA,NA,NA,NA,NA
1949-12-19,NA,NA,NA,NA,NA
1949-12-20,NA,NA,NA,NA,NA
1949-12-21,NA,NA,NA,NA,NA
1949-12-22,NA,NA,NA,NA,NA
1949-12-23,NA,NA,NA,NA,NA
1949-12-24,NA,NA,NA,NA,NA
1949-12-25,NA,NA,NA,NA,NA
1949-12-26,NA,NA,NA,NA,NA
1949-12-27,NA,NA,NA,NA,NA
1949-12-28,NA,NA,NA,NA,NA
1949-12-29,NA,NA,NA,NA,NA
1949-12-30,NA,NA,NA,NA,NA
1949-12-31,NA,NA,NA,NA,NA
1950-01-01,NA,NA,NA,NA,NA
1950-01-02,NA,NA,NA,NA,NA
1950-01-03,NA,NA,NA,NA,NA
1950-01-04,NA,NA,NA,NA,NA
1950-01-05,NA,NA,NA,NA,NA
1950-01-06,NA,NA,NA,NA,NA
1950-01-07,NA,NA,NA,NA,NA
1950-01-08,NA,NA,NA,NA,NA
1950-01-09,NA,NA,NA,NA,NA
1950-01-10,NA,NA,NA,NA,NA
1950-01-11,NA,NA,NA,NA,NA
1950-01-12,NA,NA,NA,NA,NA
1950-01-13,NA,NA,NA,NA,NA
1950-01-14,NA,NA,NA,NA,NA
1950-01-15,NA,NA,NA,NA,NA
1950-01-16,NA,NA,NA,NA,NA
1950-01-17,NA,NA,NA,NA,NA
1950-01-18,NA,NA,NA,NA,NA
1950-01-19,NA,NA,NA,NA,NA
1950-01-20,NA,NA,NA,NA,NA
1950-01-21,NA,NA,NA,NA,NA
1950-01-22,NA,NA,NA,NA,NA
1950-01-23,NA,NA,NA,NA,NA
1950-01-24,NA,NA,NA,NA,NA
1950-01-25,NA,NA,NA,NA,NA
1950-01-26,NA,NA,NA,NA,NA
1950-01-27,NA,NA,NA,NA,NA
1950-01-28,NA,NA,NA,NA,NA
1950-01-29,NA,NA,NA,NA,NA
1950-01-30,NA,NA,NA,NA,NA
1950-01-31,NA,NA,NA,NA,NA
1950-02-01,NA,NA,NA,NA,NA
1950-02-02,NA,NA,NA,NA,NA
1950-02-03,NA,NA,NA,NA,NA
1950-02-04,NA,NA,NA,NA,NA
1950-02-05,NA,NA,NA,NA,NA
1950-02-06,NA,NA,NA,NA,NA
1950-02-07,NA,NA,NA,NA,NA
1950-02-08,NA,NA,NA,NA,NA
1950-02-09,NA,NA,NA,NA,NA
1950-02-10,NA,NA,NA,NA,NA
1950-02-11,NA,NA,NA,NA,NA
1950-02-12,NA,NA,NA,NA,NA
1950-02-13,NA,NA,NA,NA,NA
1950-02-14,NA,NA,NA,NA,NA
1950-02-15,NA,NA,NA,NA,NA
1950-02-16,NA,NA,NA,NA,NA
1950-02-17,NA,NA,NA,NA,NA
1950-02-18,NA,NA,NA,NA,NA
1950-02-19,NA,NA,NA,NA,NA
1950-02-20,NA,NA,NA,NA,NA
1950-02-21,NA,NA,NA,NA,NA
1950-02-22,NA,NA,NA,NA,NA
1950-02-23,NA,NA,NA,NA,NA
1950-02-24,NA,NA,NA,NA,NA
1950-02-25,NA,NA,NA,NA,NA
1950-02-26,NA,NA,NA,NA,NA
1950-02-27,NA,NA,NA,NA,NA
1950-02-28,NA,NA,NA,NA,NA
1950-03-01,NA,NA,NA,NA,NA
1950-03-02,NA,NA,NA,NA,NA
1950-03-03,NA,NA,NA,NA,NA
1950-03-04,NA,NA,NA,NA,NA
1950-03-05,NA,NA,NA,NA,NA
1950-03-06,NA,NA,NA,NA,NA
1950-03-07,NA,NA,NA,NA,NA
1950-03-08,NA,NA,NA,NA,NA
1950-03-09,NA,NA,NA,NA,NA
1950-03-10,NA,NA,NA,NA,NA
1950-03-11,NA,NA,NA,NA,NA
1950-03-12,NA,NA,NA,NA,NA
1950-03-13,NA,NA,NA,NA,NA
1950-03-14,NA,NA,NA,NA,NA
1950-03-15,NA,NA,NA,NA,NA
1950-03-16,NA,NA,NA,NA,NA
1950-03-17,NA,NA,NA,NA,NA
1950-03-18,NA,NA,NA,NA,NA
1950-03-19,NA,NA,NA,NA,NA
1950-03-20,NA,NA,NA,NA,NA
1950-03-21,NA,NA,NA,NA,NA
1950-03-22,NA,NA,NA,NA,NA
1950-03-23,NA,NA,NA,NA,NA
1950-03-24,NA,NA,NA,NA,NA
1950-03-25,NA,NA,NA,NA,NA
1950-03-26,NA,NA,NA,NA,NA
1950-03-27,NA,NA,NA,NA,NA
1950-03-28,NA,NA,NA,NA,NA
1950-03-29,NA,NA,NA,NA,NA
1950-03-30,NA,NA,NA,NA,NA
1950-03-31,NA,NA,NA,NA,NA
1950-04-01,NA,NA,NA,NA,NA
1950-04-02,NA,NA,NA,NA,NA
1950-04-03,NA,NA,NA,NA,NA
1950-04-04,NA,NA,NA,NA,NA
1950-04-05,NA,NA,NA,NA,NA
1950-04-06,NA,NA,NA,NA,NA
1950-04-07,NA,NA,NA,NA,NA
1950-04-08,NA,NA,NA,NA,NA
1950-04-09,NA,NA,NA,NA,NA
1950-04-10,NA,NA,NA,NA,NA
1950-04-11,NA,NA,NA,NA,NA
1950-04-12,NA,NA,NA,NA,NA
1950-04-13,NA,NA,NA,NA,NA
1950-04-14,NA,NA,NA,NA,NA
1950-04-15,NA,NA,NA,NA,NA
1950-04-16,NA,NA,NA,NA,NA
1950-04-17,NA,NA,NA,NA,NA
1950-04-18,NA,NA,NA,NA,NA
1950-04-19,NA,NA,NA,NA,NA
1950-04-20,NA,NA,NA,NA,NA
1950-04-21,NA,NA,NA,NA,NA
1950-04-22,NA,NA,NA,NA,NA
1950-04-23,NA,NA,NA,NA,NA
1950-04-24,NA,NA,NA,NA,NA
1950-04-25,NA,NA,NA,NA,NA
1950-04-26,NA,NA,NA,NA,NA
1950-04-27,NA,NA,NA,NA,NA
1950-04-28,NA,NA,NA,NA,NA
1950-04-29,NA,NA,NA,NA,NA
1950-04-30,NA,NA,NA,NA,NA
1950-05-01,31.377,NA,NA,NA,286.436
1950-05-02,27.621,NA,NA,NA,286.308
1950-05-03,31.02,NA,NA,NA,286.424
1950-05-04,29.946,NA,NA,NA,286.387
1950-05-05,31.198,NA,NA,NA,286.43
1950-05-06,35.429,NA,NA,NA,286.57
1950-05-07,28.694,NA,NA,NA,286.344
1950-05-08,27.621,NA,NA,NA,286.308
1950-05-09,35.524,NA,NA,NA,286.573
1950-05-10,32.539,NA,NA,NA,286.475
1950-05-11,32.539,NA,NA,NA,286.475
1950-05-12,33.804,NA,NA,NA,286.518
1950-05-13,33.255,NA,NA,NA,286.5
1950-05-14,33.709,NA,NA,NA,286.515
1950-05-15,32.36,NA,NA,NA,286.469
1950-05-16,30.841,NA,NA,NA,286.418
1950-05-17,32.539,NA,NA,NA,286.475
1950-05-18,29.32,NA,NA,NA,286.366
1950-05-19,34.091,NA,NA,NA,286.527
1950-05-20,32.36,NA,NA,NA,286.469
1950-05-21,32.36,NA,NA,NA,286.469
1950-05-22,31.287,NA,NA,NA,286.433
1950-05-23,31.108,NA,NA,NA,286.427
1950-05-24,31.556,NA,NA,NA,286.442
1950-05-25,30.662,NA,NA,NA,286.411
1950-05-26,29.231,NA,NA,NA,286.363
1950-05-27,28.337,NA,NA,NA,286.332
1950-05-28,27.8,NA,NA,NA,286.314
1950-05-29,28.068,NA,NA,NA,286.323
1950-05-30,29.499,NA,NA,NA,286.372
1950-05-31,30.035,NA,NA,NA,286.39
1950-06-01,28.247,NA,NA,NA,286.329
1950-06-02,28.783,NA,NA,NA,286.347
1950-06-03,26.369,NA,NA,NA,286.265
1950-06-04,26.279,NA,NA,NA,286.262
1950-06-05,24.848,NA,NA,NA,286.213
1950-06-06,24.053,NA,NA,NA,286.183
1950-06-07,22.357,NA,NA,NA,286.116
1950-06-08,23.899,NA,NA,NA,286.177
1950-06-09,25.475,NA,NA,NA,286.235
1950-06-10,22.665,NA,NA,NA,286.128
1950-06-11,21.664,NA,NA,NA,286.088
1950-06-12,20.276,NA,NA,NA,286.033
1950-06-13,21.355,NA,NA,NA,286.076
1950-06-14,20.584,NA,NA,NA,286.046
1950-06-15,20.661,NA,NA,NA,286.049
1950-06-16,23.128,NA,NA,NA,286.146
1950-06-17,19.119,NA,NA,NA,285.988
1950-06-18,19.813,NA,NA,NA,286.015
1950-06-19,20.661,NA,NA,NA,286.049
1950-06-20,20.43,NA,NA,NA,286.04
1950-06-21,19.273,NA,NA,NA,285.994
1950-06-22,18.888,NA,NA,NA,285.979
1950-06-23,19.89,NA,NA,NA,286.018
1950-06-24,18.734,NA,NA,NA,285.973
1950-06-25,18.04,NA,NA,NA,285.945
1950-06-26,17.115,NA,NA,NA,285.908
1950-06-27,18.194,NA,NA,NA,285.951
1950-06-28,18.502,NA,NA,NA,285.963
1950-06-29,18.656,NA,NA,NA,285.969
1950-06-30,17.346,NA,NA,NA,285.918
1950-07-01,17.885,NA,NA,NA,285.939
1950-07-02,17.038,NA,NA,NA,285.905
1950-07-03,17.731,NA,NA,NA,285.933
1950-07-04,16.804,NA,NA,NA,285.893
1950-07-05,NA,NA,NA,NA,NA
1950-07-06,NA,NA,NA,NA,NA
1950-07-07,NA,NA,NA,NA,NA
1950-07-08,NA,NA,NA,NA,NA
1950-07-09,NA,NA,NA,NA,NA
1950-07-10,NA,NA,NA,NA,NA
1950-07-11,NA,NA,NA,NA,NA
1950-07-12,NA,NA,NA,NA,NA
1950-07-13,NA,NA,NA,NA,NA
1950-07-14,NA,NA,NA,NA,NA
1950-07-15,NA,NA,NA,NA,NA
1950-07-16,NA,NA,NA,NA,NA
1950-07-17,NA,NA,NA,NA,NA
1950-07-18,NA,NA,NA,NA,NA
1950-07-19,NA,NA,NA,NA,NA
1950-07-20,NA,NA,NA,NA,NA
1950-07-21,NA,NA,NA,NA,NA
1950-07-22,NA,NA,NA,NA,NA
1950-07-23,NA,NA,NA,NA,NA
1950-07-24,NA,NA,NA,NA,NA
1950-07-25,NA,NA,NA,NA,NA
1950-07-26,NA,NA,NA,NA,NA
1950-07-27,NA,NA,NA,NA,NA
1950-07-28,NA,NA,NA,NA,NA
1950-07-29,NA,NA,NA,NA,NA
1950-07-30,NA,NA,NA,NA,NA
1950-07-31,NA,NA,NA,NA,NA
1950-08-01,NA,NA,NA,NA,NA
1950-08-02,NA,NA,NA,NA,NA
1950-08-03,NA,NA,NA,NA,NA
1950-08-04,NA,NA,NA,NA,NA
1950-08-05,NA,NA,NA,NA,NA
1950-08-06,NA,NA,NA,NA,NA
1950-08-07,NA,NA,NA,NA,NA
1950-08-08,NA,NA,NA,NA,NA
1950-08-09,NA,NA,NA,NA,NA
1950-08-10,NA,NA,NA,NA,NA
1950-08-11,NA,NA,NA,NA,NA
1950-08-12,NA,NA,NA,NA,NA
1950-08-13,NA,NA,NA,NA,NA
1950-08-14,NA,NA,NA,NA,NA
1950-08-15,NA,NA,NA,NA,NA
1950-08-16,NA,NA,NA,NA,NA
1950-08-17,NA,NA,NA,NA,NA
1950-08-18,NA,NA,NA,NA,NA
1950-08-19,NA,NA,NA,NA,NA
1950-08-20,NA,NA,NA,NA,NA
1950-08-21,NA,NA,NA,NA,NA
1950-08-22,NA,NA,NA,NA,NA
1950-08-23,NA,NA,NA,NA,NA
1950-08-24,NA,NA,NA,NA,NA
1950-08-25,NA,NA,NA,NA,NA
1950-08-26,NA,NA,NA,NA,NA
1950-08-27,NA,NA,NA,NA,NA
1950-08-28,NA,NA,NA,NA,NA
1950-08-29,NA,NA,NA,NA,NA
1950-08-30,NA,NA,NA,NA,NA
1950-08-31,NA,NA,NA,NA,NA
1950-09-01,NA,NA,NA,NA,NA
1950-09-02,NA,NA,NA,NA,NA
1950-09-03,NA,NA,NA,NA,NA
1950-09-04,NA,NA,NA,NA,NA
1950-09-05,NA,NA,NA,NA,NA
1950-09-06,NA,NA,NA,NA,NA
1950-09-07,NA,NA,NA,NA,NA
1950-09-08,NA,NA,NA,NA,NA
1950-09-09,NA,NA,NA,NA,NA
1950-09-10,NA,NA,NA,NA,NA
1950-09-11,NA,NA,NA,NA,NA
1950-09-12,NA,NA,NA,NA,NA
1950-09-13,NA,NA,NA,NA,NA
1950-09-14,NA,NA,NA,NA,NA
1950-09-15,NA,NA,NA,NA,NA
1950-09-16,NA,NA,NA,NA,NA
1950-09-17,NA,NA,NA,NA,NA
1950-09-18,NA,NA,NA,NA,NA
1950-09-19,NA,NA,NA,NA,NA
1950-09-20,NA,NA,NA,NA,NA
1950-09-21,NA,NA,NA,NA,NA
1950-09-22,NA,NA,NA,NA,NA
1950-09-23,NA,NA,NA,NA,NA
1950-09-24,NA,NA,NA,NA,NA
1950-09-25,NA,NA,NA,NA,NA
1950-09-26,NA,NA,NA,NA,NA
1950-09-27,NA,NA,NA,NA,NA
1950-09-28,NA,NA,NA,NA,NA
1950-09-29,NA,NA,NA,NA,NA
1950-09-30,NA,NA,NA,NA,NA
1950-10-01,NA,NA,NA,NA,NA
1950-10-02,NA,NA,NA,NA,NA
1950-10-03,NA,NA,NA,NA,NA
1950-10-04,NA,NA,NA,NA,NA
1950-10-05,NA,NA,NA,NA,NA
1950-10-06,NA,NA,NA,NA,NA
1950-10-07,NA,NA,NA,NA,NA
1950-10-08,NA,NA,NA,NA,NA
1950-10-09,NA,NA,NA,NA,NA
1950-10-10,NA,NA,NA,NA,NA
1950-10-11,NA,NA,NA,NA,NA
1950-10-12,NA,NA,NA,NA,NA
1950-10-13,NA,NA,NA,NA,NA
1950-10-14,NA,NA,NA,NA,NA
1950-10-15,NA,NA,NA,NA,NA
1950-10-16,NA,NA,NA,NA,NA
1950-10-17,NA,NA,NA,NA,NA
1950-10-18,NA,NA,NA,NA,NA
1950-10-19,NA,NA,NA,NA,NA
1950-10-20,NA,NA,NA,NA,NA
1950-10-21,NA,NA,NA,NA,NA
1950-10-22,NA,NA,NA,NA,NA
1950-10-23,NA,NA,NA,NA,NA
1950-10-24,NA,NA,NA,NA,NA
1950-10-25,NA,NA,NA,NA,NA
1950-10-26,NA,NA,NA,NA,NA
1950-10-27,NA,NA,NA,NA,NA
1950-10-28,NA,NA,NA,NA,NA
1950-10-29,NA,NA,NA,NA,NA
1950-10-30,NA,NA,NA,NA,NA
1950-10-31,NA,NA,NA,NA,NA
1950-11-01,NA,NA,NA,NA,NA
1950-11-02,NA,NA,NA,NA,NA
1950-11-03,NA,NA,NA,NA,NA
1950-11-04,NA,NA,NA,NA,NA
1950-11-05,NA,NA,NA,NA,NA
1950-11-06,NA,NA,NA,NA,NA
1950-11-07,NA,NA,NA,NA,NA
1950-11-08,NA,NA,NA,NA,NA
1950-11-09,NA,NA,NA,NA,NA
1950-11-10,NA,NA,NA,NA,NA
1950-11-11,NA,NA,NA,NA,NA
1950-11-12,NA,NA,NA,NA,NA
1950-11-13,NA,NA,NA,NA,NA
1950-11-14,NA,NA,NA,NA,NA
1950-11-15,NA,NA,NA,NA,NA
1950-11-16,NA,NA,NA,NA,NA
1950-11-17,NA,NA,NA,NA,NA
1950-11-18,NA,NA,NA,NA,NA
1950-11-19,NA,NA,NA,NA,NA
1950-11-20,NA,NA,NA,NA,NA
1950-11-21,NA,NA,NA,NA,NA
1950-11-22,NA,NA,NA,NA,NA
1950-11-23,NA,NA,NA,NA,NA
1950-11-24,NA,NA,NA,NA,NA
1950-11-25,NA,NA,NA,NA,NA
1950-11-26,NA,NA,NA,NA,NA
1950-11-27,NA,NA,NA,NA,NA
1950-11-28,NA,NA,NA,NA,NA
1950-11-29,NA,NA,NA,NA,NA
1950-11-30,NA,NA,NA,NA,NA
1950-12-01,NA,NA,NA,NA,NA
1950-12-02,NA,NA,NA,NA,NA
1950-12-03,NA,NA,NA,NA,NA
1950-12-04,NA,NA,NA,NA,NA
1950-12-05,NA,NA,NA,NA,NA
1950-12-06,NA,NA,NA,NA,NA
1950-12-07,NA,NA,NA,NA,NA
1950-12-08,NA,NA,NA,NA,NA
1950-12-09,NA,NA,NA,NA,NA
1950-12-10,NA,NA,NA,NA,NA
1950-12-11,NA,NA,NA,NA,NA
1950-12-12,NA,NA,NA,NA,NA
1950-12-13,NA,NA,NA,NA,NA
1950-12-14,NA,NA,NA,NA,NA
1950-12-15,NA,NA,NA,NA,NA
1950-12-16,NA,NA,NA,NA,NA
1950-12-17,NA,NA,NA,NA,NA
1950-12-18,NA,NA,NA,NA,NA
1950-12-19,NA,NA,NA,NA,NA
1950-12-20,NA,NA,NA,NA,NA
1950-12-21,NA,NA,NA,NA,NA
1950-12-22,NA,NA,NA,NA,NA
1950-12-23,NA,NA,NA,NA,NA
1950-12-24,NA,NA,NA,NA,NA
1950-12-25,NA,NA,NA,NA,NA
1950-12-26,NA,NA,NA,NA,NA
1950-12-27,NA,NA,NA,NA,NA
1950-12-28,NA,NA,NA,NA,NA
1950-12-29,NA,NA,NA,NA,NA
1950-12-30,NA,NA,NA,NA,NA
1950-12-31,NA,NA,NA,NA,NA
1951-01-01,NA,NA,NA,NA,NA
1951-01-02,NA,NA,NA,NA,NA
1951-01-03,NA,NA,NA,NA,NA
1951-01-04,NA,NA,NA,NA,NA
1951-01-05,NA,NA,NA,NA,NA
1951-01-06,NA,NA,NA,NA,NA
1951-01-07,NA,NA,NA,NA,NA
1951-01-08,NA,NA,NA,NA,NA
1951-01-09,NA,NA,NA,NA,NA
1951-01-10,NA,NA,NA,NA,NA
1951-01-11,NA,NA,NA,NA,NA
1951-01-12,NA,NA,NA,NA,NA
1951-01-13,NA,NA,NA,NA,NA
1951-01-14,NA,NA,NA,NA,NA
1951-01-15,NA,NA,NA,NA,NA
1951-01-16,NA,NA,NA,NA,NA
1951-01-17,NA,NA,NA,NA,NA
1951-01-18,NA,NA,NA,NA,NA
1951-01-19,NA,NA,NA,NA,NA
1951-01-20,NA,NA,NA,NA,NA
1951-01-21,NA,NA,NA,NA,NA
1951-01-22,NA,NA,NA,NA,NA
1951-01-23,NA,NA,NA,NA,NA
1951-01-24,NA,NA,NA,NA,NA
1951-01-25,NA,NA,NA,NA,NA
1951-01-26,NA,NA,NA,NA,NA
1951-01-27,NA,NA,NA,NA,NA
1951-01-28,NA,NA,NA,NA,NA
1951-01-29,NA,NA,NA,NA,NA
1951-01-30,NA,NA,NA,NA,NA
1951-01-31,NA,NA,NA,NA,NA
1951-02-01,NA,NA,NA,NA,NA
1951-02-02,NA,NA,NA,NA,NA
1951-02-03,NA,NA,NA,NA,NA
1951-02-04,NA,NA,NA,NA,NA
1951-02-05,NA,NA,NA,NA,NA
1951-02-06,NA,NA,NA,NA,NA
1951-02-07,NA,NA,NA,NA,NA
1951-02-08,NA,NA,NA,NA,NA
1951-02-09,NA,NA,NA,NA,NA
1951-02-10,NA,NA,NA,NA,NA
1951-02-11,NA,NA,NA,NA,NA
1951-02-12,NA,NA,NA,NA,NA
1951-02-13,NA,NA,NA,NA,NA
1951-02-14,NA,NA,NA,NA,NA
1951-02-15,NA,NA,NA,NA,NA
1951-02-16,NA,NA,NA,NA,NA
1951-02-17,NA,NA,NA,NA,NA
1951-02-18,NA,NA,NA,NA,NA
1951-02-19,NA,NA,NA,NA,NA
1951-02-20,NA,NA,NA,NA,NA
1951-02-21,NA,NA,NA,NA,NA
1951-02-22,NA,NA,NA,NA,NA
1951-02-23,NA,NA,NA,NA,NA
1951-02-24,NA,NA,NA,NA,NA
1951-02-25,NA,NA,NA,NA,NA
1951-02-26,NA,NA,NA,NA,NA
1951-02-27,NA,NA,NA,NA,NA
1951-02-28,NA,NA,NA,NA,NA
1951-03-01,NA,NA,NA,NA,NA
1951-03-02,NA,NA,NA,NA,NA
1951-03-03,NA,NA,NA,NA,NA
1951-03-04,NA,NA,NA,NA,NA
1951-03-05,NA,NA,NA,NA,NA
1951-03-06,NA,NA,NA,NA,NA
1951-03-07,NA,NA,NA,NA,NA
1951-03-08,NA,NA,NA,NA,NA
1951-03-09,NA,NA,NA,NA,NA
1951-03-10,NA,NA,NA,NA,NA
1951-03-11,NA,NA,NA,NA,NA
1951-03-12,NA,NA,NA,NA,NA
1951-03-13,NA,NA,NA,NA,NA
1951-03-14,NA,NA,NA,NA,NA
1951-03-15,NA,NA,NA,NA,NA
1951-03-16,NA,NA,NA,NA,NA
1951-03-17,NA,NA,NA,NA,NA
1951-03-18,NA,NA,NA,NA,NA
1951-03-19,NA,NA,NA,NA,NA
1951-03-20,NA,NA,NA,NA,NA
1951-03-21,NA,NA,NA,NA,NA
1951-03-22,NA,NA,NA,NA,NA
1951-03-23,NA,NA,NA,NA,NA
1951-03-24,NA,NA,NA,NA,NA
1951-03-25,NA,NA,NA,NA,NA
1951-03-26,NA,NA,NA,NA,NA
1951-03-27,NA,NA,NA,NA,NA
1951-03-28,NA,NA,NA,NA,NA
1951-03-29,NA,NA,NA,NA,NA
1951-03-30,NA,NA,NA,NA,NA
1951-03-31,NA,NA,NA,NA,NA
1951-04-01,15.912,NA,NA,NA,285.841
1951-04-02,16.699,NA,NA,NA,285.887
1951-04-03,17.423,NA,NA,NA,285.921
1951-04-04,19.505,NA,NA,NA,286.003
1951-04-05,23.744,NA,NA,NA,286.171
1951-04-06,30.662,NA,NA,NA,286.411
1951-04-07,37.054,NA,NA,NA,286.622
1951-04-08,42.598,NA,NA,NA,286.799
1951-04-09,46.502,NA,NA,NA,286.908
1951-04-10,47.501,NA,NA,NA,286.936
1951-04-11,47.945,NA,NA,NA,286.948
1951-04-12,47.834,NA,NA,NA,286.945
1951-04-13,46.502,NA,NA,NA,286.908
1951-04-14,45.281,NA,NA,NA,286.875
1951-04-15,44.171,NA,NA,NA,286.844
1951-04-16,43.172,NA,NA,NA,286.817
1951-04-17,40.591,NA,NA,NA,286.735
1951-04-18,40.304,NA,NA,NA,286.725
1951-04-19,39.157,NA,NA,NA,286.689
1951-04-20,38.488,NA,NA,NA,286.667
1951-04-21,38.01,NA,NA,NA,286.652
1951-04-22,38.01,NA,NA,NA,286.652
1951-04-23,37.054,NA,NA,NA,286.622
1951-04-24,36.48,NA,NA,NA,286.603
1951-04-25,35.907,NA,NA,NA,286.585
1951-04-26,35.333,NA,NA,NA,286.567
1951-04-27,34.091,NA,NA,NA,286.527
1951-04-28,34.664,NA,NA,NA,286.546
1951-04-29,33.804,NA,NA,NA,286.518
1951-04-30,32.718,NA,NA,NA,286.482
1951-05-01,31.914,NA,NA,NA,286.454
1951-05-02,32.36,NA,NA,NA,286.469
1951-05-03,32.718,NA,NA,NA,286.482
1951-05-04,32.181,NA,NA,NA,286.463
1951-05-05,31.735,NA,NA,NA,286.448
1951-05-06,30.751,NA,NA,NA,286.414
1951-05-07,30.035,NA,NA,NA,286.39
1951-05-08,29.499,NA,NA,NA,286.372
1951-05-09,28.604,NA,NA,NA,286.341
1951-05-10,28.247,NA,NA,NA,286.329
1951-05-11,27.71,NA,NA,NA,286.311
1951-05-12,27.264,NA,NA,NA,286.296
1951-05-13,25.743,NA,NA,NA,286.244
1951-05-14,25.564,NA,NA,NA,286.238
1951-05-15,25.833,NA,NA,NA,286.247
1951-05-16,25.833,NA,NA,NA,286.247
1951-05-17,25.922,NA,NA,NA,286.25
1951-05-18,25.117,NA,NA,NA,286.222
1951-05-19,25.564,NA,NA,NA,286.238
1951-05-20,25.475,NA,NA,NA,286.235
1951-05-21,25.475,NA,NA,NA,286.235
1951-05-22,24.593,NA,NA,NA,286.204
1951-05-23,24.207,NA,NA,NA,286.189
1951-05-24,23.051,NA,NA,NA,286.143
1951-05-25,23.514,NA,NA,NA,286.161
1951-05-26,26.369,NA,NA,NA,286.265
1951-05-27,25.564,NA,NA,NA,286.238
1951-05-28,21.972,NA,NA,NA,286.101
1951-05-29,22.665,NA,NA,NA,286.128
1951-05-30,21.355,NA,NA,NA,286.076
1951-05-31,21.586,NA,NA,NA,286.085
1951-06-01,22.743,NA,NA,NA,286.131
1951-06-02,23.205,NA,NA,NA,286.149
1951-06-03,24.76,NA,NA,NA,286.21
1951-06-04,23.128,NA,NA,NA,286.146
1951-06-05,23.36,NA,NA,NA,286.155
1951-06-06,22.974,NA,NA,NA,286.14
1951-06-07,NA,NA,NA,NA,NA
1951-06-08,NA,NA,NA,NA,NA
1951-06-09,NA,NA,NA,NA,NA
1951-06-10,NA,NA,NA,NA,NA
1951-06-11,NA,NA,NA,NA,NA
1951-06-12,NA,NA,NA,NA,NA
1951-06-13,NA,NA,NA,NA,NA
1951-06-14,NA,NA,NA,NA,NA
1951-06-15,NA,NA,NA,NA,NA
1951-06-16,NA,NA,NA,NA,NA
1951-06-17,NA,NA,NA,NA,NA
1951-06-18,NA,NA,NA,NA,NA
1951-06-19,NA,NA,NA,NA,NA
1951-06-20,NA,NA,NA,NA,NA
1951-06-21,NA,NA,NA,NA,NA
1951-06-22,NA,NA,NA,NA,NA
1951-06-23,NA,NA,NA,NA,NA
1951-06-24,NA,NA,NA,NA,NA
1951-06-25,NA,NA,NA,NA,NA
1951-06-26,NA,NA,NA,NA,NA
1951-06-27,NA,NA,NA,NA,NA
1951-06-28,NA,NA,NA,NA,NA
1951-06-29,NA,NA,NA,NA,NA
1951-06-30,NA,NA,NA,NA,NA
1951-07-01,NA,NA,NA,NA,NA
1951-07-02,NA,NA,NA,NA,NA
1951-07-03,NA,NA,NA,NA,NA
1951-07-04,NA,NA,NA,NA,NA
1951-07-05,NA,NA,NA,NA,NA
1951-07-06,NA,NA,NA,NA,NA
1951-07-07,NA,NA,NA,NA,NA
1951-07-08,NA,NA,NA,NA,NA
1951-07-09,NA,NA,NA,NA,NA
1951-07-10,NA,NA,NA,NA,NA
1951-07-11,NA,NA,NA,NA,NA
1951-07-12,NA,NA,NA,NA,NA
1951-07-13,NA,NA,NA,NA,NA
1951-07-14,NA,NA,NA,NA,NA
1951-07-15,NA,NA,NA,NA,NA
1951-07-16,NA,NA,NA,NA,NA
1951-07-17,NA,NA,NA,NA,NA
1951-07-18,NA,NA,NA,NA,NA
1951-07-19,NA,NA,NA,NA,NA
1951-07-20,NA,NA,NA,NA,NA
1951-07-21,NA,NA,NA,NA,NA
1951-07-22,NA,NA,NA,NA,NA
1951-07-23,NA,NA,NA,NA,NA
1951-07-24,NA,NA,NA,NA,NA
1951-07-25,NA,NA,NA,NA,NA
1951-07-26,NA,NA,NA,NA,NA
1951-07-27,NA,NA,NA,NA,NA
1951-07-28,NA,NA,NA,NA,NA
1951-07-29,NA,NA,NA,NA,NA
1951-07-30,NA,NA,NA,NA,NA
1951-07-31,NA,NA,NA,NA,NA
1951-08-01,NA,NA,NA,NA,NA
1951-08-02,NA,NA,NA,NA,NA
1951-08-03,NA,NA,NA,NA,NA
1951-08-04,NA,NA,NA,NA,NA
1951-08-05,NA,NA,NA,NA,NA
1951-08-06,NA,NA,NA,NA,NA
1951-08-07,NA,NA,NA,NA,NA
1951-08-08,NA,NA,NA,NA,NA
1951-08-09,NA,NA,NA,NA,NA
1951-08-10,NA,NA,NA,NA,NA
1951-08-11,NA,NA,NA,NA,NA
1951-08-12,NA,NA,NA,NA,NA
1951-08-13,NA,NA,NA,NA,NA
1951-08-14,NA,NA,NA,NA,NA
1951-08-15,NA,NA,NA,NA,NA
1951-08-16,NA,NA,NA,NA,NA
1951-08-17,NA,NA,NA,NA,NA
1951-08-18,NA,NA,NA,NA,NA
1951-08-19,NA,NA,NA,NA,NA
1951-08-20,NA,NA,NA,NA,NA
1951-08-21,NA,NA,NA,NA,NA
1951-08-22,NA,NA,NA,NA,NA
1951-08-23,NA,NA,NA,NA,NA
1951-08-24,NA,NA,NA,NA,NA
1951-08-25,NA,NA,NA,NA,NA
1951-08-26,NA,NA,NA,NA,NA
1951-08-27,NA,NA,NA,NA,NA
1951-08-28,NA,NA,NA,NA,NA
1951-08-29,NA,NA,NA,NA,NA
1951-08-30,NA,NA,NA,NA,NA
1951-08-31,NA,NA,NA,NA,NA
1951-09-01,NA,NA,NA,NA,NA
1951-09-02,NA,NA,NA,NA,NA
1951-09-03,NA,NA,NA,NA,NA
1951-09-04,NA,NA,NA,NA,NA
1951-09-05,NA,NA,NA,NA,NA
1951-09-06,NA,NA,NA,NA,NA
1951-09-07,NA,NA,NA,NA,NA
1951-09-08,NA,NA,NA,NA,NA
1951-09-09,NA,NA,NA,NA,NA
1951-09-10,NA,NA,NA,NA,NA
1951-09-11,NA,NA,NA,NA,NA
1951-09-12,NA,NA,NA,NA,NA
1951-09-13,NA,NA,NA,NA,NA
1951-09-14,NA,NA,NA,NA,NA
1951-09-15,NA,NA,NA,NA,NA
1951-09-16,NA,NA,NA,NA,NA
1951-09-17,NA,NA,NA,NA,NA
1951-09-18,NA,NA,NA,NA,NA
1951-09-19,NA,NA,NA,NA,NA
1951-09-20,NA,NA,NA,NA,NA
1951-09-21,NA,NA,NA,NA,NA
1951-09-22,NA,NA,NA,NA,NA
1951-09-23,NA,NA,NA,NA,NA
1951-09-24,NA,NA,NA,NA,NA
1951-09-25,NA,NA,NA,NA,NA
1951-09-26,NA,NA,NA,NA,NA
1951-09-27,NA,NA,NA,NA,NA
1951-09-28,NA,NA,NA,NA,NA
1951-09-29,NA,NA,NA,NA,NA
1951-09-30,NA,NA,NA,NA,NA
1951-10-01,NA,NA,NA,NA,NA
1951-10-02,NA,NA,NA,NA,NA
1951-10-03,NA,NA,NA,NA,NA
1951-10-04,NA,NA,NA,NA,NA
1951-10-05,NA,NA,NA,NA,NA
1951-10-06,NA,NA,NA,NA,NA
1951-10-07,NA,NA,NA,NA,NA
1951-10-08,NA,NA,NA,NA,NA
1951-10-09,NA,NA,NA,NA,NA
1951-10-10,NA,NA,NA,NA,NA
1951-10-11,NA,NA,NA,NA,NA
1951-10-12,NA,NA,NA,NA,NA
1951-10-13,NA,NA,NA,NA,NA
1951-10-14,NA,NA,NA,NA,NA
1951-10-15,NA,NA,NA,NA,NA
1951-10-16,NA,NA,NA,NA,NA
1951-10-17,NA,NA,NA,NA,NA
1951-10-18,NA,NA,NA,NA,NA
1951-10-19,NA,NA,NA,NA,NA
1951-10-20,NA,NA,NA,NA,NA
1951-10-21,NA,NA,NA,NA,NA
1951-10-22,NA,NA,NA,NA,NA
1951-10-23,NA,NA,NA,NA,NA
1951-10-24,NA,NA,NA,NA,NA
1951-10-25,NA,NA,NA,NA,NA
1951-10-26,NA,NA,NA,NA,NA
1951-10-27,NA,NA,NA,NA,NA
1951-10-28,NA,NA,NA,NA,NA
1951-10-29,NA,NA,NA,NA,NA
1951-10-30,NA,NA,NA,NA,NA
1951-10-31,NA,NA,NA,NA,NA
1951-11-01,NA,NA,NA,NA,NA
1951-11-02,NA,NA,NA,NA,NA
1951-11-03,NA,NA,NA,NA,NA
1951-11-04,NA,NA,NA,NA,NA
1951-11-05,NA,NA,NA,NA,NA
1951-11-06,NA,NA,NA,NA,NA
1951-11-07,NA,NA,NA,NA,NA
1951-11-08,NA,NA,NA,NA,NA
1951-11-09,NA,NA,NA,NA,NA
1951-11-10,NA,NA,NA,NA,NA
1951-11-11,NA,NA,NA,NA,NA
1951-11-12,NA,NA,NA,NA,NA
1951-11-13,NA,NA,NA,NA,NA
1951-11-14,NA,NA,NA,NA,NA
1951-11-15,NA,NA,NA,NA,NA
1951-11-16,NA,NA,NA,NA,NA
1951-11-17,NA,NA,NA,NA,NA
1951-11-18,NA,NA,NA,NA,NA
1951-11-19,NA,NA,NA,NA,NA
1951-11-20,NA,NA,NA,NA,NA
1951-11-21,NA,NA,NA,NA,NA
1951-11-22,NA,NA,NA,NA,NA
1951-11-23,NA,NA,NA,NA,NA
1951-11-24,NA,NA,NA,NA,NA
1951-11-25,NA,NA,NA,NA,NA
1951-11-26,NA,NA,NA,NA,NA
1951-11-27,NA,NA,NA,NA,NA
1951-11-28,NA,NA,NA,NA,NA
1951-11-29,NA,NA,NA,NA,NA
1951-11-30,NA,NA,NA,NA,NA
1951-12-01,NA,NA,NA,NA,NA
1951-12-02,NA,NA,NA,NA,NA
1951-12-03,NA,NA,NA,NA,NA
1951-12-04,NA,NA,NA,NA,NA
1951-12-05,NA,NA,NA,NA,NA
1951-12-06,NA,NA,NA,NA,NA
1951-12-07,NA,NA,NA,NA,NA
1951-12-08,NA,NA,NA,NA,NA
1951-12-09,NA,NA,NA,NA,NA
1951-12-10,NA,NA,NA,NA,NA
1951-12-11,NA,NA,NA,NA,NA
1951-12-12,NA,NA,NA,NA,NA
1951-12-13,NA,NA,NA,NA,NA
1951-12-14,NA,NA,NA,NA,NA
1951-12-15,NA,NA,NA,NA,NA
1951-12-16,NA,NA,NA,NA,NA
1951-12-17,NA,NA,NA,NA,NA
1951-12-18,NA,NA,NA,NA,NA
1951-12-19,NA,NA,NA,NA,NA
1951-12-20,NA,NA,NA,NA,NA
1951-12-21,NA,NA,NA,NA,NA
1951-12-22,NA,NA,NA,NA,NA
1951-12-23,NA,NA,NA,NA,NA
1951-12-24,NA,NA,NA,NA,NA
1951-12-25,NA,NA,NA,NA,NA
1951-12-26,NA,NA,NA,NA,NA
1951-12-27,NA,NA,NA,NA,NA
1951-12-28,NA,NA,NA,NA,NA
1951-12-29,NA,NA,NA,NA,NA
1951-12-30,NA,NA,NA,NA,NA
1951-12-31,NA,NA,NA,NA,NA
1952-01-01,NA,NA,NA,NA,NA
1952-01-02,NA,NA,NA,NA,NA
1952-01-03,NA,NA,NA,NA,NA
1952-01-04,NA,NA,NA,NA,NA
1952-01-05,NA,NA,NA,NA,NA
1952-01-06,NA,NA,NA,NA,NA
1952-01-07,NA,NA,NA,NA,NA
1952-01-08,NA,NA,NA,NA,NA
1952-01-09,NA,NA,NA,NA,NA
1952-01-10,NA,NA,NA,NA,NA
1952-01-11,NA,NA,NA,NA,NA
1952-01-12,NA,NA,NA,NA,NA
1952-01-13,NA,NA,NA,NA,NA
1952-01-14,NA,NA,NA,NA,NA
1952-01-15,NA,NA,NA,NA,NA
1952-01-16,NA,NA,NA,NA,NA
1952-01-17,NA,NA,NA,NA,NA
1952-01-18,NA,NA,NA,NA,NA
1952-01-19,NA,NA,NA,NA,NA
1952-01-20,NA,NA,NA,NA,NA
1952-01-21,NA,NA,NA,NA,NA
1952-01-22,NA,NA,NA,NA,NA
1952-01-23,NA,NA,NA,NA,NA
1952-01-24,NA,NA,NA,NA,NA
1952-01-25,NA,NA,NA,NA,NA
1952-01-26,NA,NA,NA,NA,NA
1952-01-27,NA,NA,NA,NA,NA
1952-01-28,NA,NA,NA,NA,NA
1952-01-29,NA,NA,NA,NA,NA
1952-01-30,NA,NA,NA,NA,NA
1952-01-31,NA,NA,NA,NA,NA
1952-02-01,NA,NA,NA,NA,NA
1952-02-02,NA,NA,NA,NA,NA
1952-02-03,NA,NA,NA,NA,NA
1952-02-04,NA,NA,NA,NA,NA
1952-02-05,NA,NA,NA,NA,NA
1952-02-06,NA,NA,NA,NA,NA
1952-02-07,NA,NA,NA,NA,NA
1952-02-08,NA,NA,NA,NA,NA
1952-02-09,NA,NA,NA,NA,NA
1952-02-10,NA,NA,NA,NA,NA
1952-02-11,NA,NA,NA,NA,NA
1952-02-12,NA,NA,NA,NA,NA
1952-02-13,NA,NA,NA,NA,NA
1952-02-14,NA,NA,NA,NA,NA
1952-02-15,NA,NA,NA,NA,NA
1952-02-16,NA,NA,NA,NA,NA
1952-02-17,NA,NA,NA,NA,NA
1952-02-18,NA,NA,NA,NA,NA
1952-02-19,NA,NA,NA,NA,NA
1952-02-20,NA,NA,NA,NA,NA
1952-02-21,NA,NA,NA,NA,NA
1952-02-22,NA,NA,NA,NA,NA
1952-02-23,NA,NA,NA,NA,NA
1952-02-24,NA,NA,NA,NA,NA
1952-02-25,NA,NA,NA,NA,NA
1952-02-26,NA,NA,NA,NA,NA
1952-02-27,NA,NA,NA,NA,NA
1952-02-28,NA,NA,NA,NA,NA
1952-02-29,NA,NA,NA,NA,NA
1952-03-01,NA,NA,NA,NA,NA
1952-03-02,NA,NA,NA,NA,NA
1952-03-03,NA,NA,NA,NA,NA
1952-03-04,NA,NA,NA,NA,NA
1952-03-05,NA,NA,NA,NA,NA
1952-03-06,NA,NA,NA,NA,NA
1952-03-07,NA,NA,NA,NA,NA
1952-03-08,NA,NA,NA,NA,NA
1952-03-09,NA,NA,NA,NA,NA
1952-03-10,NA,NA,NA,NA,NA
1952-03-11,NA,NA,NA,NA,NA
1952-03-12,NA,NA,NA,NA,NA
1952-03-13,NA,NA,NA,NA,NA
1952-03-14,NA,NA,NA,NA,NA
1952-03-15,NA,NA,NA,NA,NA
1952-03-16,NA,NA,NA,NA,NA
1952-03-17,NA,NA,NA,NA,NA
1952-03-18,NA,NA,NA,NA,NA
1952-03-19,NA,NA,NA,NA,NA
1952-03-20,NA,NA,NA,NA,NA
1952-03-21,NA,NA,NA,NA,NA
1952-03-22,NA,NA,NA,NA,NA
1952-03-23,NA,NA,NA,NA,NA
1952-03-24,NA,NA,NA,NA,NA
1952-03-25,NA,NA,NA,NA,NA
1952-03-26,NA,NA,NA,NA,NA
1952-03-27,NA,NA,NA,NA,NA
1952-03-28,NA,NA,NA,NA,NA
1952-03-29,NA,NA,NA,NA,NA
1952-03-30,NA,NA,NA,NA,NA
1952-03-31,20.815,NA,NA,NA,286.055
1952-04-01,21.355,NA,NA,NA,286.076
1952-04-02,22.048,NA,NA,NA,286.104
1952-04-03,23.36,NA,NA,NA,286.155
1952-04-04,26.1,NA,NA,NA,286.256
1952-04-05,30.572,NA,NA,NA,286.408
1952-04-06,37.436,NA,NA,NA,286.634
1952-04-07,43.394,NA,NA,NA,286.823
1952-04-08,50.055,NA,NA,NA,287.006
1952-04-09,58.96,NA,NA,NA,287.244
1952-04-10,68.705,NA,NA,NA,287.487
1952-04-11,74.132,NA,NA,NA,287.609
1952-04-12,75.76,NA,NA,NA,287.646
1952-04-13,76.303,NA,NA,NA,287.658
1952-04-14,76.574,NA,NA,NA,287.664
1952-04-15,76.167,NA,NA,NA,287.655
1952-04-16,75.353,NA,NA,NA,287.637
1952-04-17,74.404,NA,NA,NA,287.615
1952-04-18,73.047,NA,NA,NA,287.585
1952-04-19,71.961,NA,NA,NA,287.561
1952-04-20,70.469,NA,NA,NA,287.527
1952-04-21,69.519,NA,NA,NA,287.506
1952-04-22,68.705,NA,NA,NA,287.487
1952-04-23,66.263,NA,NA,NA,287.432
1952-04-24,64.819,NA,NA,NA,287.396
1952-04-25,62.827,NA,NA,NA,287.344
1952-04-26,60.718,NA,NA,NA,287.289
1952-04-27,58.843,NA,NA,NA,287.24
1952-04-28,56.5,NA,NA,NA,287.18
1952-04-29,54.625,NA,NA,NA,287.131
1952-04-30,53.163,NA,NA,NA,287.091
1952-05-01,51.276,NA,NA,NA,287.039
1952-05-02,49.5,NA,NA,NA,286.991
1952-05-03,48.167,NA,NA,NA,286.954
1952-05-04,46.613,NA,NA,NA,286.911
1952-05-05,47.168,NA,NA,NA,286.927
1952-05-06,44.615,NA,NA,NA,286.856
1952-05-07,41.93,NA,NA,NA,286.777
1952-05-08,41.451,NA,NA,NA,286.762
1952-05-09,40.974,NA,NA,NA,286.747
1952-05-10,42.121,NA,NA,NA,286.783
1952-05-11,40.209,NA,NA,NA,286.722
1952-05-12,38.201,NA,NA,NA,286.658
1952-05-13,37.054,NA,NA,NA,286.622
1952-05-14,36.671,NA,NA,NA,286.61
1952-05-15,36.289,NA,NA,NA,286.597
1952-05-16,35.62,NA,NA,NA,286.576
1952-05-17,35.333,NA,NA,NA,286.567
1952-05-18,34.664,NA,NA,NA,286.546
1952-05-19,33.9,NA,NA,NA,286.521
1952-05-20,32.987,NA,NA,NA,286.491
1952-05-21,32.808,NA,NA,NA,286.485
1952-05-22,32.093,NA,NA,NA,286.46
1952-05-23,32.36,NA,NA,NA,286.469
1952-05-24,32.45,NA,NA,NA,286.472
1952-05-25,31.914,NA,NA,NA,286.454
1952-05-26,31.108,NA,NA,NA,286.427
1952-05-27,32.36,NA,NA,NA,286.469
1952-05-28,33.433,NA,NA,NA,286.506
1952-05-29,29.678,NA,NA,NA,286.378
1952-05-30,29.141,NA,NA,NA,286.36
1952-05-31,29.678,NA,NA,NA,286.378
1952-06-01,29.231,NA,NA,NA,286.363
1952-06-02,29.141,NA,NA,NA,286.36
1952-06-03,29.32,NA,NA,NA,286.366
1952-06-04,27.979,NA,NA,NA,286.32
1952-06-05,27.979,NA,NA,NA,286.32
1952-06-06,27.71,NA,NA,NA,286.311
1952-06-07,27.174,NA,NA,NA,286.293
1952-06-08,28.426,NA,NA,NA,286.335
1952-06-09,27.264,NA,NA,NA,286.296
1952-06-10,26.19,NA,NA,NA,286.259
1952-06-11,24.285,NA,NA,NA,286.192
1952-06-12,24.848,NA,NA,NA,286.213
1952-06-13,23.514,NA,NA,NA,286.161
1952-06-14,24.593,NA,NA,NA,286.204
1952-06-15,24.361,NA,NA,NA,286.195
1952-06-16,26.19,NA,NA,NA,286.259
1952-06-17,24.76,NA,NA,NA,286.21
1952-06-18,24.515,NA,NA,NA,286.201
1952-06-19,23.436,NA,NA,NA,286.158
1952-06-20,22.126,NA,NA,NA,286.107
1952-06-21,21.664,NA,NA,NA,286.088
1952-06-22,21.201,NA,NA,NA,286.07
1952-06-23,21.586,NA,NA,NA,286.085
1952-06-24,22.435,NA,NA,NA,286.119
1952-06-25,24.207,NA,NA,NA,286.189
1952-06-26,24.053,NA,NA,NA,286.183
1952-06-27,23.282,NA,NA,NA,286.152
1952-06-28,24.938,NA,NA,NA,286.216
1952-06-29,26.816,NA,NA,NA,286.28
1952-06-30,26.637,NA,NA,NA,286.274
1952-07-01,28.158,NA,NA,NA,286.326
1952-07-02,27.979,NA,NA,NA,286.32
1952-07-03,30.572,NA,NA,NA,286.408
1952-07-04,29.141,NA,NA,NA,286.36
1952-07-05,29.141,NA,NA,NA,286.36
1952-07-06,29.678,NA,NA,NA,286.378
1952-07-07,30.841,NA,NA,NA,286.418
1952-07-08,29.052,NA,NA,NA,286.357
1952-07-09,28.337,NA,NA,NA,286.332
1952-07-10,27.531,NA,NA,NA,286.305
1952-07-11,26.637,NA,NA,NA,286.274
1952-07-12,25.564,NA,NA,NA,286.238
1952-07-13,25.206,NA,NA,NA,286.225
1952-07-14,23.822,NA,NA,NA,286.174
1952-07-15,23.668,NA,NA,NA,286.168
1952-07-16,22.819,NA,NA,NA,286.134
1952-07-17,22.743,NA,NA,NA,286.131
1952-07-18,22.511,NA,NA,NA,286.122
1952-07-19,23.282,NA,NA,NA,286.152
1952-07-20,23.128,NA,NA,NA,286.146
1952-07-21,22.819,NA,NA,NA,286.134
1952-07-22,23.051,NA,NA,NA,286.143
1952-07-23,22.589,NA,NA,NA,286.125
1952-07-24,20.893,NA,NA,NA,286.058
1952-07-25,21.201,NA,NA,NA,286.07
1952-07-26,20.815,NA,NA,NA,286.055
1952-07-27,20.352,NA,NA,NA,286.037
1952-07-28,20.969,NA,NA,NA,286.061
1952-07-29,19.659,NA,NA,NA,286.009
1952-07-30,19.505,NA,NA,NA,286.003
1952-07-31,18.965,NA,NA,NA,285.982
1952-08-01,18.348,NA,NA,NA,285.957
1952-08-02,18.194,NA,NA,NA,285.951
1952-08-03,18.194,NA,NA,NA,285.951
1952-08-04,19.273,NA,NA,NA,285.994
1952-08-05,NA,NA,NA,NA,NA
1952-08-06,NA,NA,NA,NA,NA
1952-08-07,NA,NA,NA,NA,NA
1952-08-08,NA,NA,NA,NA,NA
1952-08-09,NA,NA,NA,NA,NA
1952-08-10,NA,NA,NA,NA,NA
1952-08-11,NA,NA,NA,NA,NA
1952-08-12,NA,NA,NA,NA,NA
1952-08-13,NA,NA,NA,NA,NA
1952-08-14,NA,NA,NA,NA,NA
1952-08-15,NA,NA,NA,NA,NA
1952-08-16,NA,NA,NA,NA,NA
1952-08-17,NA,NA,NA,NA,NA
1952-08-18,NA,NA,NA,NA,NA
1952-08-19,NA,NA,NA,NA,NA
1952-08-20,NA,NA,NA,NA,NA
1952-08-21,NA,NA,NA,NA,NA
1952-08-22,NA,NA,NA,NA,NA
1952-08-23,NA,NA,NA,NA,NA
1952-08-24,NA,NA,NA,NA,NA
1952-08-25,NA,NA,NA,NA,NA
1952-08-26,NA,NA,NA,NA,NA
1952-08-27,NA,NA,NA,NA,NA
1952-08-28,NA,NA,NA,NA,NA
1952-08-29,NA,NA,NA,NA,NA
1952-08-30,NA,NA,NA,NA,NA
1952-08-31,NA,NA,NA,NA,NA
1952-09-01,NA,NA,NA,NA,NA
1952-09-02,NA,NA,NA,NA,NA
1952-09-03,NA,NA,NA,NA,NA
1952-09-04,NA,NA,NA,NA,NA
1952-09-05,NA,NA,NA,NA,NA
1952-09-06,NA,NA,NA,NA,NA
1952-09-07,NA,NA,NA,NA,NA
1952-09-08,NA,NA,NA,NA,NA
1952-09-09,NA,NA,NA,NA,NA
1952-09-10,NA,NA,NA,NA,NA
1952-09-11,NA,NA,NA,NA,NA
1952-09-12,NA,NA,NA,NA,NA
1952-09-13,NA,NA,NA,NA,NA
1952-09-14,NA,NA,NA,NA,NA
1952-09-15,NA,NA,NA,NA,NA
1952-09-16,NA,NA,NA,NA,NA
1952-09-17,NA,NA,NA,NA,NA
1952-09-18,NA,NA,NA,NA,NA
1952-09-19,NA,NA,NA,NA,NA
1952-09-20,NA,NA,NA,NA,NA
1952-09-21,NA,NA,NA,NA,NA
1952-09-22,NA,NA,NA,NA,NA
1952-09-23,NA,NA,NA,NA,NA
1952-09-24,NA,NA,NA,NA,NA
1952-09-25,NA,NA,NA,NA,NA
1952-09-26,NA,NA,NA,NA,NA
1952-09-27,NA,NA,NA,NA,NA
1952-09-28,NA,NA,NA,NA,NA
1952-09-29,NA,NA,NA,NA,NA
1952-09-30,NA,NA,NA,NA,NA
1952-10-01,NA,NA,NA,NA,NA
1952-10-02,NA,NA,NA,NA,NA
1952-10-03,NA,NA,NA,NA,NA
1952-10-04,NA,NA,NA,NA,NA
1952-10-05,NA,NA,NA,NA,NA
1952-10-06,NA,NA,NA,NA,NA
1952-10-07,NA,NA,NA,NA,NA
1952-10-08,NA,NA,NA,NA,NA
1952-10-09,NA,NA,NA,NA,NA
1952-10-10,NA,NA,NA,NA,NA
1952-10-11,NA,NA,NA,NA,NA
1952-10-12,NA,NA,NA,NA,NA
1952-10-13,NA,NA,NA,NA,NA
1952-10-14,NA,NA,NA,NA,NA
1952-10-15,NA,NA,NA,NA,NA
1952-10-16,NA,NA,NA,NA,NA
1952-10-17,NA,NA,NA,NA,NA
1952-10-18,NA,NA,NA,NA,NA
1952-10-19,NA,NA,NA,NA,NA
1952-10-20,NA,NA,NA,NA,NA
1952-10-21,NA,NA,NA,NA,NA
1952-10-22,NA,NA,NA,NA,NA
1952-10-23,NA,NA,NA,NA,NA
1952-10-24,NA,NA,NA,NA,NA
1952-10-25,NA,NA,NA,NA,NA
1952-10-26,NA,NA,NA,NA,NA
1952-10-27,NA,NA,NA,NA,NA
1952-10-28,NA,NA,NA,NA,NA
1952-10-29,NA,NA,NA,NA,NA
1952-10-30,NA,NA,NA,NA,NA
1952-10-31,NA,NA,NA,NA,NA
1952-11-01,NA,NA,NA,NA,NA
1952-11-02,NA,NA,NA,NA,NA
1952-11-03,NA,NA,NA,NA,NA
1952-11-04,NA,NA,NA,NA,NA
1952-11-05,NA,NA,NA,NA,NA
1952-11-06,NA,NA,NA,NA,NA
1952-11-07,NA,NA,NA,NA,NA
1952-11-08,NA,NA,NA,NA,NA
1952-11-09,NA,NA,NA,NA,NA
1952-11-10,NA,NA,NA,NA,NA
1952-11-11,NA,NA,NA,NA,NA
1952-11-12,NA,NA,NA,NA,NA
1952-11-13,NA,NA,NA,NA,NA
1952-11-14,NA,NA,NA,NA,NA
1952-11-15,NA,NA,NA,NA,NA
1952-11-16,NA,NA,NA,NA,NA
1952-11-17,NA,NA,NA,NA,NA
1952-11-18,NA,NA,NA,NA,NA
1952-11-19,NA,NA,NA,NA,NA
1952-11-20,NA,NA,NA,NA,NA
1952-11-21,NA,NA,NA,NA,NA
1952-11-22,NA,NA,NA,NA,NA
1952-11-23,NA,NA,NA,NA,NA
1952-11-24,NA,NA,NA,NA,NA
1952-11-25,NA,NA,NA,NA,NA
1952-11-26,NA,NA,NA,NA,NA
1952-11-27,NA,NA,NA,NA,NA
1952-11-28,NA,NA,NA,NA,NA
1952-11-29,NA,NA,NA,NA,NA
1952-11-30,NA,NA,NA,NA,NA
1952-12-01,NA,NA,NA,NA,NA
1952-12-02,NA,NA,NA,NA,NA
1952-12-03,NA,NA,NA,NA,NA
1952-12-04,NA,NA,NA,NA,NA
1952-12-05,NA,NA,NA,NA,NA
1952-12-06,NA,NA,NA,NA,NA
1952-12-07,NA,NA,NA,NA,NA
1952-12-08,NA,NA,NA,NA,NA
1952-12-09,NA,NA,NA,NA,NA
1952-12-10,NA,NA,NA,NA,NA
1952-12-11,NA,NA,NA,NA,NA
1952-12-12,NA,NA,NA,NA,NA
1952-12-13,NA,NA,NA,NA,NA
1952-12-14,NA,NA,NA,NA,NA
1952-12-15,NA,NA,NA,NA,NA
1952-12-16,NA,NA,NA,NA,NA
1952-12-17,NA,NA,NA,NA,NA
1952-12-18,NA,NA,NA,NA,NA
1952-12-19,NA,NA,NA,NA,NA
1952-12-20,NA,NA,NA,NA,NA
1952-12-21,NA,NA,NA,NA,NA
1952-12-22,NA,NA,NA,NA,NA
1952-12-23,NA,NA,NA,NA,NA
1952-12-24,NA,NA,NA,NA,NA
1952-12-25,NA,NA,NA,NA,NA
1952-12-26,NA,NA,NA,NA,NA
1952-12-27,NA,NA,NA,NA,NA
1952-12-28,NA,NA,NA,NA,NA
1952-12-29,NA,NA,NA,NA,NA
1952-12-30,NA,NA,NA,NA,NA
1952-12-31,NA,NA,NA,NA,NA
1953-01-01,NA,NA,NA,NA,NA
1953-01-02,NA,NA,NA,NA,NA
1953-01-03,NA,NA,NA,NA,NA
1953-01-04,NA,NA,NA,NA,NA
1953-01-05,NA,NA,NA,NA,NA
1953-01-06,NA,NA,NA,NA,NA
1953-01-07,NA,NA,NA,NA,NA
1953-01-08,NA,NA,NA,NA,NA
1953-01-09,NA,NA,NA,NA,NA
1953-01-10,NA,NA,NA,NA,NA
1953-01-11,NA,NA,NA,NA,NA
1953-01-12,NA,NA,NA,NA,NA
1953-01-13,NA,NA,NA,NA,NA
1953-01-14,NA,NA,NA,NA,NA
1953-01-15,NA,NA,NA,NA,NA
1953-01-16,NA,NA,NA,NA,NA
1953-01-17,NA,NA,NA,NA,NA
1953-01-18,NA,NA,NA,NA,NA
1953-01-19,NA,NA,NA,NA,NA
1953-01-20,NA,NA,NA,NA,NA
1953-01-21,NA,NA,NA,NA,NA
1953-01-22,NA,NA,NA,NA,NA
1953-01-23,NA,NA,NA,NA,NA
1953-01-24,NA,NA,NA,NA,NA
1953-01-25,NA,NA,NA,NA,NA
1953-01-26,NA,NA,NA,NA,NA
1953-01-27,NA,NA,NA,NA,NA
1953-01-28,NA,NA,NA,NA,NA
1953-01-29,NA,NA,NA,NA,NA
1953-01-30,NA,NA,NA,NA,NA
1953-01-31,NA,NA,NA,NA,NA
1953-02-01,NA,NA,NA,NA,NA
1953-02-02,NA,NA,NA,NA,NA
1953-02-03,NA,NA,NA,NA,NA
1953-02-04,NA,NA,NA,NA,NA
1953-02-05,NA,NA,NA,NA,NA
1953-02-06,NA,NA,NA,NA,NA
1953-02-07,NA,NA,NA,NA,NA
1953-02-08,NA,NA,NA,NA,NA
1953-02-09,NA,NA,NA,NA,NA
1953-02-10,NA,NA,NA,NA,NA
1953-02-11,NA,NA,NA,NA,NA
1953-02-12,NA,NA,NA,NA,NA
1953-02-13,NA,NA,NA,NA,NA
1953-02-14,NA,NA,NA,NA,NA
1953-02-15,NA,NA,NA,NA,NA
1953-02-16,NA,NA,NA,NA,NA
1953-02-17,NA,NA,NA,NA,NA
1953-02-18,NA,NA,NA,NA,NA
1953-02-19,NA,NA,NA,NA,NA
1953-02-20,NA,NA,NA,NA,NA
1953-02-21,NA,NA,NA,NA,NA
1953-02-22,NA,NA,NA,NA,NA
1953-02-23,NA,NA,NA,NA,NA
1953-02-24,NA,NA,NA,NA,NA
1953-02-25,NA,NA,NA,NA,NA
1953-02-26,NA,NA,NA,NA,NA
1953-02-27,NA,NA,NA,NA,NA
1953-02-28,NA,NA,NA,NA,NA
1953-03-01,NA,NA,NA,NA,NA
1953-03-02,NA,NA,NA,NA,NA
1953-03-03,NA,NA,NA,NA,NA
1953-03-04,NA,NA,NA,NA,NA
1953-03-05,NA,NA,NA,NA,NA
1953-03-06,NA,NA,NA,NA,NA
1953-03-07,NA,NA,NA,NA,NA
1953-03-08,NA,NA,NA,NA,NA
1953-03-09,NA,NA,NA,NA,NA
1953-03-10,NA,NA,NA,NA,NA
1953-03-11,NA,NA,NA,NA,NA
1953-03-12,NA,NA,NA,NA,NA
1953-03-13,NA,NA,NA,NA,NA
1953-03-14,NA,NA,NA,NA,NA
1953-03-15,NA,NA,NA,NA,NA
1953-03-16,NA,NA,NA,NA,NA
1953-03-17,NA,NA,NA,NA,NA
1953-03-18,NA,NA,NA,NA,NA
1953-03-19,NA,NA,NA,NA,NA
1953-03-20,NA,NA,NA,NA,NA
1953-03-21,NA,NA,NA,NA,NA
1953-03-22,NA,NA,NA,NA,NA
1953-03-23,NA,NA,NA,NA,NA
1953-03-24,NA,NA,NA,NA,NA
1953-03-25,NA,NA,NA,NA,NA
1953-03-26,NA,NA,NA,NA,NA
1953-03-27,NA,NA,NA,NA,NA
1953-03-28,NA,NA,NA,NA,NA
1953-03-29,NA,NA,NA,NA,NA
1953-03-30,NA,NA,NA,NA,NA
1953-03-31,NA,NA,NA,NA,NA
1953-04-01,NA,NA,NA,NA,NA
1953-04-02,NA,NA,NA,NA,NA
1953-04-03,NA,NA,NA,NA,NA
1953-04-04,NA,NA,NA,NA,NA
1953-04-05,NA,NA,NA,NA,NA
1953-04-06,NA,NA,NA,NA,NA
1953-04-07,NA,NA,NA,NA,NA
1953-04-08,NA,NA,NA,NA,NA
1953-04-09,NA,NA,NA,NA,NA
1953-04-10,NA,NA,NA,NA,NA
1953-04-11,NA,NA,NA,NA,NA
1953-04-12,NA,NA,NA,NA,NA
1953-04-13,NA,NA,NA,NA,NA
1953-04-14,NA,NA,NA,NA,NA
1953-04-15,NA,NA,NA,NA,NA
1953-04-16,NA,NA,NA,NA,NA
1953-04-17,NA,NA,NA,NA,NA
1953-04-18,NA,NA,NA,NA,NA
1953-04-19,NA,NA,NA,NA,NA
1953-04-20,NA,NA,NA,NA,NA
1953-04-21,NA,NA,NA,NA,NA
1953-04-22,NA,NA,NA,NA,NA
1953-04-23,NA,NA,NA,NA,NA
1953-04-24,NA,NA,NA,NA,NA
1953-04-25,NA,NA,NA,NA,NA
1953-04-26,NA,NA,NA,NA,NA
1953-04-27,NA,NA,NA,NA,NA
1953-04-28,NA,NA,NA,NA,NA
1953-04-29,NA,NA,NA,NA,NA
1953-04-30,NA,NA,NA,NA,NA
1953-05-01,NA,NA,NA,NA,NA
1953-05-02,NA,NA,NA,NA,NA
1953-05-03,NA,NA,NA,NA,NA
1953-05-04,NA,NA,NA,NA,NA
1953-05-05,NA,NA,NA,NA,NA
1953-05-06,NA,NA,NA,NA,NA
1953-05-07,NA,NA,NA,NA,NA
1953-05-08,NA,NA,NA,NA,NA
1953-05-09,NA,NA,NA,NA,NA
1953-05-10,NA,NA,NA,NA,NA
1953-05-11,NA,NA,NA,NA,NA
1953-05-12,NA,NA,NA,NA,NA
1953-05-13,NA,NA,NA,NA,NA
1953-05-14,NA,NA,NA,NA,NA
1953-05-15,NA,NA,NA,NA,NA
1953-05-16,NA,NA,NA,NA,NA
1953-05-17,NA,NA,NA,NA,NA
1953-05-18,NA,NA,NA,NA,NA
1953-05-19,NA,NA,NA,NA,NA
1953-05-20,NA,NA,NA,NA,NA
1953-05-21,NA,NA,NA,NA,NA
1953-05-22,NA,NA,NA,NA,NA
1953-05-23,NA,NA,NA,NA,NA
1953-05-24,NA,NA,NA,NA,NA
1953-05-25,NA,NA,NA,NA,NA
1953-05-26,NA,NA,NA,NA,NA
1953-05-27,NA,NA,NA,NA,NA
1953-05-28,NA,NA,NA,NA,NA
1953-05-29,NA,NA,NA,NA,NA
1953-05-30,NA,NA,NA,NA,NA
1953-05-31,22.203,NA,NA,NA,286.11
1953-06-01,20.352,NA,NA,NA,286.037
1953-06-02,19.351,NA,NA,NA,285.997
1953-06-03,19.581,NA,NA,NA,286.006
1953-06-04,17.038,NA,NA,NA,285.905
1953-06-05,22.357,NA,NA,NA,286.116
1953-06-06,20.198,NA,NA,NA,286.03
1953-06-07,19.273,NA,NA,NA,285.994
1953-06-08,20.893,NA,NA,NA,286.058
1953-06-09,20.507,NA,NA,NA,286.043
1953-06-10,20.584,NA,NA,NA,286.046
1953-06-11,20.893,NA,NA,NA,286.058
1953-06-12,20.815,NA,NA,NA,286.055
1953-06-13,20.352,NA,NA,NA,286.037
1953-06-14,19.427,NA,NA,NA,286
1953-06-15,19.273,NA,NA,NA,285.994
1953-06-16,24.76,NA,NA,NA,286.21
1953-06-17,22.974,NA,NA,NA,286.14
1953-06-18,24.593,NA,NA,NA,286.204
1953-06-19,26.458,NA,NA,NA,286.268
1953-06-20,27.8,NA,NA,NA,286.314
1953-06-21,29.589,NA,NA,NA,286.375
1953-06-22,28.873,NA,NA,NA,286.35
1953-06-23,28.516,NA,NA,NA,286.338
1953-06-24,32.272,NA,NA,NA,286.466
1953-06-25,37.915,NA,NA,NA,286.649
1953-06-26,36.48,NA,NA,NA,286.603
1953-06-27,38.679,NA,NA,NA,286.674
1953-06-28,42.025,NA,NA,NA,286.78
1953-06-29,43.172,NA,NA,NA,286.817
1953-06-30,44.837,NA,NA,NA,286.863
1953-07-01,44.837,NA,NA,NA,286.863
1953-07-02,45.614,NA,NA,NA,286.884
1953-07-03,41.93,NA,NA,NA,286.777
1953-07-04,40.878,NA,NA,NA,286.744
1953-07-05,38.583,NA,NA,NA,286.67
1953-07-06,38.774,NA,NA,NA,286.677
1953-07-07,36.385,NA,NA,NA,286.6
1953-07-08,33.9,NA,NA,NA,286.521
1953-07-09,32.539,NA,NA,NA,286.475
1953-07-10,31.02,NA,NA,NA,286.424
1953-07-11,30.035,NA,NA,NA,286.39
1953-07-12,29.946,NA,NA,NA,286.387
1953-07-13,29.499,NA,NA,NA,286.372
1953-07-14,28.247,NA,NA,NA,286.329
1953-07-15,27.264,NA,NA,NA,286.296
1953-07-16,26.279,NA,NA,NA,286.262
1953-07-17,26.19,NA,NA,NA,286.259
1953-07-18,25.743,NA,NA,NA,286.244
1953-07-19,24.848,NA,NA,NA,286.213
1953-07-20,24.361,NA,NA,NA,286.195
1953-07-21,24.207,NA,NA,NA,286.189
1953-07-22,23.976,NA,NA,NA,286.18
1953-07-23,22.897,NA,NA,NA,286.137
1953-07-24,21.586,NA,NA,NA,286.085
1953-07-25,22.048,NA,NA,NA,286.104
1953-07-26,22.435,NA,NA,NA,286.119
1953-07-27,21.894,NA,NA,NA,286.097
1953-07-28,22.048,NA,NA,NA,286.104
1953-07-29,22.28,NA,NA,NA,286.113
1953-07-30,22.126,NA,NA,NA,286.107
1953-07-31,23.128,NA,NA,NA,286.146
1953-08-01,24.053,NA,NA,NA,286.183
1953-08-02,25.296,NA,NA,NA,286.229
1953-08-03,28.426,NA,NA,NA,286.335
1953-08-04,30.662,NA,NA,NA,286.411
1953-08-05,30.214,NA,NA,NA,286.396
1953-08-06,31.824,NA,NA,NA,286.451
1953-08-07,31.735,NA,NA,NA,286.448
1953-08-08,30.214,NA,NA,NA,286.396
1953-08-09,29.41,NA,NA,NA,286.369
1953-08-10,29.231,NA,NA,NA,286.363
1953-08-11,30.662,NA,NA,NA,286.411
1953-08-12,28.962,NA,NA,NA,286.354
1953-08-13,28.158,NA,NA,NA,286.326
1953-08-14,28.158,NA,NA,NA,286.326
1953-08-15,27.8,NA,NA,NA,286.314
1953-08-16,26.19,NA,NA,NA,286.259
1953-08-17,25.743,NA,NA,NA,286.244
1953-08-18,25.027,NA,NA,NA,286.219
1953-08-19,24.207,NA,NA,NA,286.189
1953-08-20,23.514,NA,NA,NA,286.161
1953-08-21,23.051,NA,NA,NA,286.143
1953-08-22,22.589,NA,NA,NA,286.125
1953-08-23,21.972,NA,NA,NA,286.101
1953-08-24,21.74,NA,NA,NA,286.091
1953-08-25,21.123,NA,NA,NA,286.067
1953-08-26,21.278,NA,NA,NA,286.073
1953-08-27,21.047,NA,NA,NA,286.064
1953-08-28,20.738,NA,NA,NA,286.052
1953-08-29,20.584,NA,NA,NA,286.046
1953-08-30,20.044,NA,NA,NA,286.024
1953-08-31,20.044,NA,NA,NA,286.024
1953-09-01,20.198,NA,NA,NA,286.03
1953-09-02,NA,NA,NA,NA,NA
1953-09-03,NA,NA,NA,NA,NA
1953-09-04,NA,NA,NA,NA,NA
1953-09-05,NA,NA,NA,NA,NA
1953-09-06,NA,NA,NA,NA,NA
1953-09-07,NA,NA,NA,NA,NA
1953-09-08,NA,NA,NA,NA,NA
1953-09-09,NA,NA,NA,NA,NA
1953-09-10,NA,NA,NA,NA,NA
1953-09-11,NA,NA,NA,NA,NA
1953-09-12,NA,NA,NA,NA,NA
1953-09-13,NA,NA,NA,NA,NA
1953-09-14,NA,NA,NA,NA,NA
1953-09-15,NA,NA,NA,NA,NA
1953-09-16,NA,NA,NA,NA,NA
1953-09-17,NA,NA,NA,NA,NA
1953-09-18,NA,NA,NA,NA,NA
1953-09-19,NA,NA,NA,NA,NA
1953-09-20,NA,NA,NA,NA,NA
1953-09-21,NA,NA,NA,NA,NA
1953-09-22,NA,NA,NA,NA,NA
1953-09-23,NA,NA,NA,NA,NA
1953-09-24,NA,NA,NA,NA,NA
1953-09-25,NA,NA,NA,NA,NA
1953-09-26,NA,NA,NA,NA,NA
1953-09-27,NA,NA,NA,NA,NA
1953-09-28,NA,NA,NA,NA,NA
1953-09-29,NA,NA,NA,NA,NA
1953-09-30,NA,NA,NA,NA,NA
1953-10-01,NA,NA,NA,NA,NA
1953-10-02,NA,NA,NA,NA,NA
1953-10-03,NA,NA,NA,NA,NA
1953-10-04,NA,NA,NA,NA,NA
1953-10-05,NA,NA,NA,NA,NA
1953-10-06,NA,NA,NA,NA,NA
1953-10-07,NA,NA,NA,NA,NA
1953-10-08,NA,NA,NA,NA,NA
1953-10-09,NA,NA,NA,NA,NA
1953-10-10,NA,NA,NA,NA,NA
1953-10-11,NA,NA,NA,NA,NA
1953-10-12,NA,NA,NA,NA,NA
1953-10-13,NA,NA,NA,NA,NA
1953-10-14,NA,NA,NA,NA,NA
1953-10-15,NA,NA,NA,NA,NA
1953-10-16,NA,NA,NA,NA,NA
1953-10-17,NA,NA,NA,NA,NA
1953-10-18,NA,NA,NA,NA,NA
1953-10-19,NA,NA,NA,NA,NA
1953-10-20,NA,NA,NA,NA,NA
1953-10-21,NA,NA,NA,NA,NA
1953-10-22,NA,NA,NA,NA,NA
1953-10-23,NA,NA,NA,NA,NA
1953-10-24,NA,NA,NA,NA,NA
1953-10-25,NA,NA,NA,NA,NA
1953-10-26,NA,NA,NA,NA,NA
1953-10-27,NA,NA,NA,NA,NA
1953-10-28,NA,NA,NA,NA,NA
1953-10-29,NA,NA,NA,NA,NA
1953-10-30,NA,NA,NA,NA,NA
1953-10-31,NA,NA,NA,NA,NA
1953-11-01,NA,NA,NA,NA,NA
1953-11-02,NA,NA,NA,NA,NA
1953-11-03,NA,NA,NA,NA,NA
1953-11-04,NA,NA,NA,NA,NA
1953-11-05,NA,NA,NA,NA,NA
1953-11-06,NA,NA,NA,NA,NA
1953-11-07,NA,NA,NA,NA,NA
1953-11-08,NA,NA,NA,NA,NA
1953-11-09,NA,NA,NA,NA,NA
1953-11-10,NA,NA,NA,NA,NA
1953-11-11,NA,NA,NA,NA,NA
1953-11-12,NA,NA,NA,NA,NA
1953-11-13,NA,NA,NA,NA,NA
1953-11-14,NA,NA,NA,NA,NA
1953-11-15,NA,NA,NA,NA,NA
1953-11-16,NA,NA,NA,NA,NA
1953-11-17,NA,NA,NA,NA,NA
1953-11-18,NA,NA,NA,NA,NA
1953-11-19,NA,NA,NA,NA,NA
1953-11-20,NA,NA,NA,NA,NA
1953-11-21,NA,NA,NA,NA,NA
1953-11-22,NA,NA,NA,NA,NA
1953-11-23,NA,NA,NA,NA,NA
1953-11-24,NA,NA,NA,NA,NA
1953-11-25,NA,NA,NA,NA,NA
1953-11-26,NA,NA,NA,NA,NA
1953-11-27,NA,NA,NA,NA,NA
1953-11-28,NA,NA,NA,NA,NA
1953-11-29,NA,NA,NA,NA,NA
1953-11-30,NA,NA,NA,NA,NA
1953-12-01,NA,NA,NA,NA,NA
1953-12-02,NA,NA,NA,NA,NA
1953-12-03,NA,NA,NA,NA,NA
1953-12-04,NA,NA,NA,NA,NA
1953-12-05,NA,NA,NA,NA,NA
1953-12-06,NA,NA,NA,NA,NA
1953-12-07,NA,NA,NA,NA,NA
1953-12-08,NA,NA,NA,NA,NA
1953-12-09,NA,NA,NA,NA,NA
1953-12-10,NA,NA,NA,NA,NA
1953-12-11,NA,NA,NA,NA,NA
1953-12-12,NA,NA,NA,NA,NA
1953-12-13,NA,NA,NA,NA,NA
1953-12-14,NA,NA,NA,NA,NA
1953-12-15,NA,NA,NA,NA,NA
1953-12-16,NA,NA,NA,NA,NA
1953-12-17,NA,NA,NA,NA,NA
1953-12-18,NA,NA,NA,NA,NA
1953-12-19,NA,NA,NA,NA,NA
1953-12-20,NA,NA,NA,NA,NA
1953-12-21,NA,NA,NA,NA,NA
1953-12-22,NA,NA,NA,NA,NA
1953-12-23,NA,NA,NA,NA,NA
1953-12-24,NA,NA,NA,NA,NA
1953-12-25,NA,NA,NA,NA,NA
1953-12-26,NA,NA,NA,NA,NA
1953-12-27,NA,NA,NA,NA,NA
1953-12-28,NA,NA,NA,NA,NA
1953-12-29,NA,NA,NA,NA,NA
1953-12-30,NA,NA,NA,NA,NA
1953-12-31,NA,NA,NA,NA,NA
1954-01-01,NA,NA,NA,NA,NA
1954-01-02,NA,NA,NA,NA,NA
1954-01-03,NA,NA,NA,NA,NA
1954-01-04,NA,NA,NA,NA,NA
1954-01-05,NA,NA,NA,NA,NA
1954-01-06,NA,NA,NA,NA,NA
1954-01-07,NA,NA,NA,NA,NA
1954-01-08,NA,NA,NA,NA,NA
1954-01-09,NA,NA,NA,NA,NA
1954-01-10,NA,NA,NA,NA,NA
1954-01-11,NA,NA,NA,NA,NA
1954-01-12,NA,NA,NA,NA,NA
1954-01-13,NA,NA,NA,NA,NA
1954-01-14,NA,NA,NA,NA,NA
1954-01-15,NA,NA,NA,NA,NA
1954-01-16,NA,NA,NA,NA,NA
1954-01-17,NA,NA,NA,NA,NA
1954-01-18,NA,NA,NA,NA,NA
1954-01-19,NA,NA,NA,NA,NA
1954-01-20,NA,NA,NA,NA,NA
1954-01-21,NA,NA,NA,NA,NA
1954-01-22,NA,NA,NA,NA,NA
1954-01-23,NA,NA,NA,NA,NA
1954-01-24,NA,NA,NA,NA,NA
1954-01-25,NA,NA,NA,NA,NA
1954-01-26,NA,NA,NA,NA,NA
1954-01-27,NA,NA,NA,NA,NA
1954-01-28,NA,NA,NA,NA,NA
1954-01-29,NA,NA,NA,NA,NA
1954-01-30,NA,NA,NA,NA,NA
1954-01-31,NA,NA,NA,NA,NA
1954-02-01,NA,NA,NA,NA,NA
1954-02-02,NA,NA,NA,NA,NA
1954-02-03,NA,NA,NA,NA,NA
1954-02-04,NA,NA,NA,NA,NA
1954-02-05,NA,NA,NA,NA,NA
1954-02-06,NA,NA,NA,NA,NA
1954-02-07,NA,NA,NA,NA,NA
1954-02-08,NA,NA,NA,NA,NA
1954-02-09,NA,NA,NA,NA,NA
1954-02-10,NA,NA,NA,NA,NA
1954-02-11,NA,NA,NA,NA,NA
1954-02-12,NA,NA,NA,NA,NA
1954-02-13,NA,NA,NA,NA,NA
1954-02-14,NA,NA,NA,NA,NA
1954-02-15,NA,NA,NA,NA,NA
1954-02-16,NA,NA,NA,NA,NA
1954-02-17,NA,NA,NA,NA,NA
1954-02-18,NA,NA,NA,NA,NA
1954-02-19,NA,NA,NA,NA,NA
1954-02-20,NA,NA,NA,NA,NA
1954-02-21,NA,NA,NA,NA,NA
1954-02-22,NA,NA,NA,NA,NA
1954-02-23,NA,NA,NA,NA,NA
1954-02-24,NA,NA,NA,NA,NA
1954-02-25,NA,NA,NA,NA,NA
1954-02-26,NA,NA,NA,NA,NA
1954-02-27,NA,NA,NA,NA,NA
1954-02-28,NA,NA,NA,NA,NA
1954-03-01,NA,NA,NA,NA,NA
1954-03-02,NA,NA,NA,NA,NA
1954-03-03,NA,NA,NA,NA,NA
1954-03-04,NA,NA,NA,NA,NA
1954-03-05,NA,NA,NA,NA,NA
1954-03-06,NA,NA,NA,NA,NA
1954-03-07,NA,NA,NA,NA,NA
1954-03-08,NA,NA,NA,NA,NA
1954-03-09,NA,NA,NA,NA,NA
1954-03-10,NA,NA,NA,NA,NA
1954-03-11,NA,NA,NA,NA,NA
1954-03-12,NA,NA,NA,NA,NA
1954-03-13,NA,NA,NA,NA,NA
1954-03-14,NA,NA,NA,NA,NA
1954-03-15,NA,NA,NA,NA,NA
1954-03-16,NA,NA,NA,NA,NA
1954-03-17,NA,NA,NA,NA,NA
1954-03-18,NA,NA,NA,NA,NA
1954-03-19,NA,NA,NA,NA,NA
1954-03-20,NA,NA,NA,NA,NA
1954-03-21,NA,NA,NA,NA,NA
1954-03-22,NA,NA,NA,NA,NA
1954-03-23,NA,NA,NA,NA,NA
1954-03-24,NA,NA,NA,NA,NA
1954-03-25,NA,NA,NA,NA,NA
1954-03-26,NA,NA,NA,NA,NA
1954-03-27,NA,NA,NA,NA,NA
1954-03-28,NA,NA,NA,NA,NA
1954-03-29,NA,NA,NA,NA,NA
1954-03-30,NA,NA,NA,NA,NA
1954-03-31,NA,NA,NA,NA,NA
1954-04-01,NA,NA,NA,NA,NA
1954-04-02,NA,NA,NA,NA,NA
1954-04-03,NA,NA,NA,NA,NA
1954-04-04,NA,NA,NA,NA,NA
1954-04-05,NA,NA,NA,NA,NA
1954-04-06,NA,NA,NA,NA,NA
1954-04-07,NA,NA,NA,NA,NA
1954-04-08,NA,NA,NA,NA,NA
1954-04-09,NA,NA,NA,NA,NA
1954-04-10,NA,NA,NA,NA,NA
1954-04-11,NA,NA,NA,NA,NA
1954-04-12,NA,NA,NA,NA,NA
1954-04-13,NA,NA,NA,NA,NA
1954-04-14,NA,NA,NA,NA,NA
1954-04-15,NA,NA,NA,NA,NA
1954-04-16,NA,NA,NA,NA,NA
1954-04-17,NA,NA,NA,NA,NA
1954-04-18,NA,NA,NA,NA,NA
1954-04-19,NA,NA,NA,NA,NA
1954-04-20,NA,NA,NA,NA,NA
1954-04-21,NA,NA,NA,NA,NA
1954-04-22,NA,NA,NA,NA,NA
1954-04-23,NA,NA,NA,NA,NA
1954-04-24,NA,NA,NA,NA,NA
1954-04-25,NA,NA,NA,NA,NA
1954-04-26,NA,NA,NA,NA,NA
1954-04-27,NA,NA,NA,NA,NA
1954-04-28,NA,NA,NA,NA,NA
1954-04-29,NA,NA,NA,NA,NA
1954-04-30,NA,NA,NA,NA,NA
1954-05-01,NA,NA,NA,NA,NA
1954-05-02,NA,NA,NA,NA,NA
1954-05-03,NA,NA,NA,NA,NA
1954-05-04,NA,NA,NA,NA,NA
1954-05-05,NA,NA,NA,NA,NA
1954-05-06,NA,NA,NA,NA,NA
1954-05-07,NA,NA,NA,NA,NA
1954-05-08,NA,NA,NA,NA,NA
1954-05-09,NA,NA,NA,NA,NA
1954-05-10,NA,NA,NA,NA,NA
1954-05-11,NA,NA,NA,NA,NA
1954-05-12,NA,NA,NA,NA,NA
1954-05-13,NA,NA,NA,NA,NA
1954-05-14,NA,NA,NA,NA,NA
1954-05-15,NA,NA,NA,NA,NA
1954-05-16,NA,NA,NA,NA,NA
1954-05-17,NA,NA,NA,NA,NA
1954-05-18,NA,NA,NA,NA,NA
1954-05-19,NA,NA,NA,NA,NA
1954-05-20,NA,NA,NA,NA,NA
1954-05-21,NA,NA,NA,NA,NA
1954-05-22,NA,NA,NA,NA,NA
1954-05-23,NA,NA,NA,NA,NA
1954-05-24,NA,NA,NA,NA,NA
1954-05-25,NA,NA,NA,NA,NA
1954-05-26,NA,NA,NA,NA,NA
1954-05-27,NA,NA,NA,NA,NA
1954-05-28,NA,NA,NA,NA,NA
1954-05-29,NA,NA,NA,NA,NA
1954-05-30,NA,NA,NA,NA,NA
1954-05-31,NA,NA,NA,NA,NA
1954-06-01,NA,NA,NA,NA,NA
1954-06-02,NA,NA,NA,NA,NA
1954-06-03,NA,NA,NA,NA,NA
1954-06-04,NA,NA,NA,NA,NA
1954-06-05,NA,NA,NA,NA,NA
1954-06-06,NA,NA,NA,NA,NA
1954-06-07,NA,NA,NA,NA,NA
1954-06-08,NA,NA,NA,NA,NA
1954-06-09,NA,NA,NA,NA,NA
1954-06-10,NA,NA,NA,NA,NA
1954-06-11,NA,NA,NA,NA,NA
1954-06-12,NA,NA,NA,NA,NA
1954-06-13,NA,NA,NA,NA,NA
1954-06-14,NA,NA,NA,NA,NA
1954-06-15,NA,NA,NA,NA,NA
1954-06-16,NA,NA,NA,NA,NA
1954-06-17,NA,NA,NA,NA,NA
1954-06-18,NA,NA,NA,NA,NA
1954-06-19,NA,NA,NA,NA,NA
1954-06-20,NA,NA,NA,NA,NA
1954-06-21,NA,NA,NA,NA,NA
1954-06-22,NA,NA,NA,NA,NA
1954-06-23,NA,NA,NA,NA,NA
1954-06-24,NA,NA,NA,NA,NA
1954-06-25,NA,NA,NA,NA,NA
1954-06-26,NA,NA,NA,NA,NA
1954-06-27,NA,NA,NA,NA,NA
1954-06-28,NA,NA,NA,NA,NA
1954-06-29,NA,NA,NA,NA,NA
1954-06-30,NA,NA,NA,NA,NA
1954-07-01,NA,NA,NA,NA,NA
1954-07-02,NA,NA,NA,NA,NA
1954-07-03,NA,NA,NA,NA,NA
1954-07-04,NA,NA,NA,NA,NA
1954-07-05,NA,NA,NA,NA,NA
1954-07-06,NA,NA,NA,NA,NA
1954-07-07,NA,NA,NA,NA,NA
1954-07-08,NA,NA,NA,NA,NA
1954-07-09,NA,NA,NA,NA,NA
1954-07-10,NA,NA,NA,NA,NA
1954-07-11,NA,NA,NA,NA,NA
1954-07-12,NA,NA,NA,NA,NA
1954-07-13,NA,NA,NA,NA,NA
1954-07-14,NA,NA,NA,NA,NA
1954-07-15,NA,NA,NA,NA,NA
1954-07-16,NA,NA,NA,NA,NA
1954-07-17,NA,NA,NA,NA,NA
1954-07-18,NA,NA,NA,NA,NA
1954-07-19,NA,NA,NA,NA,NA
1954-07-20,NA,NA,NA,NA,NA
1954-07-21,NA,NA,NA,NA,NA
1954-07-22,NA,NA,NA,NA,NA
1954-07-23,NA,NA,NA,NA,NA
1954-07-24,NA,NA,NA,NA,NA
1954-07-25,NA,NA,NA,NA,NA
1954-07-26,NA,NA,NA,NA,NA
1954-07-27,NA,NA,NA,NA,NA
1954-07-28,NA,NA,NA,NA,NA
1954-07-29,NA,NA,NA,NA,NA
1954-07-30,NA,NA,NA,NA,NA
1954-07-31,NA,NA,NA,NA,NA
1954-08-01,NA,NA,NA,NA,NA
1954-08-02,NA,NA,NA,NA,NA
1954-08-03,NA,NA,NA,NA,NA
1954-08-04,NA,NA,NA,NA,NA
1954-08-05,NA,NA,NA,NA,NA
1954-08-06,NA,NA,NA,NA,NA
1954-08-07,NA,NA,NA,NA,NA
1954-08-08,NA,NA,NA,NA,NA
1954-08-09,NA,NA,NA,NA,NA
1954-08-10,NA,NA,NA,NA,NA
1954-08-11,NA,NA,NA,NA,NA
1954-08-12,NA,NA,NA,NA,NA
1954-08-13,NA,NA,NA,NA,NA
1954-08-14,NA,NA,NA,NA,NA
1954-08-15,NA,NA,NA,NA,NA
1954-08-16,NA,NA,NA,NA,NA
1954-08-17,NA,NA,NA,NA,NA
1954-08-18,NA,NA,NA,NA,NA
1954-08-19,NA,NA,NA,NA,NA
1954-08-20,NA,NA,NA,NA,NA
1954-08-21,NA,NA,NA,NA,NA
1954-08-22,NA,NA,NA,NA,NA
1954-08-23,NA,NA,NA,NA,NA
1954-08-24,NA,NA,NA,NA,NA
1954-08-25,NA,NA,NA,NA,NA
1954-08-26,NA,NA,NA,NA,NA
1954-08-27,NA,NA,NA,NA,NA
1954-08-28,NA,NA,NA,NA,NA
1954-08-29,NA,NA,NA,NA,NA
1954-08-30,NA,NA,NA,NA,NA
1954-08-31,NA,NA,NA,NA,NA
1954-09-01,NA,NA,NA,NA,NA
1954-09-02,NA,NA,NA,NA,NA
1954-09-03,NA,NA,NA,NA,NA
1954-09-04,NA,NA,NA,NA,NA
1954-09-05,NA,NA,NA,NA,NA
1954-09-06,NA,NA,NA,NA,NA
1954-09-07,NA,NA,NA,NA,NA
1954-09-08,NA,NA,NA,NA,NA
1954-09-09,NA,NA,NA,NA,NA
1954-09-10,NA,NA,NA,NA,NA
1954-09-11,NA,NA,NA,NA,NA
1954-09-12,NA,NA,NA,NA,NA
1954-09-13,NA,NA,NA,NA,NA
1954-09-14,NA,NA,NA,NA,NA
1954-09-15,NA,NA,NA,NA,NA
1954-09-16,NA,NA,NA,NA,NA
1954-09-17,NA,NA,NA,NA,NA
1954-09-18,NA,NA,NA,NA,NA
1954-09-19,NA,NA,NA,NA,NA
1954-09-20,NA,NA,NA,NA,NA
1954-09-21,NA,NA,NA,NA,NA
1954-09-22,NA,NA,NA,NA,NA
1954-09-23,NA,NA,NA,NA,NA
1954-09-24,NA,NA,NA,NA,NA
1954-09-25,NA,NA,NA,NA,NA
1954-09-26,NA,NA,NA,NA,NA
1954-09-27,NA,NA,NA,NA,NA
1954-09-28,NA,NA,NA,NA,NA
1954-09-29,NA,NA,NA,NA,NA
1954-09-30,NA,NA,NA,NA,NA
1954-10-01,NA,NA,NA,NA,NA
1954-10-02,NA,NA,NA,NA,NA
1954-10-03,NA,NA,NA,NA,NA
1954-10-04,NA,NA,NA,NA,NA
1954-10-05,NA,NA,NA,NA,NA
1954-10-06,NA,NA,NA,NA,NA
1954-10-07,NA,NA,NA,NA,NA
1954-10-08,NA,NA,NA,NA,NA
1954-10-09,NA,NA,NA,NA,NA
1954-10-10,NA,NA,NA,NA,NA
1954-10-11,NA,NA,NA,NA,NA
1954-10-12,NA,NA,NA,NA,NA
1954-10-13,NA,NA,NA,NA,NA
1954-10-14,NA,NA,NA,NA,NA
1954-10-15,NA,NA,NA,NA,NA
1954-10-16,NA,NA,NA,NA,NA
1954-10-17,NA,NA,NA,NA,NA
1954-10-18,NA,NA,NA,NA,NA
1954-10-19,NA,NA,NA,NA,NA
1954-10-20,NA,NA,NA,NA,NA
1954-10-21,NA,NA,NA,NA,NA
1954-10-22,NA,NA,NA,NA,NA
1954-10-23,NA,NA,NA,NA,NA
1954-10-24,NA,NA,NA,NA,NA
1954-10-25,NA,NA,NA,NA,NA
1954-10-26,NA,NA,NA,NA,NA
1954-10-27,NA,NA,NA,NA,NA
1954-10-28,NA,NA,NA,NA,NA
1954-10-29,NA,NA,NA,NA,NA
1954-10-30,NA,NA,NA,NA,NA
1954-10-31,NA,NA,NA,NA,NA
1954-11-01,NA,NA,NA,NA,NA
1954-11-02,NA,NA,NA,NA,NA
1954-11-03,NA,NA,NA,NA,NA
1954-11-04,NA,NA,NA,NA,NA
1954-11-05,NA,NA,NA,NA,NA
1954-11-06,NA,NA,NA,NA,NA
1954-11-07,NA,NA,NA,NA,NA
1954-11-08,NA,NA,NA,NA,NA
1954-11-09,NA,NA,NA,NA,NA
1954-11-10,NA,NA,NA,NA,NA
1954-11-11,NA,NA,NA,NA,NA
1954-11-12,NA,NA,NA,NA,NA
1954-11-13,NA,NA,NA,NA,NA
1954-11-14,NA,NA,NA,NA,NA
1954-11-15,NA,NA,NA,NA,NA
1954-11-16,NA,NA,NA,NA,NA
1954-11-17,NA,NA,NA,NA,NA
1954-11-18,NA,NA,NA,NA,NA
1954-11-19,NA,NA,NA,NA,NA
1954-11-20,NA,NA,NA,NA,NA
1954-11-21,NA,NA,NA,NA,NA
1954-11-22,NA,NA,NA,NA,NA
1954-11-23,NA,NA,NA,NA,NA
1954-11-24,NA,NA,NA,NA,NA
1954-11-25,NA,NA,NA,NA,NA
1954-11-26,NA,NA,NA,NA,NA
1954-11-27,NA,NA,NA,NA,NA
1954-11-28,NA,NA,NA,NA,NA
1954-11-29,NA,NA,NA,NA,NA
1954-11-30,NA,NA,NA,NA,NA
1954-12-01,NA,NA,NA,NA,NA
1954-12-02,NA,NA,NA,NA,NA
1954-12-03,NA,NA,NA,NA,NA
1954-12-04,NA,NA,NA,NA,NA
1954-12-05,NA,NA,NA,NA,NA
1954-12-06,NA,NA,NA,NA,NA
1954-12-07,NA,NA,NA,NA,NA
1954-12-08,NA,NA,NA,NA,NA
1954-12-09,NA,NA,NA,NA,NA
1954-12-10,NA,NA,NA,NA,NA
1954-12-11,NA,NA,NA,NA,NA
1954-12-12,NA,NA,NA,NA,NA
1954-12-13,NA,NA,NA,NA,NA
1954-12-14,NA,NA,NA,NA,NA
1954-12-15,NA,NA,NA,NA,NA
1954-12-16,NA,NA,NA,NA,NA
1954-12-17,NA,NA,NA,NA,NA
1954-12-18,NA,NA,NA,NA,NA
1954-12-19,NA,NA,NA,NA,NA
1954-12-20,NA,NA,NA,NA,NA
1954-12-21,NA,NA,NA,NA,NA
1954-12-22,NA,NA,NA,NA,NA
1954-12-23,NA,NA,NA,NA,NA
1954-12-24,NA,NA,NA,NA,NA
1954-12-25,NA,NA,NA,NA,NA
1954-12-26,NA,NA,NA,NA,NA
1954-12-27,NA,NA,NA,NA,NA
1954-12-28,NA,NA,NA,NA,NA
1954-12-29,NA,NA,NA,NA,NA
1954-12-30,NA,NA,NA,NA,NA
1954-12-31,NA,NA,NA,NA,NA
1955-01-01,NA,NA,NA,NA,NA
1955-01-02,NA,NA,NA,NA,NA
1955-01-03,NA,NA,NA,NA,NA
1955-01-04,NA,NA,NA,NA,NA
1955-01-05,NA,NA,NA,NA,NA
1955-01-06,NA,NA,NA,NA,NA
1955-01-07,NA,NA,NA,NA,NA
1955-01-08,NA,NA,NA,NA,NA
1955-01-09,NA,NA,NA,NA,NA
1955-01-10,NA,NA,NA,NA,NA
1955-01-11,NA,NA,NA,NA,NA
1955-01-12,NA,NA,NA,NA,NA
1955-01-13,NA,NA,NA,NA,NA
1955-01-14,NA,NA,NA,NA,NA
1955-01-15,NA,NA,NA,NA,NA
1955-01-16,NA,NA,NA,NA,NA
1955-01-17,NA,NA,NA,NA,NA
1955-01-18,NA,NA,NA,NA,NA
1955-01-19,NA,NA,NA,NA,NA
1955-01-20,NA,NA,NA,NA,NA
1955-01-21,NA,NA,NA,NA,NA
1955-01-22,NA,NA,NA,NA,NA
1955-01-23,NA,NA,NA,NA,NA
1955-01-24,NA,NA,NA,NA,NA
1955-01-25,NA,NA,NA,NA,NA
1955-01-26,NA,NA,NA,NA,NA
1955-01-27,NA,NA,NA,NA,NA
1955-01-28,NA,NA,NA,NA,NA
1955-01-29,NA,NA,NA,NA,NA
1955-01-30,NA,NA,NA,NA,NA
1955-01-31,NA,NA,NA,NA,NA
1955-02-01,NA,NA,NA,NA,NA
1955-02-02,NA,NA,NA,NA,NA
1955-02-03,NA,NA,NA,NA,NA
1955-02-04,NA,NA,NA,NA,NA
1955-02-05,NA,NA,NA,NA,NA
1955-02-06,NA,NA,NA,NA,NA
1955-02-07,NA,NA,NA,NA,NA
1955-02-08,NA,NA,NA,NA,NA
1955-02-09,NA,NA,NA,NA,NA
1955-02-10,NA,NA,NA,NA,NA
1955-02-11,NA,NA,NA,NA,NA
1955-02-12,NA,NA,NA,NA,NA
1955-02-13,NA,NA,NA,NA,NA
1955-02-14,NA,NA,NA,NA,NA
1955-02-15,NA,NA,NA,NA,NA
1955-02-16,NA,NA,NA,NA,NA
1955-02-17,NA,NA,NA,NA,NA
1955-02-18,NA,NA,NA,NA,NA
1955-02-19,NA,NA,NA,NA,NA
1955-02-20,NA,NA,NA,NA,NA
1955-02-21,NA,NA,NA,NA,NA
1955-02-22,NA,NA,NA,NA,NA
1955-02-23,NA,NA,NA,NA,NA
1955-02-24,NA,NA,NA,NA,NA
1955-02-25,NA,NA,NA,NA,NA
1955-02-26,NA,NA,NA,NA,NA
1955-02-27,NA,NA,NA,NA,NA
1955-02-28,NA,NA,NA,NA,NA
1955-03-01,NA,NA,NA,NA,NA
1955-03-02,NA,NA,NA,NA,NA
1955-03-03,NA,NA,NA,NA,NA
1955-03-04,NA,NA,NA,NA,NA
1955-03-05,NA,NA,NA,NA,NA
1955-03-06,NA,NA,NA,NA,NA
1955-03-07,NA,NA,NA,NA,NA
1955-03-08,NA,NA,NA,NA,NA
1955-03-09,NA,NA,NA,NA,NA
1955-03-10,NA,NA,NA,NA,NA
1955-03-11,NA,NA,NA,NA,NA
1955-03-12,NA,NA,NA,NA,NA
1955-03-13,NA,NA,NA,NA,NA
1955-03-14,NA,NA,NA,NA,NA
1955-03-15,NA,NA,NA,NA,NA
1955-03-16,NA,NA,NA,NA,NA
1955-03-17,NA,NA,NA,NA,NA
1955-03-18,NA,NA,NA,NA,NA
1955-03-19,NA,NA,NA,NA,NA
1955-03-20,NA,NA,NA,NA,NA
1955-03-21,NA,NA,NA,NA,NA
1955-03-22,NA,NA,NA,NA,NA
1955-03-23,NA,NA,NA,NA,NA
1955-03-24,NA,NA,NA,NA,NA
1955-03-25,NA,NA,NA,NA,NA
1955-03-26,NA,NA,NA,NA,NA
1955-03-27,NA,NA,NA,NA,NA
1955-03-28,NA,NA,NA,NA,NA
1955-03-29,NA,NA,NA,NA,NA
1955-03-30,NA,NA,NA,NA,NA
1955-03-31,NA,NA,NA,NA,NA
1955-04-01,NA,NA,NA,NA,NA
1955-04-02,NA,NA,NA,NA,NA
1955-04-03,NA,NA,NA,NA,NA
1955-04-04,NA,NA,NA,NA,NA
1955-04-05,NA,NA,NA,NA,NA
1955-04-06,NA,NA,NA,NA,NA
1955-04-07,NA,NA,NA,NA,NA
1955-04-08,NA,NA,NA,NA,NA
1955-04-09,NA,NA,NA,NA,NA
1955-04-10,NA,NA,NA,NA,NA
1955-04-11,NA,NA,NA,NA,NA
1955-04-12,NA,NA,NA,NA,NA
1955-04-13,NA,NA,NA,NA,NA
1955-04-14,NA,NA,NA,NA,NA
1955-04-15,NA,NA,NA,NA,NA
1955-04-16,NA,NA,NA,NA,NA
1955-04-17,NA,NA,NA,NA,NA
1955-04-18,NA,NA,NA,NA,NA
1955-04-19,NA,NA,NA,NA,NA
1955-04-20,NA,NA,NA,NA,NA
1955-04-21,NA,NA,NA,NA,NA
1955-04-22,NA,NA,NA,NA,NA
1955-04-23,NA,NA,NA,NA,NA
1955-04-24,NA,NA,NA,NA,NA
1955-04-25,NA,NA,NA,NA,NA
1955-04-26,NA,NA,NA,NA,NA
1955-04-27,NA,NA,NA,NA,NA
1955-04-28,NA,NA,NA,NA,NA
1955-04-29,NA,NA,NA,NA,NA
1955-04-30,NA,NA,NA,NA,NA
1955-05-01,NA,NA,NA,NA,NA
1955-05-02,NA,NA,NA,NA,NA
1955-05-03,NA,NA,NA,NA,NA
1955-05-04,NA,NA,NA,NA,NA
1955-05-05,NA,NA,NA,NA,NA
1955-05-06,NA,NA,NA,NA,NA
1955-05-07,NA,NA,NA,NA,NA
1955-05-08,NA,NA,NA,NA,NA
1955-05-09,NA,NA,NA,NA,NA
1955-05-10,NA,NA,NA,NA,NA
1955-05-11,NA,NA,NA,NA,NA
1955-05-12,NA,NA,NA,NA,NA
1955-05-13,NA,NA,NA,NA,NA
1955-05-14,NA,NA,NA,NA,NA
1955-05-15,NA,NA,NA,NA,NA
1955-05-16,NA,NA,NA,NA,NA
1955-05-17,NA,NA,NA,NA,NA
1955-05-18,NA,NA,NA,NA,NA
1955-05-19,NA,NA,NA,NA,NA
1955-05-20,NA,NA,NA,NA,NA
1955-05-21,NA,NA,NA,NA,NA
1955-05-22,NA,NA,NA,NA,NA
1955-05-23,NA,NA,NA,NA,NA
1955-05-24,NA,NA,NA,NA,NA
1955-05-25,NA,NA,NA,NA,NA
1955-05-26,NA,NA,NA,NA,NA
1955-05-27,NA,NA,NA,NA,NA
1955-05-28,NA,NA,NA,NA,NA
1955-05-29,NA,NA,NA,NA,NA
1955-05-30,NA,NA,NA,NA,NA
1955-05-31,NA,NA,NA,NA,NA
1955-06-01,NA,NA,NA,NA,NA
1955-06-02,NA,NA,NA,NA,NA
1955-06-03,NA,NA,NA,NA,NA
1955-06-04,NA,NA,NA,NA,NA
1955-06-05,NA,NA,NA,NA,NA
1955-06-06,NA,NA,NA,NA,NA
1955-06-07,NA,NA,NA,NA,NA
1955-06-08,NA,NA,NA,NA,NA
1955-06-09,NA,NA,NA,NA,NA
1955-06-10,NA,NA,NA,NA,NA
1955-06-11,NA,NA,NA,NA,NA
1955-06-12,NA,NA,NA,NA,NA
1955-06-13,NA,NA,NA,NA,NA
1955-06-14,NA,NA,NA,NA,NA
1955-06-15,NA,NA,NA,NA,NA
1955-06-16,NA,NA,NA,NA,NA
1955-06-17,NA,NA,NA,NA,NA
1955-06-18,NA,NA,NA,NA,NA
1955-06-19,NA,NA,NA,NA,NA
1955-06-20,NA,NA,NA,NA,NA
1955-06-21,NA,NA,NA,NA,NA
1955-06-22,NA,NA,NA,NA,NA
1955-06-23,NA,NA,NA,NA,NA
1955-06-24,NA,NA,NA,NA,NA
1955-06-25,NA,NA,NA,NA,NA
1955-06-26,NA,NA,NA,NA,NA
1955-06-27,NA,NA,NA,NA,NA
1955-06-28,NA,NA,NA,NA,NA
1955-06-29,NA,NA,NA,NA,NA
1955-06-30,NA,NA,NA,NA,NA
1955-07-01,NA,NA,NA,NA,NA
1955-07-02,NA,NA,NA,NA,NA
1955-07-03,NA,NA,NA,NA,NA
1955-07-04,NA,NA,NA,NA,NA
1955-07-05,NA,NA,NA,NA,NA
1955-07-06,NA,NA,NA,NA,NA
1955-07-07,NA,NA,NA,NA,NA
1955-07-08,NA,NA,NA,NA,NA
1955-07-09,NA,NA,NA,NA,NA
1955-07-10,NA,NA,NA,NA,NA
1955-07-11,NA,NA,NA,NA,NA
1955-07-12,NA,NA,NA,NA,NA
1955-07-13,NA,NA,NA,NA,NA
1955-07-14,NA,NA,NA,NA,NA
1955-07-15,NA,NA,NA,NA,NA
1955-07-16,NA,NA,NA,NA,NA
1955-07-17,NA,NA,NA,NA,NA
1955-07-18,NA,NA,NA,NA,NA
1955-07-19,NA,NA,NA,NA,NA
1955-07-20,NA,NA,NA,NA,NA
1955-07-21,NA,NA,NA,NA,NA
1955-07-22,NA,NA,NA,NA,NA
1955-07-23,NA,NA,NA,NA,NA
1955-07-24,NA,NA,NA,NA,NA
1955-07-25,NA,NA,NA,NA,NA
1955-07-26,NA,NA,NA,NA,NA
1955-07-27,NA,NA,NA,NA,NA
1955-07-28,NA,NA,NA,NA,NA
1955-07-29,NA,NA,NA,NA,NA
1955-07-30,NA,NA,NA,NA,NA
1955-07-31,NA,NA,NA,NA,NA
1955-08-01,NA,NA,NA,NA,NA
1955-08-02,NA,NA,NA,NA,NA
1955-08-03,NA,NA,NA,NA,NA
1955-08-04,NA,NA,NA,NA,NA
1955-08-05,NA,NA,NA,NA,NA
1955-08-06,NA,NA,NA,NA,NA
1955-08-07,NA,NA,NA,NA,NA
1955-08-08,NA,NA,NA,NA,NA
1955-08-09,NA,NA,NA,NA,NA
1955-08-10,NA,NA,NA,NA,NA
1955-08-11,NA,NA,NA,NA,NA
1955-08-12,NA,NA,NA,NA,NA
1955-08-13,NA,NA,NA,NA,NA
1955-08-14,NA,NA,NA,NA,NA
1955-08-15,NA,NA,NA,NA,NA
1955-08-16,NA,NA,NA,NA,NA
1955-08-17,NA,NA,NA,NA,NA
1955-08-18,NA,NA,NA,NA,NA
1955-08-19,NA,NA,NA,NA,NA
1955-08-20,NA,NA,NA,NA,NA
1955-08-21,NA,NA,NA,NA,NA
1955-08-22,NA,NA,NA,NA,NA
1955-08-23,NA,NA,NA,NA,NA
1955-08-24,NA,NA,NA,NA,NA
1955-08-25,NA,NA,NA,NA,NA
1955-08-26,NA,NA,NA,NA,NA
1955-08-27,NA,NA,NA,NA,NA
1955-08-28,NA,NA,NA,NA,NA
1955-08-29,NA,NA,NA,NA,NA
1955-08-30,NA,NA,NA,NA,NA
1955-08-31,NA,NA,NA,NA,NA
1955-09-01,NA,NA,NA,NA,NA
1955-09-02,NA,NA,NA,NA,NA
1955-09-03,NA,NA,NA,NA,NA
1955-09-04,NA,NA,NA,NA,NA
1955-09-05,NA,NA,NA,NA,NA
1955-09-06,NA,NA,NA,NA,NA
1955-09-07,NA,NA,NA,NA,NA
1955-09-08,NA,NA,NA,NA,NA
1955-09-09,NA,NA,NA,NA,NA
1955-09-10,NA,NA,NA,NA,NA
1955-09-11,NA,NA,NA,NA,NA
1955-09-12,NA,NA,NA,NA,NA
1955-09-13,NA,NA,NA,NA,NA
1955-09-14,NA,NA,NA,NA,NA
1955-09-15,NA,NA,NA,NA,NA
1955-09-16,NA,NA,NA,NA,NA
1955-09-17,NA,NA,NA,NA,NA
1955-09-18,NA,NA,NA,NA,NA
1955-09-19,NA,NA,NA,NA,NA
1955-09-20,NA,NA,NA,NA,NA
1955-09-21,NA,NA,NA,NA,NA
1955-09-22,NA,NA,NA,NA,NA
1955-09-23,NA,NA,NA,NA,NA
1955-09-24,NA,NA,NA,NA,NA
1955-09-25,NA,NA,NA,NA,NA
1955-09-26,NA,NA,NA,NA,NA
1955-09-27,NA,NA,NA,NA,NA
1955-09-28,NA,NA,NA,NA,NA
1955-09-29,NA,NA,NA,NA,NA
1955-09-30,NA,NA,NA,NA,NA
1955-10-01,NA,NA,NA,NA,NA
1955-10-02,NA,NA,NA,NA,NA
1955-10-03,NA,NA,NA,NA,NA
1955-10-04,NA,NA,NA,NA,NA
1955-10-05,NA,NA,NA,NA,NA
1955-10-06,NA,NA,NA,NA,NA
1955-10-07,NA,NA,NA,NA,NA
1955-10-08,NA,NA,NA,NA,NA
1955-10-09,NA,NA,NA,NA,NA
1955-10-10,NA,NA,NA,NA,NA
1955-10-11,NA,NA,NA,NA,NA
1955-10-12,NA,NA,NA,NA,NA
1955-10-13,NA,NA,NA,NA,NA
1955-10-14,NA,NA,NA,NA,NA
1955-10-15,NA,NA,NA,NA,NA
1955-10-16,NA,NA,NA,NA,NA
1955-10-17,NA,NA,NA,NA,NA
1955-10-18,NA,NA,NA,NA,NA
1955-10-19,NA,NA,NA,NA,NA
1955-10-20,NA,NA,NA,NA,NA
1955-10-21,NA,NA,NA,NA,NA
1955-10-22,NA,NA,NA,NA,NA
1955-10-23,NA,NA,NA,NA,NA
1955-10-24,NA,NA,NA,NA,NA
1955-10-25,NA,NA,NA,NA,NA
1955-10-26,NA,NA,NA,NA,NA
1955-10-27,NA,NA,NA,NA,NA
1955-10-28,NA,NA,NA,NA,NA
1955-10-29,NA,NA,NA,NA,NA
1955-10-30,NA,NA,NA,NA,NA
1955-10-31,NA,NA,NA,NA,NA
1955-11-01,NA,NA,NA,NA,NA
1955-11-02,NA,NA,NA,NA,NA
1955-11-03,NA,NA,NA,NA,NA
1955-11-04,NA,NA,NA,NA,NA
1955-11-05,NA,NA,NA,NA,NA
1955-11-06,NA,NA,NA,NA,NA
1955-11-07,NA,NA,NA,NA,NA
1955-11-08,NA,NA,NA,NA,NA
1955-11-09,NA,NA,NA,NA,NA
1955-11-10,NA,NA,NA,NA,NA
1955-11-11,NA,NA,NA,NA,NA
1955-11-12,NA,NA,NA,NA,NA
1955-11-13,NA,NA,NA,NA,NA
1955-11-14,NA,NA,NA,NA,NA
1955-11-15,NA,NA,NA,NA,NA
1955-11-16,NA,NA,NA,NA,NA
1955-11-17,NA,NA,NA,NA,NA
1955-11-18,NA,NA,NA,NA,NA
1955-11-19,NA,NA,NA,NA,NA
1955-11-20,NA,NA,NA,NA,NA
1955-11-21,NA,NA,NA,NA,NA
1955-11-22,NA,NA,NA,NA,NA
1955-11-23,NA,NA,NA,NA,NA
1955-11-24,NA,NA,NA,NA,NA
1955-11-25,NA,NA,NA,NA,NA
1955-11-26,NA,NA,NA,NA,NA
1955-11-27,NA,NA,NA,NA,NA
1955-11-28,NA,NA,NA,NA,NA
1955-11-29,NA,NA,NA,NA,NA
1955-11-30,NA,NA,NA,NA,NA
1955-12-01,NA,NA,NA,NA,NA
1955-12-02,NA,NA,NA,NA,NA
1955-12-03,NA,NA,NA,NA,NA
1955-12-04,NA,NA,NA,NA,NA
1955-12-05,NA,NA,NA,NA,NA
1955-12-06,NA,NA,NA,NA,NA
1955-12-07,NA,NA,NA,NA,NA
1955-12-08,NA,NA,NA,NA,NA
1955-12-09,NA,NA,NA,NA,NA
1955-12-10,NA,NA,NA,NA,NA
1955-12-11,NA,NA,NA,NA,NA
1955-12-12,NA,NA,NA,NA,NA
1955-12-13,NA,NA,NA,NA,NA
1955-12-14,NA,NA,NA,NA,NA
1955-12-15,NA,NA,NA,NA,NA
1955-12-16,NA,NA,NA,NA,NA
1955-12-17,NA,NA,NA,NA,NA
1955-12-18,NA,NA,NA,NA,NA
1955-12-19,NA,NA,NA,NA,NA
1955-12-20,NA,NA,NA,NA,NA
1955-12-21,NA,NA,NA,NA,NA
1955-12-22,NA,NA,NA,NA,NA
1955-12-23,NA,NA,NA,NA,NA
1955-12-24,NA,NA,NA,NA,NA
1955-12-25,NA,NA,NA,NA,NA
1955-12-26,NA,NA,NA,NA,NA
1955-12-27,NA,NA,NA,NA,NA
1955-12-28,NA,NA,NA,NA,NA
1955-12-29,NA,NA,NA,NA,NA
1955-12-30,NA,NA,NA,NA,NA
1955-12-31,NA,NA,NA,NA,NA
1956-01-01,NA,NA,NA,NA,NA
1956-01-02,NA,NA,NA,NA,NA
1956-01-03,NA,NA,NA,NA,NA
1956-01-04,NA,NA,NA,NA,NA
1956-01-05,NA,NA,NA,NA,NA
1956-01-06,NA,NA,NA,NA,NA
1956-01-07,NA,NA,NA,NA,NA
1956-01-08,NA,NA,NA,NA,NA
1956-01-09,NA,NA,NA,NA,NA
1956-01-10,NA,NA,NA,NA,NA
1956-01-11,NA,NA,NA,NA,NA
1956-01-12,NA,NA,NA,NA,NA
1956-01-13,NA,NA,NA,NA,NA
1956-01-14,NA,NA,NA,NA,NA
1956-01-15,NA,NA,NA,NA,NA
1956-01-16,NA,NA,NA,NA,NA
1956-01-17,NA,NA,NA,NA,NA
1956-01-18,NA,NA,NA,NA,NA
1956-01-19,NA,NA,NA,NA,NA
1956-01-20,NA,NA,NA,NA,NA
1956-01-21,NA,NA,NA,NA,NA
1956-01-22,NA,NA,NA,NA,NA
1956-01-23,NA,NA,NA,NA,NA
1956-01-24,NA,NA,NA,NA,NA
1956-01-25,NA,NA,NA,NA,NA
1956-01-26,NA,NA,NA,NA,NA
1956-01-27,NA,NA,NA,NA,NA
1956-01-28,NA,NA,NA,NA,NA
1956-01-29,NA,NA,NA,NA,NA
1956-01-30,NA,NA,NA,NA,NA
1956-01-31,NA,NA,NA,NA,NA
1956-02-01,NA,NA,NA,NA,NA
1956-02-02,NA,NA,NA,NA,NA
1956-02-03,NA,NA,NA,NA,NA
1956-02-04,NA,NA,NA,NA,NA
1956-02-05,NA,NA,NA,NA,NA
1956-02-06,NA,NA,NA,NA,NA
1956-02-07,NA,NA,NA,NA,NA
1956-02-08,NA,NA,NA,NA,NA
1956-02-09,NA,NA,NA,NA,NA
1956-02-10,NA,NA,NA,NA,NA
1956-02-11,NA,NA,NA,NA,NA
1956-02-12,NA,NA,NA,NA,NA
1956-02-13,NA,NA,NA,NA,NA
1956-02-14,NA,NA,NA,NA,NA
1956-02-15,NA,NA,NA,NA,NA
1956-02-16,NA,NA,NA,NA,NA
1956-02-17,NA,NA,NA,NA,NA
1956-02-18,NA,NA,NA,NA,NA
1956-02-19,NA,NA,NA,NA,NA
1956-02-20,NA,NA,NA,NA,NA
1956-02-21,NA,NA,NA,NA,NA
1956-02-22,NA,NA,NA,NA,NA
1956-02-23,NA,NA,NA,NA,NA
1956-02-24,NA,NA,NA,NA,NA
1956-02-25,NA,NA,NA,NA,NA
1956-02-26,NA,NA,NA,NA,NA
1956-02-27,NA,NA,NA,NA,NA
1956-02-28,NA,NA,NA,NA,NA
1956-02-29,NA,NA,NA,NA,NA
1956-03-01,NA,NA,NA,NA,NA
1956-03-02,NA,NA,NA,NA,NA
1956-03-03,NA,NA,NA,NA,NA
1956-03-04,NA,NA,NA,NA,NA
1956-03-05,NA,NA,NA,NA,NA
1956-03-06,NA,NA,NA,NA,NA
1956-03-07,NA,NA,NA,NA,NA
1956-03-08,NA,NA,NA,NA,NA
1956-03-09,NA,NA,NA,NA,NA
1956-03-10,NA,NA,NA,NA,NA
1956-03-11,NA,NA,NA,NA,NA
1956-03-12,NA,NA,NA,NA,NA
1956-03-13,NA,NA,NA,NA,NA
1956-03-14,NA,NA,NA,NA,NA
1956-03-15,NA,NA,NA,NA,NA
1956-03-16,NA,NA,NA,NA,NA
1956-03-17,NA,NA,NA,NA,NA
1956-03-18,NA,NA,NA,NA,NA
1956-03-19,NA,NA,NA,NA,NA
1956-03-20,NA,NA,NA,NA,NA
1956-03-21,NA,NA,NA,NA,NA
1956-03-22,NA,NA,NA,NA,NA
1956-03-23,NA,NA,NA,NA,NA
1956-03-24,NA,NA,NA,NA,NA
1956-03-25,NA,NA,NA,NA,NA
1956-03-26,NA,NA,NA,NA,NA
1956-03-27,NA,NA,NA,NA,NA
1956-03-28,NA,NA,NA,NA,NA
1956-03-29,NA,NA,NA,NA,NA
1956-03-30,NA,NA,NA,NA,NA
1956-03-31,NA,NA,NA,NA,NA
1956-04-01,NA,NA,NA,NA,NA
1956-04-02,NA,NA,NA,NA,NA
1956-04-03,NA,NA,NA,NA,NA
1956-04-04,NA,NA,NA,NA,NA
1956-04-05,NA,NA,NA,NA,NA
1956-04-06,NA,NA,NA,NA,NA
1956-04-07,NA,NA,NA,NA,NA
1956-04-08,NA,NA,NA,NA,NA
1956-04-09,NA,NA,NA,NA,NA
1956-04-10,NA,NA,NA,NA,NA
1956-04-11,NA,NA,NA,NA,NA
1956-04-12,NA,NA,NA,NA,NA
1956-04-13,NA,NA,NA,NA,NA
1956-04-14,NA,NA,NA,NA,NA
1956-04-15,NA,NA,NA,NA,NA
1956-04-16,NA,NA,NA,NA,NA
1956-04-17,NA,NA,NA,NA,NA
1956-04-18,NA,NA,NA,NA,NA
1956-04-19,NA,NA,NA,NA,NA
1956-04-20,NA,NA,NA,NA,NA
1956-04-21,NA,NA,NA,NA,NA
1956-04-22,NA,NA,NA,NA,NA
1956-04-23,NA,NA,NA,NA,NA
1956-04-24,NA,NA,NA,NA,NA
1956-04-25,NA,NA,NA,NA,NA
1956-04-26,NA,NA,NA,NA,NA
1956-04-27,NA,NA,NA,NA,NA
1956-04-28,NA,NA,NA,NA,NA
1956-04-29,NA,NA,NA,NA,NA
1956-04-30,NA,NA,NA,NA,NA
1956-05-01,NA,NA,NA,NA,NA
1956-05-02,NA,NA,NA,NA,NA
1956-05-03,NA,NA,NA,NA,NA
1956-05-04,NA,NA,NA,NA,NA
1956-05-05,NA,NA,NA,NA,NA
1956-05-06,NA,NA,NA,NA,NA
1956-05-07,NA,NA,NA,NA,NA
1956-05-08,NA,NA,NA,NA,NA
1956-05-09,NA,NA,NA,NA,NA
1956-05-10,NA,NA,NA,NA,NA
1956-05-11,NA,NA,NA,NA,NA
1956-05-12,NA,NA,NA,NA,NA
1956-05-13,NA,NA,NA,NA,NA
1956-05-14,NA,NA,NA,NA,NA
1956-05-15,NA,NA,NA,NA,NA
1956-05-16,NA,NA,NA,NA,NA
1956-05-17,NA,NA,NA,NA,NA
1956-05-18,NA,NA,NA,NA,NA
1956-05-19,NA,NA,NA,NA,NA
1956-05-20,NA,NA,NA,NA,NA
1956-05-21,NA,NA,NA,NA,NA
1956-05-22,NA,NA,NA,NA,NA
1956-05-23,NA,NA,NA,NA,NA
1956-05-24,NA,NA,NA,NA,NA
1956-05-25,NA,NA,NA,NA,NA
1956-05-26,NA,NA,NA,NA,NA
1956-05-27,NA,NA,NA,NA,NA
1956-05-28,NA,NA,NA,NA,NA
1956-05-29,NA,NA,NA,NA,NA
1956-05-30,NA,NA,NA,NA,NA
1956-05-31,NA,NA,NA,NA,NA
1956-06-01,NA,NA,NA,NA,NA
1956-06-02,NA,NA,NA,NA,NA
1956-06-03,NA,NA,NA,NA,NA
1956-06-04,NA,NA,NA,NA,NA
1956-06-05,NA,NA,NA,NA,NA
1956-06-06,NA,NA,NA,NA,NA
1956-06-07,NA,NA,NA,NA,NA
1956-06-08,NA,NA,NA,NA,NA
1956-06-09,NA,NA,NA,NA,NA
1956-06-10,NA,NA,NA,NA,NA
1956-06-11,NA,NA,NA,NA,NA
1956-06-12,NA,NA,NA,NA,NA
1956-06-13,NA,NA,NA,NA,NA
1956-06-14,NA,NA,NA,NA,NA
1956-06-15,NA,NA,NA,NA,NA
1956-06-16,NA,NA,NA,NA,NA
1956-06-17,NA,NA,NA,NA,NA
1956-06-18,NA,NA,NA,NA,NA
1956-06-19,NA,NA,NA,NA,NA
1956-06-20,NA,NA,NA,NA,NA
1956-06-21,NA,NA,NA,NA,NA
1956-06-22,NA,NA,NA,NA,NA
1956-06-23,NA,NA,NA,NA,NA
1956-06-24,NA,NA,NA,NA,NA
1956-06-25,NA,NA,NA,NA,NA
1956-06-26,NA,NA,NA,NA,NA
1956-06-27,NA,NA,NA,NA,NA
1956-06-28,NA,NA,NA,NA,NA
1956-06-29,NA,NA,NA,NA,NA
1956-06-30,NA,NA,NA,NA,NA
1956-07-01,NA,NA,NA,NA,NA
1956-07-02,NA,NA,NA,NA,NA
1956-07-03,NA,NA,NA,NA,NA
1956-07-04,NA,NA,NA,NA,NA
1956-07-05,NA,NA,NA,NA,NA
1956-07-06,NA,NA,NA,NA,NA
1956-07-07,NA,NA,NA,NA,NA
1956-07-08,NA,NA,NA,NA,NA
1956-07-09,NA,NA,NA,NA,NA
1956-07-10,NA,NA,NA,NA,NA
1956-07-11,NA,NA,NA,NA,NA
1956-07-12,NA,NA,NA,NA,NA
1956-07-13,NA,NA,NA,NA,NA
1956-07-14,NA,NA,NA,NA,NA
1956-07-15,NA,NA,NA,NA,NA
1956-07-16,NA,NA,NA,NA,NA
1956-07-17,NA,NA,NA,NA,NA
1956-07-18,NA,NA,NA,NA,NA
1956-07-19,NA,NA,NA,NA,NA
1956-07-20,NA,NA,NA,NA,NA
1956-07-21,NA,NA,NA,NA,NA
1956-07-22,NA,NA,NA,NA,NA
1956-07-23,NA,NA,NA,NA,NA
1956-07-24,NA,NA,NA,NA,NA
1956-07-25,NA,NA,NA,NA,NA
1956-07-26,NA,NA,NA,NA,NA
1956-07-27,NA,NA,NA,NA,NA
1956-07-28,NA,NA,NA,NA,NA
1956-07-29,NA,NA,NA,NA,NA
1956-07-30,NA,NA,NA,NA,NA
1956-07-31,NA,NA,NA,NA,NA
1956-08-01,NA,NA,NA,NA,NA
1956-08-02,NA,NA,NA,NA,NA
1956-08-03,NA,NA,NA,NA,NA
1956-08-04,NA,NA,NA,NA,NA
1956-08-05,NA,NA,NA,NA,NA
1956-08-06,NA,NA,NA,NA,NA
1956-08-07,NA,NA,NA,NA,NA
1956-08-08,NA,NA,NA,NA,NA
1956-08-09,NA,NA,NA,NA,NA
1956-08-10,NA,NA,NA,NA,NA
1956-08-11,NA,NA,NA,NA,NA
1956-08-12,NA,NA,NA,NA,NA
1956-08-13,NA,NA,NA,NA,NA
1956-08-14,NA,NA,NA,NA,NA
1956-08-15,NA,NA,NA,NA,NA
1956-08-16,NA,NA,NA,NA,NA
1956-08-17,NA,NA,NA,NA,NA
1956-08-18,NA,NA,NA,NA,NA
1956-08-19,NA,NA,NA,NA,NA
1956-08-20,NA,NA,NA,NA,NA
1956-08-21,NA,NA,NA,NA,NA
1956-08-22,NA,NA,NA,NA,NA
1956-08-23,NA,NA,NA,NA,NA
1956-08-24,NA,NA,NA,NA,NA
1956-08-25,NA,NA,NA,NA,NA
1956-08-26,NA,NA,NA,NA,NA
1956-08-27,NA,NA,NA,NA,NA
1956-08-28,NA,NA,NA,NA,NA
1956-08-29,NA,NA,NA,NA,NA
1956-08-30,NA,NA,NA,NA,NA
1956-08-31,NA,NA,NA,NA,NA
1956-09-01,NA,NA,NA,NA,NA
1956-09-02,NA,NA,NA,NA,NA
1956-09-03,NA,NA,NA,NA,NA
1956-09-04,NA,NA,NA,NA,NA
1956-09-05,NA,NA,NA,NA,NA
1956-09-06,NA,NA,NA,NA,NA
1956-09-07,NA,NA,NA,NA,NA
1956-09-08,NA,NA,NA,NA,NA
1956-09-09,NA,NA,NA,NA,NA
1956-09-10,NA,NA,NA,NA,NA
1956-09-11,NA,NA,NA,NA,NA
1956-09-12,NA,NA,NA,NA,NA
1956-09-13,NA,NA,NA,NA,NA
1956-09-14,NA,NA,NA,NA,NA
1956-09-15,NA,NA,NA,NA,NA
1956-09-16,NA,NA,NA,NA,NA
1956-09-17,NA,NA,NA,NA,NA
1956-09-18,NA,NA,NA,NA,NA
1956-09-19,NA,NA,NA,NA,NA
1956-09-20,NA,NA,NA,NA,NA
1956-09-21,NA,NA,NA,NA,NA
1956-09-22,NA,NA,NA,NA,NA
1956-09-23,NA,NA,NA,NA,NA
1956-09-24,NA,NA,NA,NA,NA
1956-09-25,NA,NA,NA,NA,NA
1956-09-26,NA,NA,NA,NA,NA
1956-09-27,NA,NA,NA,NA,NA
1956-09-28,NA,NA,NA,NA,NA
1956-09-29,NA,NA,NA,NA,NA
1956-09-30,NA,NA,NA,NA,NA
1956-10-01,NA,NA,NA,NA,NA
1956-10-02,NA,NA,NA,NA,NA
1956-10-03,NA,NA,NA,NA,NA
1956-10-04,NA,NA,NA,NA,NA
1956-10-05,NA,NA,NA,NA,NA
1956-10-06,NA,NA,NA,NA,NA
1956-10-07,NA,NA,NA,NA,NA
1956-10-08,NA,NA,NA,NA,NA
1956-10-09,NA,NA,NA,NA,NA
1956-10-10,NA,NA,NA,NA,NA
1956-10-11,NA,NA,NA,NA,NA
1956-10-12,NA,NA,NA,NA,NA
1956-10-13,NA,NA,NA,NA,NA
1956-10-14,NA,NA,NA,NA,NA
1956-10-15,NA,NA,NA,NA,NA
1956-10-16,NA,NA,NA,NA,NA
1956-10-17,NA,NA,NA,NA,NA
1956-10-18,NA,NA,NA,NA,NA
1956-10-19,NA,NA,NA,NA,NA
1956-10-20,NA,NA,NA,NA,NA
1956-10-21,NA,NA,NA,NA,NA
1956-10-22,NA,NA,NA,NA,NA
1956-10-23,NA,NA,NA,NA,NA
1956-10-24,NA,NA,NA,NA,NA
1956-10-25,NA,NA,NA,NA,NA
1956-10-26,NA,NA,NA,NA,NA
1956-10-27,NA,NA,NA,NA,NA
1956-10-28,NA,NA,NA,NA,NA
1956-10-29,NA,NA,NA,NA,NA
1956-10-30,NA,NA,NA,NA,NA
1956-10-31,NA,NA,NA,NA,NA
1956-11-01,NA,NA,NA,NA,NA
1956-11-02,NA,NA,NA,NA,NA
1956-11-03,NA,NA,NA,NA,NA
1956-11-04,NA,NA,NA,NA,NA
1956-11-05,NA,NA,NA,NA,NA
1956-11-06,NA,NA,NA,NA,NA
1956-11-07,NA,NA,NA,NA,NA
1956-11-08,NA,NA,NA,NA,NA
1956-11-09,NA,NA,NA,NA,NA
1956-11-10,NA,NA,NA,NA,NA
1956-11-11,NA,NA,NA,NA,NA
1956-11-12,NA,NA,NA,NA,NA
1956-11-13,NA,NA,NA,NA,NA
1956-11-14,NA,NA,NA,NA,NA
1956-11-15,NA,NA,NA,NA,NA
1956-11-16,NA,NA,NA,NA,NA
1956-11-17,NA,NA,NA,NA,NA
1956-11-18,NA,NA,NA,NA,NA
1956-11-19,NA,NA,NA,NA,NA
1956-11-20,NA,NA,NA,NA,NA
1956-11-21,NA,NA,NA,NA,NA
1956-11-22,NA,NA,NA,NA,NA
1956-11-23,NA,NA,NA,NA,NA
1956-11-24,NA,NA,NA,NA,NA
1956-11-25,NA,NA,NA,NA,NA
1956-11-26,NA,NA,NA,NA,NA
1956-11-27,NA,NA,NA,NA,NA
1956-11-28,NA,NA,NA,NA,NA
1956-11-29,NA,NA,NA,NA,NA
1956-11-30,NA,NA,NA,NA,NA
1956-12-01,NA,NA,NA,NA,NA
1956-12-02,NA,NA,NA,NA,NA
1956-12-03,NA,NA,NA,NA,NA
1956-12-04,NA,NA,NA,NA,NA
1956-12-05,NA,NA,NA,NA,NA
1956-12-06,NA,NA,NA,NA,NA
1956-12-07,NA,NA,NA,NA,NA
1956-12-08,NA,NA,NA,NA,NA
1956-12-09,NA,NA,NA,NA,NA
1956-12-10,NA,NA,NA,NA,NA
1956-12-11,NA,NA,NA,NA,NA
1956-12-12,NA,NA,NA,NA,NA
1956-12-13,NA,NA,NA,NA,NA
1956-12-14,NA,NA,NA,NA,NA
1956-12-15,NA,NA,NA,NA,NA
1956-12-16,NA,NA,NA,NA,NA
1956-12-17,NA,NA,NA,NA,NA
1956-12-18,NA,NA,NA,NA,NA
1956-12-19,NA,NA,NA,NA,NA
1956-12-20,NA,NA,NA,NA,NA
1956-12-21,NA,NA,NA,NA,NA
1956-12-22,NA,NA,NA,NA,NA
1956-12-23,NA,NA,NA,NA,NA
1956-12-24,NA,NA,NA,NA,NA
1956-12-25,NA,NA,NA,NA,NA
1956-12-26,NA,NA,NA,NA,NA
1956-12-27,NA,NA,NA,NA,NA
1956-12-28,NA,NA,NA,NA,NA
1956-12-29,NA,NA,NA,NA,NA
1956-12-30,NA,NA,NA,NA,NA
1956-12-31,NA,NA,NA,NA,NA
1957-01-01,NA,NA,NA,NA,NA
1957-01-02,NA,NA,NA,NA,NA
1957-01-03,NA,NA,NA,NA,NA
1957-01-04,NA,NA,NA,NA,NA
1957-01-05,NA,NA,NA,NA,NA
1957-01-06,NA,NA,NA,NA,NA
1957-01-07,NA,NA,NA,NA,NA
1957-01-08,NA,NA,NA,NA,NA
1957-01-09,NA,NA,NA,NA,NA
1957-01-10,NA,NA,NA,NA,NA
1957-01-11,NA,NA,NA,NA,NA
1957-01-12,NA,NA,NA,NA,NA
1957-01-13,NA,NA,NA,NA,NA
1957-01-14,NA,NA,NA,NA,NA
1957-01-15,NA,NA,NA,NA,NA
1957-01-16,NA,NA,NA,NA,NA
1957-01-17,NA,NA,NA,NA,NA
1957-01-18,NA,NA,NA,NA,NA
1957-01-19,NA,NA,NA,NA,NA
1957-01-20,NA,NA,NA,NA,NA
1957-01-21,NA,NA,NA,NA,NA
1957-01-22,NA,NA,NA,NA,NA
1957-01-23,NA,NA,NA,NA,NA
1957-01-24,NA,NA,NA,NA,NA
1957-01-25,NA,NA,NA,NA,NA
1957-01-26,NA,NA,NA,NA,NA
1957-01-27,NA,NA,NA,NA,NA
1957-01-28,NA,NA,NA,NA,NA
1957-01-29,NA,NA,NA,NA,NA
1957-01-30,NA,NA,NA,NA,NA
1957-01-31,NA,NA,NA,NA,NA
1957-02-01,NA,NA,NA,NA,NA
1957-02-02,NA,NA,NA,NA,NA
1957-02-03,NA,NA,NA,NA,NA
1957-02-04,NA,NA,NA,NA,NA
1957-02-05,NA,NA,NA,NA,NA
1957-02-06,NA,NA,NA,NA,NA
1957-02-07,NA,NA,NA,NA,NA
1957-02-08,NA,NA,NA,NA,NA
1957-02-09,NA,NA,NA,NA,NA
1957-02-10,NA,NA,NA,NA,NA
1957-02-11,NA,NA,NA,NA,NA
1957-02-12,NA,NA,NA,NA,NA
1957-02-13,NA,NA,NA,NA,NA
1957-02-14,NA,NA,NA,NA,NA
1957-02-15,NA,NA,NA,NA,NA
1957-02-16,NA,NA,NA,NA,NA
1957-02-17,NA,NA,NA,NA,NA
1957-02-18,NA,NA,NA,NA,NA
1957-02-19,NA,NA,NA,NA,NA
1957-02-20,NA,NA,NA,NA,NA
1957-02-21,NA,NA,NA,NA,NA
1957-02-22,NA,NA,NA,NA,NA
1957-02-23,NA,NA,NA,NA,NA
1957-02-24,NA,NA,NA,NA,NA
1957-02-25,NA,NA,NA,NA,NA
1957-02-26,NA,NA,NA,NA,NA
1957-02-27,NA,NA,NA,NA,NA
1957-02-28,NA,NA,NA,NA,NA
1957-03-01,14.078,NA,NA,NA,285.735
1957-03-02,14.078,NA,NA,NA,285.735
1957-03-03,14.078,NA,NA,NA,285.735
1957-03-04,14.025,NA,NA,NA,285.732
1957-03-05,14.025,NA,NA,NA,285.732
1957-03-06,13.973,NA,NA,NA,285.729
1957-03-07,13.973,NA,NA,NA,285.729
1957-03-08,13.973,NA,NA,NA,285.729
1957-03-09,13.973,NA,NA,NA,285.729
1957-03-10,13.973,NA,NA,NA,285.729
1957-03-11,13.973,NA,NA,NA,285.729
1957-03-12,13.973,NA,NA,NA,285.729
1957-03-13,13.92,NA,NA,NA,285.726
1957-03-14,13.92,NA,NA,NA,285.726
1957-03-15,13.92,NA,NA,NA,285.726
1957-03-16,13.92,NA,NA,NA,285.726
1957-03-17,13.92,NA,NA,NA,285.726
1957-03-18,13.92,NA,NA,NA,285.726
1957-03-19,13.92,NA,NA,NA,285.726
1957-03-20,13.92,NA,NA,NA,285.726
1957-03-21,13.973,NA,NA,NA,285.729
1957-03-22,14.078,NA,NA,NA,285.735
1957-03-23,14.078,NA,NA,NA,285.735
1957-03-24,14.287,NA,NA,NA,285.747
1957-03-25,14.707,NA,NA,NA,285.771
1957-03-26,15.336,NA,NA,NA,285.808
1957-03-27,16.07,NA,NA,NA,285.851
1957-03-28,16.804,NA,NA,NA,285.893
1957-03-29,17.731,NA,NA,NA,285.933
1957-03-30,17.115,NA,NA,NA,285.908
1957-03-31,16.699,NA,NA,NA,285.887
1957-04-01,16.436,NA,NA,NA,285.872
1957-04-02,16.175,NA,NA,NA,285.857
1957-04-03,15.912,NA,NA,NA,285.841
1957-04-04,16.489,NA,NA,NA,285.875
1957-04-05,17.501,NA,NA,NA,285.924
1957-04-06,18.502,NA,NA,NA,285.963
1957-04-07,18.502,NA,NA,NA,285.963
1957-04-08,18.58,NA,NA,NA,285.966
1957-04-09,18.656,NA,NA,NA,285.969
1957-04-10,18.734,NA,NA,NA,285.973
1957-04-11,18.734,NA,NA,NA,285.973
1957-04-12,18.888,NA,NA,NA,285.979
1957-04-13,18.888,NA,NA,NA,285.979
1957-04-14,18.888,NA,NA,NA,285.979
1957-04-15,18.811,NA,NA,NA,285.976
1957-04-16,18.811,NA,NA,NA,285.976
1957-04-17,18.734,NA,NA,NA,285.973
1957-04-18,18.656,NA,NA,NA,285.969
1957-04-19,19.042,NA,NA,NA,285.985
1957-04-20,20.43,NA,NA,NA,286.04
1957-04-21,20.276,NA,NA,NA,286.033
1957-04-22,20.661,NA,NA,NA,286.049
1957-04-23,20.815,NA,NA,NA,286.055
1957-04-24,21.586,NA,NA,NA,286.085
1957-04-25,22.203,NA,NA,NA,286.11
1957-04-26,23.128,NA,NA,NA,286.146
1957-04-27,22.743,NA,NA,NA,286.131
1957-04-28,22.974,NA,NA,NA,286.14
1957-04-29,23.051,NA,NA,NA,286.143
1957-04-30,22.665,NA,NA,NA,286.128
1957-05-01,22.665,NA,NA,NA,286.128
1957-05-02,21.818,NA,NA,NA,286.094
1957-05-03,21.586,NA,NA,NA,286.085
1957-05-04,22.203,NA,NA,NA,286.11
1957-05-05,22.435,NA,NA,NA,286.119
1957-05-06,22.203,NA,NA,NA,286.11
1957-05-07,21.586,NA,NA,NA,286.085
1957-05-08,22.203,NA,NA,NA,286.11
1957-05-09,22.28,NA,NA,NA,286.113
1957-05-10,21.355,NA,NA,NA,286.076
1957-05-11,20.584,NA,NA,NA,286.046
1957-05-12,20.276,NA,NA,NA,286.033
1957-05-13,19.505,NA,NA,NA,286.003
1957-05-14,21.586,NA,NA,NA,286.085
1957-05-15,22.511,NA,NA,NA,286.122
1957-05-16,22.28,NA,NA,NA,286.113
1957-05-17,23.436,NA,NA,NA,286.158
1957-05-18,23.744,NA,NA,NA,286.171
1957-05-19,23.668,NA,NA,NA,286.168
1957-05-20,22.048,NA,NA,NA,286.104
1957-05-21,26.637,NA,NA,NA,286.274
1957-05-22,28.516,NA,NA,NA,286.338
1957-05-23,29.052,NA,NA,NA,286.357
1957-05-24,30.751,NA,NA,NA,286.414
1957-05-25,32.629,NA,NA,NA,286.478
1957-05-26,36.768,NA,NA,NA,286.613
1957-05-27,32.718,NA,NA,NA,286.482
1957-05-28,33.804,NA,NA,NA,286.518
1957-05-29,35.429,NA,NA,NA,286.57
1957-05-30,35.62,NA,NA,NA,286.576
1957-05-31,36.959,NA,NA,NA,286.619
1957-06-01,34.377,NA,NA,NA,286.536
1957-06-02,32.539,NA,NA,NA,286.475
1957-06-03,32.718,NA,NA,NA,286.482
1957-06-04,31.466,NA,NA,NA,286.439
1957-06-05,31.645,NA,NA,NA,286.445
1957-06-06,30.751,NA,NA,NA,286.414
1957-06-07,29.589,NA,NA,NA,286.375
1957-06-08,28.694,NA,NA,NA,286.344
1957-06-09,26.369,NA,NA,NA,286.265
1957-06-10,29.052,NA,NA,NA,286.357
1957-06-11,29.052,NA,NA,NA,286.357
1957-06-12,27.531,NA,NA,NA,286.305
1957-06-13,28.158,NA,NA,NA,286.326
1957-06-14,30.662,NA,NA,NA,286.411
1957-06-15,29.231,NA,NA,NA,286.363
1957-06-16,27.621,NA,NA,NA,286.308
1957-06-17,30.035,NA,NA,NA,286.39
1957-06-18,35.238,NA,NA,NA,286.564
1957-06-19,30.93,NA,NA,NA,286.421
1957-06-20,30.93,NA,NA,NA,286.421
1957-06-21,31.377,NA,NA,NA,286.436
1957-06-22,33.345,NA,NA,NA,286.503
1957-06-23,33.612,NA,NA,NA,286.512
1957-06-24,35.238,NA,NA,NA,286.564
1957-06-25,37.245,NA,NA,NA,286.628
1957-06-26,38.106,NA,NA,NA,286.655
1957-06-27,37.915,NA,NA,NA,286.649
1957-06-28,38.392,NA,NA,NA,286.664
1957-06-29,39.062,NA,NA,NA,286.686
1957-06-30,38.583,NA,NA,NA,286.67
1957-07-01,38.488,NA,NA,NA,286.667
1957-07-02,38.871,NA,NA,NA,286.68
1957-07-03,38.01,NA,NA,NA,286.652
1957-07-04,40.783,NA,NA,NA,286.741
1957-07-05,35.047,NA,NA,NA,286.558
1957-07-06,34.186,NA,NA,NA,286.53
1957-07-07,33.345,NA,NA,NA,286.503
1957-07-08,32.181,NA,NA,NA,286.463
1957-07-09,29.856,NA,NA,NA,286.384
1957-07-10,29.678,NA,NA,NA,286.378
1957-07-11,28.068,NA,NA,NA,286.323
1957-07-12,26.906,NA,NA,NA,286.283
1957-07-13,26.012,NA,NA,NA,286.253
1957-07-14,24.938,NA,NA,NA,286.216
1957-07-15,24.053,NA,NA,NA,286.183
1957-07-16,23.36,NA,NA,NA,286.155
1957-07-17,21.818,NA,NA,NA,286.094
1957-07-18,22.743,NA,NA,NA,286.131
1957-07-19,22.743,NA,NA,NA,286.131
1957-07-20,22.28,NA,NA,NA,286.113
1957-07-21,21.894,NA,NA,NA,286.097
1957-07-22,21.664,NA,NA,NA,286.088
1957-07-23,20.352,NA,NA,NA,286.037
1957-07-24,20.43,NA,NA,NA,286.04
1957-07-25,20.738,NA,NA,NA,286.052
1957-07-26,20.352,NA,NA,NA,286.037
1957-07-27,19.581,NA,NA,NA,286.006
1957-07-28,19.968,NA,NA,NA,286.021
1957-07-29,19.968,NA,NA,NA,286.021
1957-07-30,19.273,NA,NA,NA,285.994
1957-07-31,19.581,NA,NA,NA,286.006
1957-08-01,18.811,NA,NA,NA,285.976
1957-08-02,20.815,NA,NA,NA,286.055
1957-08-03,NA,NA,NA,NA,NA
1957-08-04,NA,NA,NA,NA,NA
1957-08-05,NA,NA,NA,NA,NA
1957-08-06,NA,NA,NA,NA,NA
1957-08-07,NA,NA,NA,NA,NA
1957-08-08,NA,NA,NA,NA,NA
1957-08-09,NA,NA,NA,NA,NA
1957-08-10,NA,NA,NA,NA,NA
1957-08-11,NA,NA,NA,NA,NA
1957-08-12,NA,NA,NA,NA,NA
1957-08-13,NA,NA,NA,NA,NA
1957-08-14,NA,NA,NA,NA,NA
1957-08-15,NA,NA,NA,NA,NA
1957-08-16,NA,NA,NA,NA,NA
1957-08-17,NA,NA,NA,NA,NA
1957-08-18,NA,NA,NA,NA,NA
1957-08-19,NA,NA,NA,NA,NA
1957-08-20,NA,NA,NA,NA,NA
1957-08-21,NA,NA,NA,NA,NA
1957-08-22,NA,NA,NA,NA,NA
1957-08-23,NA,NA,NA,NA,NA
1957-08-24,NA,NA,NA,NA,NA
1957-08-25,NA,NA,NA,NA,NA
1957-08-26,NA,NA,NA,NA,NA
1957-08-27,NA,NA,NA,NA,NA
1957-08-28,NA,NA,NA,NA,NA
1957-08-29,NA,NA,NA,NA,NA
1957-08-30,NA,NA,NA,NA,NA
1957-08-31,NA,NA,NA,NA,NA
1957-09-01,NA,NA,NA,NA,NA
1957-09-02,NA,NA,NA,NA,NA
1957-09-03,NA,NA,NA,NA,NA
1957-09-04,NA,NA,NA,NA,NA
1957-09-05,NA,NA,NA,NA,NA
1957-09-06,NA,NA,NA,NA,NA
1957-09-07,NA,NA,NA,NA,NA
1957-09-08,NA,NA,NA,NA,NA
1957-09-09,NA,NA,NA,NA,NA
1957-09-10,NA,NA,NA,NA,NA
1957-09-11,NA,NA,NA,NA,NA
1957-09-12,NA,NA,NA,NA,NA
1957-09-13,NA,NA,NA,NA,NA
1957-09-14,NA,NA,NA,NA,NA
1957-09-15,NA,NA,NA,NA,NA
1957-09-16,NA,NA,NA,NA,NA
1957-09-17,NA,NA,NA,NA,NA
1957-09-18,NA,NA,NA,NA,NA
1957-09-19,NA,NA,NA,NA,NA
1957-09-20,NA,NA,NA,NA,NA
1957-09-21,NA,NA,NA,NA,NA
1957-09-22,NA,NA,NA,NA,NA
1957-09-23,NA,NA,NA,NA,NA
1957-09-24,NA,NA,NA,NA,NA
1957-09-25,NA,NA,NA,NA,NA
1957-09-26,NA,NA,NA,NA,NA
1957-09-27,NA,NA,NA,NA,NA
1957-09-28,NA,NA,NA,NA,NA
1957-09-29,NA,NA,NA,NA,NA
1957-09-30,NA,NA,NA,NA,NA
1957-10-01,NA,NA,NA,NA,NA
1957-10-02,NA,NA,NA,NA,NA
1957-10-03,NA,NA,NA,NA,NA
1957-10-04,NA,NA,NA,NA,NA
1957-10-05,NA,NA,NA,NA,NA
1957-10-06,NA,NA,NA,NA,NA
1957-10-07,NA,NA,NA,NA,NA
1957-10-08,NA,NA,NA,NA,NA
1957-10-09,NA,NA,NA,NA,NA
1957-10-10,NA,NA,NA,NA,NA
1957-10-11,NA,NA,NA,NA,NA
1957-10-12,NA,NA,NA,NA,NA
1957-10-13,NA,NA,NA,NA,NA
1957-10-14,NA,NA,NA,NA,NA
1957-10-15,NA,NA,NA,NA,NA
1957-10-16,NA,NA,NA,NA,NA
1957-10-17,NA,NA,NA,NA,NA
1957-10-18,NA,NA,NA,NA,NA
1957-10-19,NA,NA,NA,NA,NA
1957-10-20,NA,NA,NA,NA,NA
1957-10-21,NA,NA,NA,NA,NA
1957-10-22,NA,NA,NA,NA,NA
1957-10-23,NA,NA,NA,NA,NA
1957-10-24,NA,NA,NA,NA,NA
1957-10-25,NA,NA,NA,NA,NA
1957-10-26,NA,NA,NA,NA,NA
1957-10-27,NA,NA,NA,NA,NA
1957-10-28,NA,NA,NA,NA,NA
1957-10-29,NA,NA,NA,NA,NA
1957-10-30,NA,NA,NA,NA,NA
1957-10-31,NA,NA,NA,NA,NA
1957-11-01,NA,NA,NA,NA,NA
1957-11-02,NA,NA,NA,NA,NA
1957-11-03,NA,NA,NA,NA,NA
1957-11-04,NA,NA,NA,NA,NA
1957-11-05,NA,NA,NA,NA,NA
1957-11-06,NA,NA,NA,NA,NA
1957-11-07,NA,NA,NA,NA,NA
1957-11-08,NA,NA,NA,NA,NA
1957-11-09,NA,NA,NA,NA,NA
1957-11-10,NA,NA,NA,NA,NA
1957-11-11,NA,NA,NA,NA,NA
1957-11-12,NA,NA,NA,NA,NA
1957-11-13,NA,NA,NA,NA,NA
1957-11-14,NA,NA,NA,NA,NA
1957-11-15,NA,NA,NA,NA,NA
1957-11-16,NA,NA,NA,NA,NA
1957-11-17,NA,NA,NA,NA,NA
1957-11-18,NA,NA,NA,NA,NA
1957-11-19,NA,NA,NA,NA,NA
1957-11-20,NA,NA,NA,NA,NA
1957-11-21,NA,NA,NA,NA,NA
1957-11-22,NA,NA,NA,NA,NA
1957-11-23,NA,NA,NA,NA,NA
1957-11-24,NA,NA,NA,NA,NA
1957-11-25,NA,NA,NA,NA,NA
1957-11-26,NA,NA,NA,NA,NA
1957-11-27,NA,NA,NA,NA,NA
1957-11-28,NA,NA,NA,NA,NA
1957-11-29,NA,NA,NA,NA,NA
1957-11-30,NA,NA,NA,NA,NA
1957-12-01,NA,NA,NA,NA,NA
1957-12-02,NA,NA,NA,NA,NA
1957-12-03,NA,NA,NA,NA,NA
1957-12-04,NA,NA,NA,NA,NA
1957-12-05,NA,NA,NA,NA,NA
1957-12-06,NA,NA,NA,NA,NA
1957-12-07,NA,NA,NA,NA,NA
1957-12-08,NA,NA,NA,NA,NA
1957-12-09,NA,NA,NA,NA,NA
1957-12-10,NA,NA,NA,NA,NA
1957-12-11,NA,NA,NA,NA,NA
1957-12-12,NA,NA,NA,NA,NA
1957-12-13,NA,NA,NA,NA,NA
1957-12-14,NA,NA,NA,NA,NA
1957-12-15,NA,NA,NA,NA,NA
1957-12-16,NA,NA,NA,NA,NA
1957-12-17,NA,NA,NA,NA,NA
1957-12-18,NA,NA,NA,NA,NA
1957-12-19,NA,NA,NA,NA,NA
1957-12-20,NA,NA,NA,NA,NA
1957-12-21,NA,NA,NA,NA,NA
1957-12-22,NA,NA,NA,NA,NA
1957-12-23,NA,NA,NA,NA,NA
1957-12-24,NA,NA,NA,NA,NA
1957-12-25,NA,NA,NA,NA,NA
1957-12-26,NA,NA,NA,NA,NA
1957-12-27,NA,NA,NA,NA,NA
1957-12-28,NA,NA,NA,NA,NA
1957-12-29,NA,NA,NA,NA,NA
1957-12-30,NA,NA,NA,NA,NA
1957-12-31,NA,NA,NA,NA,NA
1958-01-01,NA,NA,NA,NA,NA
1958-01-02,NA,NA,NA,NA,NA
1958-01-03,NA,NA,NA,NA,NA
1958-01-04,NA,NA,NA,NA,NA
1958-01-05,NA,NA,NA,NA,NA
1958-01-06,NA,NA,NA,NA,NA
1958-01-07,NA,NA,NA,NA,NA
1958-01-08,NA,NA,NA,NA,NA
1958-01-09,NA,NA,NA,NA,NA
1958-01-10,NA,NA,NA,NA,NA
1958-01-11,NA,NA,NA,NA,NA
1958-01-12,NA,NA,NA,NA,NA
1958-01-13,NA,NA,NA,NA,NA
1958-01-14,NA,NA,NA,NA,NA
1958-01-15,NA,NA,NA,NA,NA
1958-01-16,NA,NA,NA,NA,NA
1958-01-17,NA,NA,NA,NA,NA
1958-01-18,NA,NA,NA,NA,NA
1958-01-19,NA,NA,NA,NA,NA
1958-01-20,NA,NA,NA,NA,NA
1958-01-21,NA,NA,NA,NA,NA
1958-01-22,NA,NA,NA,NA,NA
1958-01-23,NA,NA,NA,NA,NA
1958-01-24,NA,NA,NA,NA,NA
1958-01-25,NA,NA,NA,NA,NA
1958-01-26,NA,NA,NA,NA,NA
1958-01-27,NA,NA,NA,NA,NA
1958-01-28,NA,NA,NA,NA,NA
1958-01-29,NA,NA,NA,NA,NA
1958-01-30,NA,NA,NA,NA,NA
1958-01-31,NA,NA,NA,NA,NA
1958-02-01,NA,NA,NA,NA,NA
1958-02-02,NA,NA,NA,NA,NA
1958-02-03,NA,NA,NA,NA,NA
1958-02-04,NA,NA,NA,NA,NA
1958-02-05,NA,NA,NA,NA,NA
1958-02-06,NA,NA,NA,NA,NA
1958-02-07,NA,NA,NA,NA,NA
1958-02-08,NA,NA,NA,NA,NA
1958-02-09,NA,NA,NA,NA,NA
1958-02-10,NA,NA,NA,NA,NA
1958-02-11,NA,NA,NA,NA,NA
1958-02-12,NA,NA,NA,NA,NA
1958-02-13,NA,NA,NA,NA,NA
1958-02-14,NA,NA,NA,NA,NA
1958-02-15,NA,NA,NA,NA,NA
1958-02-16,NA,NA,NA,NA,NA
1958-02-17,NA,NA,NA,NA,NA
1958-02-18,NA,NA,NA,NA,NA
1958-02-19,NA,NA,NA,NA,NA
1958-02-20,NA,NA,NA,NA,NA
1958-02-21,NA,NA,NA,NA,NA
1958-02-22,NA,NA,NA,NA,NA
1958-02-23,NA,NA,NA,NA,NA
1958-02-24,NA,NA,NA,NA,NA
1958-02-25,NA,NA,NA,NA,NA
1958-02-26,NA,NA,NA,NA,NA
1958-02-27,NA,NA,NA,NA,NA
1958-02-28,NA,NA,NA,NA,NA
1958-03-01,NA,NA,NA,NA,NA
1958-03-02,NA,NA,NA,NA,NA
1958-03-03,NA,NA,NA,NA,NA
1958-03-04,NA,NA,NA,NA,NA
1958-03-05,NA,NA,NA,NA,NA
1958-03-06,NA,NA,NA,NA,NA
1958-03-07,NA,NA,NA,NA,NA
1958-03-08,NA,NA,NA,NA,NA
1958-03-09,NA,NA,NA,NA,NA
1958-03-10,NA,NA,NA,NA,NA
1958-03-11,NA,NA,NA,NA,NA
1958-03-12,NA,NA,NA,NA,NA
1958-03-13,NA,NA,NA,NA,NA
1958-03-14,NA,NA,NA,NA,NA
1958-03-15,NA,NA,NA,NA,NA
1958-03-16,NA,NA,NA,NA,NA
1958-03-17,NA,NA,NA,NA,NA
1958-03-18,NA,NA,NA,NA,NA
1958-03-19,NA,NA,NA,NA,NA
1958-03-20,NA,NA,NA,NA,NA
1958-03-21,NA,NA,NA,NA,NA
1958-03-22,NA,NA,NA,NA,NA
1958-03-23,NA,NA,NA,NA,NA
1958-03-24,NA,NA,NA,NA,NA
1958-03-25,NA,NA,NA,NA,NA
1958-03-26,NA,NA,NA,NA,NA
1958-03-27,NA,NA,NA,NA,NA
1958-03-28,NA,NA,NA,NA,NA
1958-03-29,NA,NA,NA,NA,NA
1958-03-30,NA,NA,NA,NA,NA
1958-03-31,NA,NA,NA,NA,NA
1958-04-01,NA,NA,NA,NA,NA
1958-04-02,NA,NA,NA,NA,NA
1958-04-03,NA,NA,NA,NA,NA
1958-04-04,NA,NA,NA,NA,NA
1958-04-05,NA,NA,NA,NA,NA
1958-04-06,NA,NA,NA,NA,NA
1958-04-07,NA,NA,NA,NA,NA
1958-04-08,NA,NA,NA,NA,NA
1958-04-09,NA,NA,NA,NA,NA
1958-04-10,NA,NA,NA,NA,NA
1958-04-11,NA,NA,NA,NA,NA
1958-04-12,NA,NA,NA,NA,NA
1958-04-13,NA,NA,NA,NA,NA
1958-04-14,NA,NA,NA,NA,NA
1958-04-15,NA,NA,NA,NA,NA
1958-04-16,NA,NA,NA,NA,NA
1958-04-17,NA,NA,NA,NA,NA
1958-04-18,NA,NA,NA,NA,NA
1958-04-19,NA,NA,NA,NA,NA
1958-04-20,NA,NA,NA,NA,NA
1958-04-21,NA,NA,NA,NA,NA
1958-04-22,NA,NA,NA,NA,NA
1958-04-23,NA,NA,NA,NA,NA
1958-04-24,NA,NA,NA,NA,NA
1958-04-25,NA,NA,NA,NA,NA
1958-04-26,NA,NA,NA,NA,NA
1958-04-27,NA,NA,NA,NA,NA
1958-04-28,NA,NA,NA,NA,NA
1958-04-29,NA,NA,NA,NA,NA
1958-04-30,NA,NA,NA,NA,NA
1958-05-01,NA,NA,NA,NA,NA
1958-05-02,NA,NA,NA,NA,NA
1958-05-03,NA,NA,NA,NA,NA
1958-05-04,NA,NA,NA,NA,NA
1958-05-05,NA,NA,NA,NA,NA
1958-05-06,NA,NA,NA,NA,NA
1958-05-07,NA,NA,NA,NA,NA
1958-05-08,NA,NA,NA,NA,NA
1958-05-09,NA,NA,NA,NA,NA
1958-05-10,NA,NA,NA,NA,NA
1958-05-11,NA,NA,NA,NA,NA
1958-05-12,NA,NA,NA,NA,NA
1958-05-13,NA,NA,NA,NA,NA
1958-05-14,NA,NA,NA,NA,NA
1958-05-15,NA,NA,NA,NA,NA
1958-05-16,NA,NA,NA,NA,NA
1958-05-17,NA,NA,NA,NA,NA
1958-05-18,NA,NA,NA,NA,NA
1958-05-19,NA,NA,NA,NA,NA
1958-05-20,NA,NA,NA,NA,NA
1958-05-21,NA,NA,NA,NA,NA
1958-05-22,NA,NA,NA,NA,NA
1958-05-23,NA,NA,NA,NA,NA
1958-05-24,NA,NA,NA,NA,NA
1958-05-25,NA,NA,NA,NA,NA
1958-05-26,NA,NA,NA,NA,NA
1958-05-27,NA,NA,NA,NA,NA
1958-05-28,NA,NA,NA,NA,NA
1958-05-29,NA,NA,NA,NA,NA
1958-05-30,NA,NA,NA,NA,NA
1958-05-31,NA,NA,NA,NA,NA
1958-06-01,NA,NA,NA,NA,NA
1958-06-02,NA,NA,NA,NA,NA
1958-06-03,NA,NA,NA,NA,NA
1958-06-04,NA,NA,NA,NA,NA
1958-06-05,NA,NA,NA,NA,NA
1958-06-06,NA,NA,NA,NA,NA
1958-06-07,NA,NA,NA,NA,NA
1958-06-08,NA,NA,NA,NA,NA
1958-06-09,NA,NA,NA,NA,NA
1958-06-10,NA,NA,NA,NA,NA
1958-06-11,NA,NA,NA,NA,NA
1958-06-12,NA,NA,NA,NA,NA
1958-06-13,NA,NA,NA,NA,NA
1958-06-14,NA,NA,NA,NA,NA
1958-06-15,NA,NA,NA,NA,NA
1958-06-16,NA,NA,NA,NA,NA
1958-06-17,NA,NA,NA,NA,NA
1958-06-18,NA,NA,NA,NA,NA
1958-06-19,NA,NA,NA,NA,NA
1958-06-20,NA,NA,NA,NA,NA
1958-06-21,NA,NA,NA,NA,NA
1958-06-22,NA,NA,NA,NA,NA
1958-06-23,NA,NA,NA,NA,NA
1958-06-24,NA,NA,NA,NA,NA
1958-06-25,NA,NA,NA,NA,NA
1958-06-26,NA,NA,NA,NA,NA
1958-06-27,NA,NA,NA,NA,NA
1958-06-28,NA,NA,NA,NA,NA
1958-06-29,NA,NA,NA,NA,NA
1958-06-30,NA,NA,NA,NA,NA
1958-07-01,NA,NA,NA,NA,NA
1958-07-02,NA,NA,NA,NA,NA
1958-07-03,NA,NA,NA,NA,NA
1958-07-04,NA,NA,NA,NA,NA
1958-07-05,NA,NA,NA,NA,NA
1958-07-06,NA,NA,NA,NA,NA
1958-07-07,NA,NA,NA,NA,NA
1958-07-08,NA,NA,NA,NA,NA
1958-07-09,NA,NA,NA,NA,NA
1958-07-10,NA,NA,NA,NA,NA
1958-07-11,NA,NA,NA,NA,NA
1958-07-12,NA,NA,NA,NA,NA
1958-07-13,NA,NA,NA,NA,NA
1958-07-14,NA,NA,NA,NA,NA
1958-07-15,NA,NA,NA,NA,NA
1958-07-16,NA,NA,NA,NA,NA
1958-07-17,NA,NA,NA,NA,NA
1958-07-18,NA,NA,NA,NA,NA
1958-07-19,NA,NA,NA,NA,NA
1958-07-20,NA,NA,NA,NA,NA
1958-07-21,NA,NA,NA,NA,NA
1958-07-22,NA,NA,NA,NA,NA
1958-07-23,NA,NA,NA,NA,NA
1958-07-24,NA,NA,NA,NA,NA
1958-07-25,NA,NA,NA,NA,NA
1958-07-26,NA,NA,NA,NA,NA
1958-07-27,NA,NA,NA,NA,NA
1958-07-28,NA,NA,NA,NA,NA
1958-07-29,NA,NA,NA,NA,NA
1958-07-30,NA,NA,NA,NA,NA
1958-07-31,NA,NA,NA,NA,NA
1958-08-01,NA,NA,NA,NA,NA
1958-08-02,NA,NA,NA,NA,NA
1958-08-03,NA,NA,NA,NA,NA
1958-08-04,NA,NA,NA,NA,NA
1958-08-05,NA,NA,NA,NA,NA
1958-08-06,NA,NA,NA,NA,NA
1958-08-07,NA,NA,NA,NA,NA
1958-08-08,NA,NA,NA,NA,NA
1958-08-09,NA,NA,NA,NA,NA
1958-08-10,NA,NA,NA,NA,NA
1958-08-11,NA,NA,NA,NA,NA
1958-08-12,NA,NA,NA,NA,NA
1958-08-13,NA,NA,NA,NA,NA
1958-08-14,NA,NA,NA,NA,NA
1958-08-15,NA,NA,NA,NA,NA
1958-08-16,NA,NA,NA,NA,NA
1958-08-17,NA,NA,NA,NA,NA
1958-08-18,NA,NA,NA,NA,NA
1958-08-19,NA,NA,NA,NA,NA
1958-08-20,NA,NA,NA,NA,NA
1958-08-21,NA,NA,NA,NA,NA
1958-08-22,NA,NA,NA,NA,NA
1958-08-23,NA,NA,NA,NA,NA
1958-08-24,NA,NA,NA,NA,NA
1958-08-25,NA,NA,NA,NA,NA
1958-08-26,NA,NA,NA,NA,NA
1958-08-27,NA,NA,NA,NA,NA
1958-08-28,NA,NA,NA,NA,NA
1958-08-29,NA,NA,NA,NA,NA
1958-08-30,NA,NA,NA,NA,NA
1958-08-31,NA,NA,NA,NA,NA
1958-09-01,NA,NA,NA,NA,NA
1958-09-02,NA,NA,NA,NA,NA
1958-09-03,NA,NA,NA,NA,NA
1958-09-04,NA,NA,NA,NA,NA
1958-09-05,NA,NA,NA,NA,NA
1958-09-06,NA,NA,NA,NA,NA
1958-09-07,NA,NA,NA,NA,NA
1958-09-08,NA,NA,NA,NA,NA
1958-09-09,NA,NA,NA,NA,NA
1958-09-10,NA,NA,NA,NA,NA
1958-09-11,NA,NA,NA,NA,NA
1958-09-12,NA,NA,NA,NA,NA
1958-09-13,NA,NA,NA,NA,NA
1958-09-14,NA,NA,NA,NA,NA
1958-09-15,NA,NA,NA,NA,NA
1958-09-16,NA,NA,NA,NA,NA
1958-09-17,NA,NA,NA,NA,NA
1958-09-18,NA,NA,NA,NA,NA
1958-09-19,NA,NA,NA,NA,NA
1958-09-20,NA,NA,NA,NA,NA
1958-09-21,NA,NA,NA,NA,NA
1958-09-22,NA,NA,NA,NA,NA
1958-09-23,NA,NA,NA,NA,NA
1958-09-24,NA,NA,NA,NA,NA
1958-09-25,NA,NA,NA,NA,NA
1958-09-26,NA,NA,NA,NA,NA
1958-09-27,NA,NA,NA,NA,NA
1958-09-28,NA,NA,NA,NA,NA
1958-09-29,NA,NA,NA,NA,NA
1958-09-30,NA,NA,NA,NA,NA
1958-10-01,NA,NA,NA,NA,NA
1958-10-02,NA,NA,NA,NA,NA
1958-10-03,NA,NA,NA,NA,NA
1958-10-04,NA,NA,NA,NA,NA
1958-10-05,NA,NA,NA,NA,NA
1958-10-06,NA,NA,NA,NA,NA
1958-10-07,NA,NA,NA,NA,NA
1958-10-08,NA,NA,NA,NA,NA
1958-10-09,NA,NA,NA,NA,NA
1958-10-10,NA,NA,NA,NA,NA
1958-10-11,NA,NA,NA,NA,NA
1958-10-12,NA,NA,NA,NA,NA
1958-10-13,NA,NA,NA,NA,NA
1958-10-14,NA,NA,NA,NA,NA
1958-10-15,NA,NA,NA,NA,NA
1958-10-16,NA,NA,NA,NA,NA
1958-10-17,NA,NA,NA,NA,NA
1958-10-18,NA,NA,NA,NA,NA
1958-10-19,NA,NA,NA,NA,NA
1958-10-20,NA,NA,NA,NA,NA
1958-10-21,NA,NA,NA,NA,NA
1958-10-22,NA,NA,NA,NA,NA
1958-10-23,NA,NA,NA,NA,NA
1958-10-24,NA,NA,NA,NA,NA
1958-10-25,NA,NA,NA,NA,NA
1958-10-26,NA,NA,NA,NA,NA
1958-10-27,NA,NA,NA,NA,NA
1958-10-28,NA,NA,NA,NA,NA
1958-10-29,NA,NA,NA,NA,NA
1958-10-30,NA,NA,NA,NA,NA
1958-10-31,NA,NA,NA,NA,NA
1958-11-01,NA,NA,NA,NA,NA
1958-11-02,NA,NA,NA,NA,NA
1958-11-03,NA,NA,NA,NA,NA
1958-11-04,NA,NA,NA,NA,NA
1958-11-05,NA,NA,NA,NA,NA
1958-11-06,NA,NA,NA,NA,NA
1958-11-07,NA,NA,NA,NA,NA
1958-11-08,NA,NA,NA,NA,NA
1958-11-09,NA,NA,NA,NA,NA
1958-11-10,NA,NA,NA,NA,NA
1958-11-11,NA,NA,NA,NA,NA
1958-11-12,NA,NA,NA,NA,NA
1958-11-13,NA,NA,NA,NA,NA
1958-11-14,NA,NA,NA,NA,NA
1958-11-15,NA,NA,NA,NA,NA
1958-11-16,NA,NA,NA,NA,NA
1958-11-17,NA,NA,NA,NA,NA
1958-11-18,NA,NA,NA,NA,NA
1958-11-19,NA,NA,NA,NA,NA
1958-11-20,NA,NA,NA,NA,NA
1958-11-21,NA,NA,NA,NA,NA
1958-11-22,NA,NA,NA,NA,NA
1958-11-23,NA,NA,NA,NA,NA
1958-11-24,NA,NA,NA,NA,NA
1958-11-25,NA,NA,NA,NA,NA
1958-11-26,NA,NA,NA,NA,NA
1958-11-27,NA,NA,NA,NA,NA
1958-11-28,NA,NA,NA,NA,NA
1958-11-29,NA,NA,NA,NA,NA
1958-11-30,NA,NA,NA,NA,NA
1958-12-01,NA,NA,NA,NA,NA
1958-12-02,NA,NA,NA,NA,NA
1958-12-03,NA,NA,NA,NA,NA
1958-12-04,NA,NA,NA,NA,NA
1958-12-05,NA,NA,NA,NA,NA
1958-12-06,NA,NA,NA,NA,NA
1958-12-07,NA,NA,NA,NA,NA
1958-12-08,NA,NA,NA,NA,NA
1958-12-09,NA,NA,NA,NA,NA
1958-12-10,NA,NA,NA,NA,NA
1958-12-11,NA,NA,NA,NA,NA
1958-12-12,NA,NA,NA,NA,NA
1958-12-13,NA,NA,NA,NA,NA
1958-12-14,NA,NA,NA,NA,NA
1958-12-15,NA,NA,NA,NA,NA
1958-12-16,NA,NA,NA,NA,NA
1958-12-17,NA,NA,NA,NA,NA
1958-12-18,NA,NA,NA,NA,NA
1958-12-19,NA,NA,NA,NA,NA
1958-12-20,NA,NA,NA,NA,NA
1958-12-21,NA,NA,NA,NA,NA
1958-12-22,NA,NA,NA,NA,NA
1958-12-23,NA,NA,NA,NA,NA
1958-12-24,NA,NA,NA,NA,NA
1958-12-25,NA,NA,NA,NA,NA
1958-12-26,NA,NA,NA,NA,NA
1958-12-27,NA,NA,NA,NA,NA
1958-12-28,NA,NA,NA,NA,NA
1958-12-29,NA,NA,NA,NA,NA
1958-12-30,NA,NA,NA,NA,NA
1958-12-31,NA,NA,NA,NA,NA
1959-01-01,NA,NA,NA,NA,NA
1959-01-02,NA,NA,NA,NA,NA
1959-01-03,NA,NA,NA,NA,NA
1959-01-04,NA,NA,NA,NA,NA
1959-01-05,NA,NA,NA,NA,NA
1959-01-06,NA,NA,NA,NA,NA
1959-01-07,NA,NA,NA,NA,NA
1959-01-08,NA,NA,NA,NA,NA
1959-01-09,NA,NA,NA,NA,NA
1959-01-10,NA,NA,NA,NA,NA
1959-01-11,NA,NA,NA,NA,NA
1959-01-12,NA,NA,NA,NA,NA
1959-01-13,NA,NA,NA,NA,NA
1959-01-14,NA,NA,NA,NA,NA
1959-01-15,NA,NA,NA,NA,NA
1959-01-16,NA,NA,NA,NA,NA
1959-01-17,NA,NA,NA,NA,NA
1959-01-18,NA,NA,NA,NA,NA
1959-01-19,NA,NA,NA,NA,NA
1959-01-20,NA,NA,NA,NA,NA
1959-01-21,NA,NA,NA,NA,NA
1959-01-22,NA,NA,NA,NA,NA
1959-01-23,NA,NA,NA,NA,NA
1959-01-24,NA,NA,NA,NA,NA
1959-01-25,NA,NA,NA,NA,NA
1959-01-26,NA,NA,NA,NA,NA
1959-01-27,NA,NA,NA,NA,NA
1959-01-28,NA,NA,NA,NA,NA
1959-01-29,NA,NA,NA,NA,NA
1959-01-30,NA,NA,NA,NA,NA
1959-01-31,NA,NA,NA,NA,NA
1959-02-01,NA,NA,NA,NA,NA
1959-02-02,NA,NA,NA,NA,NA
1959-02-03,NA,NA,NA,NA,NA
1959-02-04,NA,NA,NA,NA,NA
1959-02-05,NA,NA,NA,NA,NA
1959-02-06,NA,NA,NA,NA,NA
1959-02-07,NA,NA,NA,NA,NA
1959-02-08,NA,NA,NA,NA,NA
1959-02-09,NA,NA,NA,NA,NA
1959-02-10,NA,NA,NA,NA,NA
1959-02-11,NA,NA,NA,NA,NA
1959-02-12,NA,NA,NA,NA,NA
1959-02-13,NA,NA,NA,NA,NA
1959-02-14,NA,NA,NA,NA,NA
1959-02-15,NA,NA,NA,NA,NA
1959-02-16,NA,NA,NA,NA,NA
1959-02-17,NA,NA,NA,NA,NA
1959-02-18,NA,NA,NA,NA,NA
1959-02-19,NA,NA,NA,NA,NA
1959-02-20,NA,NA,NA,NA,NA
1959-02-21,NA,NA,NA,NA,NA
1959-02-22,NA,NA,NA,NA,NA
1959-02-23,NA,NA,NA,NA,NA
1959-02-24,NA,NA,NA,NA,NA
1959-02-25,NA,NA,NA,NA,NA
1959-02-26,NA,NA,NA,NA,NA
1959-02-27,NA,NA,NA,NA,NA
1959-02-28,NA,NA,NA,NA,NA
1959-03-01,NA,NA,NA,NA,NA
1959-03-02,NA,NA,NA,NA,NA
1959-03-03,NA,NA,NA,NA,NA
1959-03-04,NA,NA,NA,NA,NA
1959-03-05,NA,NA,NA,NA,NA
1959-03-06,NA,NA,NA,NA,NA
1959-03-07,NA,NA,NA,NA,NA
1959-03-08,NA,NA,NA,NA,NA
1959-03-09,NA,NA,NA,NA,NA
1959-03-10,NA,NA,NA,NA,NA
1959-03-11,NA,NA,NA,NA,NA
1959-03-12,NA,NA,NA,NA,NA
1959-03-13,NA,NA,NA,NA,NA
1959-03-14,NA,NA,NA,NA,NA
1959-03-15,NA,NA,NA,NA,NA
1959-03-16,NA,NA,NA,NA,NA
1959-03-17,NA,NA,NA,NA,NA
1959-03-18,NA,NA,NA,NA,NA
1959-03-19,NA,NA,NA,NA,NA
1959-03-20,NA,NA,NA,NA,NA
1959-03-21,NA,NA,NA,NA,NA
1959-03-22,NA,NA,NA,NA,NA
1959-03-23,NA,NA,NA,NA,NA
1959-03-24,NA,NA,NA,NA,NA
1959-03-25,NA,NA,NA,NA,NA
1959-03-26,NA,NA,NA,NA,NA
1959-03-27,NA,NA,NA,NA,NA
1959-03-28,NA,NA,NA,NA,NA
1959-03-29,NA,NA,NA,NA,NA
1959-03-30,NA,NA,NA,NA,NA
1959-03-31,NA,NA,NA,NA,NA
1959-04-01,NA,NA,NA,NA,NA
1959-04-02,NA,NA,NA,NA,NA
1959-04-03,NA,NA,NA,NA,NA
1959-04-04,NA,NA,NA,NA,NA
1959-04-05,NA,NA,NA,NA,NA
1959-04-06,NA,NA,NA,NA,NA
1959-04-07,NA,NA,NA,NA,NA
1959-04-08,NA,NA,NA,NA,NA
1959-04-09,NA,NA,NA,NA,NA
1959-04-10,NA,NA,NA,NA,NA
1959-04-11,NA,NA,NA,NA,NA
1959-04-12,NA,NA,NA,NA,NA
1959-04-13,NA,NA,NA,NA,NA
1959-04-14,NA,NA,NA,NA,NA
1959-04-15,NA,NA,NA,NA,NA
1959-04-16,NA,NA,NA,NA,NA
1959-04-17,NA,NA,NA,NA,NA
1959-04-18,NA,NA,NA,NA,NA
1959-04-19,NA,NA,NA,NA,NA
1959-04-20,NA,NA,NA,NA,NA
1959-04-21,NA,NA,NA,NA,NA
1959-04-22,NA,NA,NA,NA,NA
1959-04-23,NA,NA,NA,NA,NA
1959-04-24,NA,NA,NA,NA,NA
1959-04-25,NA,NA,NA,NA,NA
1959-04-26,NA,NA,NA,NA,NA
1959-04-27,NA,NA,NA,NA,NA
1959-04-28,NA,NA,NA,NA,NA
1959-04-29,NA,NA,NA,NA,NA
1959-04-30,NA,NA,NA,NA,NA
1959-05-01,NA,NA,NA,NA,NA
1959-05-02,NA,NA,NA,NA,NA
1959-05-03,NA,NA,NA,NA,NA
1959-05-04,NA,NA,NA,NA,NA
1959-05-05,NA,NA,NA,NA,NA
1959-05-06,NA,NA,NA,NA,NA
1959-05-07,NA,NA,NA,NA,NA
1959-05-08,NA,NA,NA,NA,NA
1959-05-09,NA,NA,NA,NA,NA
1959-05-10,NA,NA,NA,NA,NA
1959-05-11,NA,NA,NA,NA,NA
1959-05-12,NA,NA,NA,NA,NA
1959-05-13,NA,NA,NA,NA,NA
1959-05-14,NA,NA,NA,NA,NA
1959-05-15,NA,NA,NA,NA,NA
1959-05-16,NA,NA,NA,NA,NA
1959-05-17,NA,NA,NA,NA,NA
1959-05-18,NA,NA,NA,NA,NA
1959-05-19,NA,NA,NA,NA,NA
1959-05-20,NA,NA,NA,NA,NA
1959-05-21,NA,NA,NA,NA,NA
1959-05-22,NA,NA,NA,NA,NA
1959-05-23,NA,NA,NA,NA,NA
1959-05-24,NA,NA,NA,NA,NA
1959-05-25,NA,NA,NA,NA,NA
1959-05-26,NA,NA,NA,NA,NA
1959-05-27,NA,NA,NA,NA,NA
1959-05-28,NA,NA,NA,NA,NA
1959-05-29,NA,NA,NA,NA,NA
1959-05-30,NA,NA,NA,NA,NA
1959-05-31,NA,NA,NA,NA,NA
1959-06-01,NA,NA,NA,NA,NA
1959-06-02,NA,NA,NA,NA,NA
1959-06-03,NA,NA,NA,NA,NA
1959-06-04,NA,NA,NA,NA,NA
1959-06-05,NA,NA,NA,NA,NA
1959-06-06,NA,NA,NA,NA,NA
1959-06-07,NA,NA,NA,NA,NA
1959-06-08,NA,NA,NA,NA,NA
1959-06-09,NA,NA,NA,NA,NA
1959-06-10,NA,NA,NA,NA,NA
1959-06-11,NA,NA,NA,NA,NA
1959-06-12,NA,NA,NA,NA,NA
1959-06-13,NA,NA,NA,NA,NA
1959-06-14,NA,NA,NA,NA,NA
1959-06-15,NA,NA,NA,NA,NA
1959-06-16,NA,NA,NA,NA,NA
1959-06-17,NA,NA,NA,NA,NA
1959-06-18,NA,NA,NA,NA,NA
1959-06-19,NA,NA,NA,NA,NA
1959-06-20,NA,NA,NA,NA,NA
1959-06-21,NA,NA,NA,NA,NA
1959-06-22,NA,NA,NA,NA,NA
1959-06-23,NA,NA,NA,NA,NA
1959-06-24,NA,NA,NA,NA,NA
1959-06-25,NA,NA,NA,NA,NA
1959-06-26,NA,NA,NA,NA,NA
1959-06-27,NA,NA,NA,NA,NA
1959-06-28,NA,NA,NA,NA,NA
1959-06-29,NA,NA,NA,NA,NA
1959-06-30,NA,NA,NA,NA,NA
1959-07-01,NA,NA,NA,NA,NA
1959-07-02,NA,NA,NA,NA,NA
1959-07-03,NA,NA,NA,NA,NA
1959-07-04,NA,NA,NA,NA,NA
1959-07-05,NA,NA,NA,NA,NA
1959-07-06,NA,NA,NA,NA,NA
1959-07-07,NA,NA,NA,NA,NA
1959-07-08,NA,NA,NA,NA,NA
1959-07-09,NA,NA,NA,NA,NA
1959-07-10,NA,NA,NA,NA,NA
1959-07-11,NA,NA,NA,NA,NA
1959-07-12,NA,NA,NA,NA,NA
1959-07-13,NA,NA,NA,NA,NA
1959-07-14,NA,NA,NA,NA,NA
1959-07-15,NA,NA,NA,NA,NA
1959-07-16,NA,NA,NA,NA,NA
1959-07-17,NA,NA,NA,NA,NA
1959-07-18,NA,NA,NA,NA,NA
1959-07-19,NA,NA,NA,NA,NA
1959-07-20,NA,NA,NA,NA,NA
1959-07-21,NA,NA,NA,NA,NA
1959-07-22,NA,NA,NA,NA,NA
1959-07-23,NA,NA,NA,NA,NA
1959-07-24,NA,NA,NA,NA,NA
1959-07-25,NA,NA,NA,NA,NA
1959-07-26,NA,NA,NA,NA,NA
1959-07-27,NA,NA,NA,NA,NA
1959-07-28,NA,NA,NA,NA,NA
1959-07-29,NA,NA,NA,NA,NA
1959-07-30,NA,NA,NA,NA,NA
1959-07-31,NA,NA,NA,NA,NA
1959-08-01,NA,NA,NA,NA,NA
1959-08-02,NA,NA,NA,NA,NA
1959-08-03,NA,NA,NA,NA,NA
1959-08-04,NA,NA,NA,NA,NA
1959-08-05,NA,NA,NA,NA,NA
1959-08-06,NA,NA,NA,NA,NA
1959-08-07,NA,NA,NA,NA,NA
1959-08-08,NA,NA,NA,NA,NA
1959-08-09,NA,NA,NA,NA,NA
1959-08-10,NA,NA,NA,NA,NA
1959-08-11,NA,NA,NA,NA,NA
1959-08-12,NA,NA,NA,NA,NA
1959-08-13,NA,NA,NA,NA,NA
1959-08-14,NA,NA,NA,NA,NA
1959-08-15,NA,NA,NA,NA,NA
1959-08-16,NA,NA,NA,NA,NA
1959-08-17,NA,NA,NA,NA,NA
1959-08-18,NA,NA,NA,NA,NA
1959-08-19,NA,NA,NA,NA,NA
1959-08-20,NA,NA,NA,NA,NA
1959-08-21,NA,NA,NA,NA,NA
1959-08-22,NA,NA,NA,NA,NA
1959-08-23,NA,NA,NA,NA,NA
1959-08-24,NA,NA,NA,NA,NA
1959-08-25,NA,NA,NA,NA,NA
1959-08-26,NA,NA,NA,NA,NA
1959-08-27,NA,NA,NA,NA,NA
1959-08-28,NA,NA,NA,NA,NA
1959-08-29,NA,NA,NA,NA,NA
1959-08-30,NA,NA,NA,NA,NA
1959-08-31,NA,NA,NA,NA,NA
1959-09-01,NA,NA,NA,NA,NA
1959-09-02,NA,NA,NA,NA,NA
1959-09-03,NA,NA,NA,NA,NA
1959-09-04,NA,NA,NA,NA,NA
1959-09-05,NA,NA,NA,NA,NA
1959-09-06,NA,NA,NA,NA,NA
1959-09-07,NA,NA,NA,NA,NA
1959-09-08,NA,NA,NA,NA,NA
1959-09-09,NA,NA,NA,NA,NA
1959-09-10,NA,NA,NA,NA,NA
1959-09-11,NA,NA,NA,NA,NA
1959-09-12,NA,NA,NA,NA,NA
1959-09-13,NA,NA,NA,NA,NA
1959-09-14,NA,NA,NA,NA,NA
1959-09-15,NA,NA,NA,NA,NA
1959-09-16,NA,NA,NA,NA,NA
1959-09-17,NA,NA,NA,NA,NA
1959-09-18,NA,NA,NA,NA,NA
1959-09-19,NA,NA,NA,NA,NA
1959-09-20,NA,NA,NA,NA,NA
1959-09-21,NA,NA,NA,NA,NA
1959-09-22,NA,NA,NA,NA,NA
1959-09-23,NA,NA,NA,NA,NA
1959-09-24,NA,NA,NA,NA,NA
1959-09-25,NA,NA,NA,NA,NA
1959-09-26,NA,NA,NA,NA,NA
1959-09-27,NA,NA,NA,NA,NA
1959-09-28,NA,NA,NA,NA,NA
1959-09-29,NA,NA,NA,NA,NA
1959-09-30,NA,NA,NA,NA,NA
1959-10-01,NA,NA,NA,NA,NA
1959-10-02,NA,NA,NA,NA,NA
1959-10-03,NA,NA,NA,NA,NA
1959-10-04,NA,NA,NA,NA,NA
1959-10-05,NA,NA,NA,NA,NA
1959-10-06,NA,NA,NA,NA,NA
1959-10-07,NA,NA,NA,NA,NA
1959-10-08,NA,NA,NA,NA,NA
1959-10-09,NA,NA,NA,NA,NA
1959-10-10,NA,NA,NA,NA,NA
1959-10-11,NA,NA,NA,NA,NA
1959-10-12,NA,NA,NA,NA,NA
1959-10-13,NA,NA,NA,NA,NA
1959-10-14,NA,NA,NA,NA,NA
1959-10-15,NA,NA,NA,NA,NA
1959-10-16,NA,NA,NA,NA,NA
1959-10-17,NA,NA,NA,NA,NA
1959-10-18,NA,NA,NA,NA,NA
1959-10-19,NA,NA,NA,NA,NA
1959-10-20,NA,NA,NA,NA,NA
1959-10-21,NA,NA,NA,NA,NA
1959-10-22,NA,NA,NA,NA,NA
1959-10-23,NA,NA,NA,NA,NA
1959-10-24,NA,NA,NA,NA,NA
1959-10-25,NA,NA,NA,NA,NA
1959-10-26,NA,NA,NA,NA,NA
1959-10-27,NA,NA,NA,NA,NA
1959-10-28,NA,NA,NA,NA,NA
1959-10-29,NA,NA,NA,NA,NA
1959-10-30,NA,NA,NA,NA,NA
1959-10-31,NA,NA,NA,NA,NA
1959-11-01,NA,NA,NA,NA,NA
1959-11-02,NA,NA,NA,NA,NA
1959-11-03,NA,NA,NA,NA,NA
1959-11-04,NA,NA,NA,NA,NA
1959-11-05,NA,NA,NA,NA,NA
1959-11-06,NA,NA,NA,NA,NA
1959-11-07,NA,NA,NA,NA,NA
1959-11-08,NA,NA,NA,NA,NA
1959-11-09,NA,NA,NA,NA,NA
1959-11-10,NA,NA,NA,NA,NA
1959-11-11,NA,NA,NA,NA,NA
1959-11-12,NA,NA,NA,NA,NA
1959-11-13,NA,NA,NA,NA,NA
1959-11-14,NA,NA,NA,NA,NA
1959-11-15,NA,NA,NA,NA,NA
1959-11-16,NA,NA,NA,NA,NA
1959-11-17,NA,NA,NA,NA,NA
1959-11-18,NA,NA,NA,NA,NA
1959-11-19,NA,NA,NA,NA,NA
1959-11-20,NA,NA,NA,NA,NA
1959-11-21,NA,NA,NA,NA,NA
1959-11-22,NA,NA,NA,NA,NA
1959-11-23,NA,NA,NA,NA,NA
1959-11-24,NA,NA,NA,NA,NA
1959-11-25,NA,NA,NA,NA,NA
1959-11-26,NA,NA,NA,NA,NA
1959-11-27,NA,NA,NA,NA,NA
1959-11-28,NA,NA,NA,NA,NA
1959-11-29,NA,NA,NA,NA,NA
1959-11-30,NA,NA,NA,NA,NA
1959-12-01,NA,NA,NA,NA,NA
1959-12-02,NA,NA,NA,NA,NA
1959-12-03,NA,NA,NA,NA,NA
1959-12-04,NA,NA,NA,NA,NA
1959-12-05,NA,NA,NA,NA,NA
1959-12-06,NA,NA,NA,NA,NA
1959-12-07,NA,NA,NA,NA,NA
1959-12-08,NA,NA,NA,NA,NA
1959-12-09,NA,NA,NA,NA,NA
1959-12-10,NA,NA,NA,NA,NA
1959-12-11,NA,NA,NA,NA,NA
1959-12-12,NA,NA,NA,NA,NA
1959-12-13,NA,NA,NA,NA,NA
1959-12-14,NA,NA,NA,NA,NA
1959-12-15,NA,NA,NA,NA,NA
1959-12-16,NA,NA,NA,NA,NA
1959-12-17,NA,NA,NA,NA,NA
1959-12-18,NA,NA,NA,NA,NA
1959-12-19,NA,NA,NA,NA,NA
1959-12-20,NA,NA,NA,NA,NA
1959-12-21,NA,NA,NA,NA,NA
1959-12-22,NA,NA,NA,NA,NA
1959-12-23,NA,NA,NA,NA,NA
1959-12-24,NA,NA,NA,NA,NA
1959-12-25,NA,NA,NA,NA,NA
1959-12-26,NA,NA,NA,NA,NA
1959-12-27,NA,NA,NA,NA,NA
1959-12-28,NA,NA,NA,NA,NA
1959-12-29,NA,NA,NA,NA,NA
1959-12-30,NA,NA,NA,NA,NA
1959-12-31,NA,NA,NA,NA,NA
1960-01-01,NA,NA,NA,NA,NA
1960-01-02,NA,NA,NA,NA,NA
1960-01-03,NA,NA,NA,NA,NA
1960-01-04,NA,NA,NA,NA,NA
1960-01-05,NA,NA,NA,NA,NA
1960-01-06,NA,NA,NA,NA,NA
1960-01-07,NA,NA,NA,NA,NA
1960-01-08,NA,NA,NA,NA,NA
1960-01-09,NA,NA,NA,NA,NA
1960-01-10,NA,NA,NA,NA,NA
1960-01-11,NA,NA,NA,NA,NA
1960-01-12,NA,NA,NA,NA,NA
1960-01-13,NA,NA,NA,NA,NA
1960-01-14,NA,NA,NA,NA,NA
1960-01-15,NA,NA,NA,NA,NA
1960-01-16,NA,NA,NA,NA,NA
1960-01-17,NA,NA,NA,NA,NA
1960-01-18,NA,NA,NA,NA,NA
1960-01-19,NA,NA,NA,NA,NA
1960-01-20,NA,NA,NA,NA,NA
1960-01-21,NA,NA,NA,NA,NA
1960-01-22,NA,NA,NA,NA,NA
1960-01-23,NA,NA,NA,NA,NA
1960-01-24,NA,NA,NA,NA,NA
1960-01-25,NA,NA,NA,NA,NA
1960-01-26,NA,NA,NA,NA,NA
1960-01-27,NA,NA,NA,NA,NA
1960-01-28,NA,NA,NA,NA,NA
1960-01-29,NA,NA,NA,NA,NA
1960-01-30,NA,NA,NA,NA,NA
1960-01-31,NA,NA,NA,NA,NA
1960-02-01,NA,NA,NA,NA,NA
1960-02-02,NA,NA,NA,NA,NA
1960-02-03,NA,NA,NA,NA,NA
1960-02-04,NA,NA,NA,NA,NA
1960-02-05,NA,NA,NA,NA,NA
1960-02-06,NA,NA,NA,NA,NA
1960-02-07,NA,NA,NA,NA,NA
1960-02-08,NA,NA,NA,NA,NA
1960-02-09,NA,NA,NA,NA,NA
1960-02-10,NA,NA,NA,NA,NA
1960-02-11,NA,NA,NA,NA,NA
1960-02-12,NA,NA,NA,NA,NA
1960-02-13,NA,NA,NA,NA,NA
1960-02-14,NA,NA,NA,NA,NA
1960-02-15,NA,NA,NA,NA,NA
1960-02-16,NA,NA,NA,NA,NA
1960-02-17,NA,NA,NA,NA,NA
1960-02-18,NA,NA,NA,NA,NA
1960-02-19,NA,NA,NA,NA,NA
1960-02-20,NA,NA,NA,NA,NA
1960-02-21,NA,NA,NA,NA,NA
1960-02-22,NA,NA,NA,NA,NA
1960-02-23,NA,NA,NA,NA,NA
1960-02-24,NA,NA,NA,NA,NA
1960-02-25,NA,NA,NA,NA,NA
1960-02-26,NA,NA,NA,NA,NA
1960-02-27,NA,NA,NA,NA,NA
1960-02-28,NA,NA,NA,NA,NA
1960-02-29,NA,NA,NA,NA,NA
1960-03-01,NA,NA,NA,NA,NA
1960-03-02,NA,NA,NA,NA,NA
1960-03-03,NA,NA,NA,NA,NA
1960-03-04,NA,NA,NA,NA,NA
1960-03-05,NA,NA,NA,NA,NA
1960-03-06,NA,NA,NA,NA,NA
1960-03-07,NA,NA,NA,NA,NA
1960-03-08,NA,NA,NA,NA,NA
1960-03-09,NA,NA,NA,NA,NA
1960-03-10,NA,NA,NA,NA,NA
1960-03-11,NA,NA,NA,NA,NA
1960-03-12,NA,NA,NA,NA,NA
1960-03-13,NA,NA,NA,NA,NA
1960-03-14,NA,NA,NA,NA,NA
1960-03-15,NA,NA,NA,NA,NA
1960-03-16,NA,NA,NA,NA,NA
1960-03-17,NA,NA,NA,NA,NA
1960-03-18,NA,NA,NA,NA,NA
1960-03-19,NA,NA,NA,NA,NA
1960-03-20,NA,NA,NA,NA,NA
1960-03-21,NA,NA,NA,NA,NA
1960-03-22,NA,NA,NA,NA,NA
1960-03-23,NA,NA,NA,NA,NA
1960-03-24,NA,NA,NA,NA,NA
1960-03-25,NA,NA,NA,NA,NA
1960-03-26,NA,NA,NA,NA,NA
1960-03-27,NA,NA,NA,NA,NA
1960-03-28,NA,NA,NA,NA,NA
1960-03-29,NA,NA,NA,NA,NA
1960-03-30,NA,NA,NA,NA,NA
1960-03-31,NA,NA,NA,NA,NA
1960-04-01,NA,NA,NA,NA,NA
1960-04-02,NA,NA,NA,NA,NA
1960-04-03,NA,NA,NA,NA,NA
1960-04-04,NA,NA,NA,NA,NA
1960-04-05,NA,NA,NA,NA,NA
1960-04-06,NA,NA,NA,NA,NA
1960-04-07,NA,NA,NA,NA,NA
1960-04-08,NA,NA,NA,NA,NA
1960-04-09,NA,NA,NA,NA,NA
1960-04-10,NA,NA,NA,NA,NA
1960-04-11,NA,NA,NA,NA,NA
1960-04-12,NA,NA,NA,NA,NA
1960-04-13,NA,NA,NA,NA,NA
1960-04-14,NA,NA,NA,NA,NA
1960-04-15,NA,NA,NA,NA,NA
1960-04-16,NA,NA,NA,NA,NA
1960-04-17,NA,NA,NA,NA,NA
1960-04-18,NA,NA,NA,NA,NA
1960-04-19,NA,NA,NA,NA,NA
1960-04-20,NA,NA,NA,NA,NA
1960-04-21,NA,NA,NA,NA,NA
1960-04-22,NA,NA,NA,NA,NA
1960-04-23,NA,NA,NA,NA,NA
1960-04-24,NA,NA,NA,NA,NA
1960-04-25,NA,NA,NA,NA,NA
1960-04-26,NA,NA,NA,NA,NA
1960-04-27,NA,NA,NA,NA,NA
1960-04-28,NA,NA,NA,NA,NA
1960-04-29,NA,NA,NA,NA,NA
1960-04-30,NA,NA,NA,NA,NA
1960-05-01,NA,NA,NA,NA,NA
1960-05-02,NA,NA,NA,NA,NA
1960-05-03,NA,NA,NA,NA,NA
1960-05-04,NA,NA,NA,NA,NA
1960-05-05,NA,NA,NA,NA,NA
1960-05-06,NA,NA,NA,NA,NA
1960-05-07,NA,NA,NA,NA,NA
1960-05-08,NA,NA,NA,NA,NA
1960-05-09,NA,NA,NA,NA,NA
1960-05-10,NA,NA,NA,NA,NA
1960-05-11,NA,NA,NA,NA,NA
1960-05-12,NA,NA,NA,NA,NA
1960-05-13,NA,NA,NA,NA,NA
1960-05-14,NA,NA,NA,NA,NA
1960-05-15,NA,NA,NA,NA,NA
1960-05-16,NA,NA,NA,NA,NA
1960-05-17,NA,NA,NA,NA,NA
1960-05-18,NA,NA,NA,NA,NA
1960-05-19,NA,NA,NA,NA,NA
1960-05-20,NA,NA,NA,NA,NA
1960-05-21,NA,NA,NA,NA,NA
1960-05-22,NA,NA,NA,NA,NA
1960-05-23,NA,NA,NA,NA,NA
1960-05-24,NA,NA,NA,NA,NA
1960-05-25,NA,NA,NA,NA,NA
1960-05-26,NA,NA,NA,NA,NA
1960-05-27,NA,NA,NA,NA,NA
1960-05-28,NA,NA,NA,NA,NA
1960-05-29,NA,NA,NA,NA,NA
1960-05-30,NA,NA,NA,NA,NA
1960-05-31,NA,NA,NA,NA,NA
1960-06-01,NA,NA,NA,NA,NA
1960-06-02,NA,NA,NA,NA,NA
1960-06-03,NA,NA,NA,NA,NA
1960-06-04,NA,NA,NA,NA,NA
1960-06-05,NA,NA,NA,NA,NA
1960-06-06,NA,NA,NA,NA,NA
1960-06-07,NA,NA,NA,NA,NA
1960-06-08,NA,NA,NA,NA,NA
1960-06-09,NA,NA,NA,NA,NA
1960-06-10,NA,NA,NA,NA,NA
1960-06-11,NA,NA,NA,NA,NA
1960-06-12,NA,NA,NA,NA,NA
1960-06-13,NA,NA,NA,NA,NA
1960-06-14,NA,NA,NA,NA,NA
1960-06-15,NA,NA,NA,NA,NA
1960-06-16,NA,NA,NA,NA,NA
1960-06-17,NA,NA,NA,NA,NA
1960-06-18,NA,NA,NA,NA,NA
1960-06-19,NA,NA,NA,NA,NA
1960-06-20,NA,NA,NA,NA,NA
1960-06-21,NA,NA,NA,NA,NA
1960-06-22,NA,NA,NA,NA,NA
1960-06-23,NA,NA,NA,NA,NA
1960-06-24,NA,NA,NA,NA,NA
1960-06-25,NA,NA,NA,NA,NA
1960-06-26,NA,NA,NA,NA,NA
1960-06-27,NA,NA,NA,NA,NA
1960-06-28,NA,NA,NA,NA,NA
1960-06-29,NA,NA,NA,NA,NA
1960-06-30,NA,NA,NA,NA,NA
1960-07-01,NA,NA,NA,NA,NA
1960-07-02,NA,NA,NA,NA,NA
1960-07-03,NA,NA,NA,NA,NA
1960-07-04,NA,NA,NA,NA,NA
1960-07-05,NA,NA,NA,NA,NA
1960-07-06,NA,NA,NA,NA,NA
1960-07-07,NA,NA,NA,NA,NA
1960-07-08,NA,NA,NA,NA,NA
1960-07-09,NA,NA,NA,NA,NA
1960-07-10,NA,NA,NA,NA,NA
1960-07-11,NA,NA,NA,NA,NA
1960-07-12,NA,NA,NA,NA,NA
1960-07-13,NA,NA,NA,NA,NA
1960-07-14,NA,NA,NA,NA,NA
1960-07-15,NA,NA,NA,NA,NA
1960-07-16,NA,NA,NA,NA,NA
1960-07-17,NA,NA,NA,NA,NA
1960-07-18,NA,NA,NA,NA,NA
1960-07-19,NA,NA,NA,NA,NA
1960-07-20,NA,NA,NA,NA,NA
1960-07-21,NA,NA,NA,NA,NA
1960-07-22,NA,NA,NA,NA,NA
1960-07-23,NA,NA,NA,NA,NA
1960-07-24,NA,NA,NA,NA,NA
1960-07-25,NA,NA,NA,NA,NA
1960-07-26,NA,NA,NA,NA,NA
1960-07-27,NA,NA,NA,NA,NA
1960-07-28,NA,NA,NA,NA,NA
1960-07-29,NA,NA,NA,NA,NA
1960-07-30,NA,NA,NA,NA,NA
1960-07-31,NA,NA,NA,NA,NA
1960-08-01,NA,NA,NA,NA,NA
1960-08-02,NA,NA,NA,NA,NA
1960-08-03,NA,NA,NA,NA,NA
1960-08-04,NA,NA,NA,NA,NA
1960-08-05,NA,NA,NA,NA,NA
1960-08-06,NA,NA,NA,NA,NA
1960-08-07,NA,NA,NA,NA,NA
1960-08-08,NA,NA,NA,NA,NA
1960-08-09,NA,NA,NA,NA,NA
1960-08-10,NA,NA,NA,NA,NA
1960-08-11,NA,NA,NA,NA,NA
1960-08-12,NA,NA,NA,NA,NA
1960-08-13,NA,NA,NA,NA,NA
1960-08-14,NA,NA,NA,NA,NA
1960-08-15,NA,NA,NA,NA,NA
1960-08-16,NA,NA,NA,NA,NA
1960-08-17,NA,NA,NA,NA,NA
1960-08-18,NA,NA,NA,NA,NA
1960-08-19,NA,NA,NA,NA,NA
1960-08-20,NA,NA,NA,NA,NA
1960-08-21,NA,NA,NA,NA,NA
1960-08-22,NA,NA,NA,NA,NA
1960-08-23,NA,NA,NA,NA,NA
1960-08-24,NA,NA,NA,NA,NA
1960-08-25,NA,NA,NA,NA,NA
1960-08-26,NA,NA,NA,NA,NA
1960-08-27,NA,NA,NA,NA,NA
1960-08-28,NA,NA,NA,NA,NA
1960-08-29,NA,NA,NA,NA,NA
1960-08-30,NA,NA,NA,NA,NA
1960-08-31,NA,NA,NA,NA,NA
1960-09-01,NA,NA,NA,NA,NA
1960-09-02,NA,NA,NA,NA,NA
1960-09-03,NA,NA,NA,NA,NA
1960-09-04,NA,NA,NA,NA,NA
1960-09-05,NA,NA,NA,NA,NA
1960-09-06,NA,NA,NA,NA,NA
1960-09-07,NA,NA,NA,NA,NA
1960-09-08,NA,NA,NA,NA,NA
1960-09-09,NA,NA,NA,NA,NA
1960-09-10,NA,NA,NA,NA,NA
1960-09-11,NA,NA,NA,NA,NA
1960-09-12,NA,NA,NA,NA,NA
1960-09-13,NA,NA,NA,NA,NA
1960-09-14,NA,NA,NA,NA,NA
1960-09-15,NA,NA,NA,NA,NA
1960-09-16,NA,NA,NA,NA,NA
1960-09-17,NA,NA,NA,NA,NA
1960-09-18,NA,NA,NA,NA,NA
1960-09-19,NA,NA,NA,NA,NA
1960-09-20,NA,NA,NA,NA,NA
1960-09-21,NA,NA,NA,NA,NA
1960-09-22,NA,NA,NA,NA,NA
1960-09-23,NA,NA,NA,NA,NA
1960-09-24,NA,NA,NA,NA,NA
1960-09-25,NA,NA,NA,NA,NA
1960-09-26,NA,NA,NA,NA,NA
1960-09-27,NA,NA,NA,NA,NA
1960-09-28,NA,NA,NA,NA,NA
1960-09-29,NA,NA,NA,NA,NA
1960-09-30,NA,NA,NA,NA,NA
1960-10-01,NA,NA,NA,NA,NA
1960-10-02,NA,NA,NA,NA,NA
1960-10-03,NA,NA,NA,NA,NA
1960-10-04,NA,NA,NA,NA,NA
1960-10-05,NA,NA,NA,NA,NA
1960-10-06,NA,NA,NA,NA,NA
1960-10-07,NA,NA,NA,NA,NA
1960-10-08,NA,NA,NA,NA,NA
1960-10-09,NA,NA,NA,NA,NA
1960-10-10,NA,NA,NA,NA,NA
1960-10-11,NA,NA,NA,NA,NA
1960-10-12,NA,NA,NA,NA,NA
1960-10-13,NA,NA,NA,NA,NA
1960-10-14,NA,NA,NA,NA,NA
1960-10-15,NA,NA,NA,NA,NA
1960-10-16,NA,NA,NA,NA,NA
1960-10-17,NA,NA,NA,NA,NA
1960-10-18,NA,NA,NA,NA,NA
1960-10-19,NA,NA,NA,NA,NA
1960-10-20,NA,NA,NA,NA,NA
1960-10-21,NA,NA,NA,NA,NA
1960-10-22,NA,NA,NA,NA,NA
1960-10-23,NA,NA,NA,NA,NA
1960-10-24,NA,NA,NA,NA,NA
1960-10-25,NA,NA,NA,NA,NA
1960-10-26,NA,NA,NA,NA,NA
1960-10-27,NA,NA,NA,NA,NA
1960-10-28,NA,NA,NA,NA,NA
1960-10-29,NA,NA,NA,NA,NA
1960-10-30,NA,NA,NA,NA,NA
1960-10-31,NA,NA,NA,NA,NA
1960-11-01,NA,NA,NA,NA,NA
1960-11-02,NA,NA,NA,NA,NA
1960-11-03,NA,NA,NA,NA,NA
1960-11-04,NA,NA,NA,NA,NA
1960-11-05,NA,NA,NA,NA,NA
1960-11-06,NA,NA,NA,NA,NA
1960-11-07,NA,NA,NA,NA,NA
1960-11-08,NA,NA,NA,NA,NA
1960-11-09,NA,NA,NA,NA,NA
1960-11-10,NA,NA,NA,NA,NA
1960-11-11,NA,NA,NA,NA,NA
1960-11-12,NA,NA,NA,NA,NA
1960-11-13,NA,NA,NA,NA,NA
1960-11-14,NA,NA,NA,NA,NA
1960-11-15,NA,NA,NA,NA,NA
1960-11-16,NA,NA,NA,NA,NA
1960-11-17,NA,NA,NA,NA,NA
1960-11-18,NA,NA,NA,NA,NA
1960-11-19,NA,NA,NA,NA,NA
1960-11-20,NA,NA,NA,NA,NA
1960-11-21,NA,NA,NA,NA,NA
1960-11-22,NA,NA,NA,NA,NA
1960-11-23,NA,NA,NA,NA,NA
1960-11-24,NA,NA,NA,NA,NA
1960-11-25,NA,NA,NA,NA,NA
1960-11-26,NA,NA,NA,NA,NA
1960-11-27,NA,NA,NA,NA,NA
1960-11-28,NA,NA,NA,NA,NA
1960-11-29,NA,NA,NA,NA,NA
1960-11-30,NA,NA,NA,NA,NA
1960-12-01,NA,NA,NA,NA,NA
1960-12-02,NA,NA,NA,NA,NA
1960-12-03,NA,NA,NA,NA,NA
1960-12-04,NA,NA,NA,NA,NA
1960-12-05,NA,NA,NA,NA,NA
1960-12-06,NA,NA,NA,NA,NA
1960-12-07,NA,NA,NA,NA,NA
1960-12-08,NA,NA,NA,NA,NA
1960-12-09,NA,NA,NA,NA,NA
1960-12-10,NA,NA,NA,NA,NA
1960-12-11,NA,NA,NA,NA,NA
1960-12-12,NA,NA,NA,NA,NA
1960-12-13,NA,NA,NA,NA,NA
1960-12-14,NA,NA,NA,NA,NA
1960-12-15,NA,NA,NA,NA,NA
1960-12-16,NA,NA,NA,NA,NA
1960-12-17,NA,NA,NA,NA,NA
1960-12-18,NA,NA,NA,NA,NA
1960-12-19,NA,NA,NA,NA,NA
1960-12-20,NA,NA,NA,NA,NA
1960-12-21,NA,NA,NA,NA,NA
1960-12-22,NA,NA,NA,NA,NA
1960-12-23,NA,NA,NA,NA,NA
1960-12-24,NA,NA,NA,NA,NA
1960-12-25,NA,NA,NA,NA,NA
1960-12-26,NA,NA,NA,NA,NA
1960-12-27,NA,NA,NA,NA,NA
1960-12-28,NA,NA,NA,NA,NA
1960-12-29,NA,NA,NA,NA,NA
1960-12-30,NA,NA,NA,NA,NA
1960-12-31,NA,NA,NA,NA,NA
1961-01-01,NA,NA,NA,NA,NA
1961-01-02,NA,NA,NA,NA,NA
1961-01-03,NA,NA,NA,NA,NA
1961-01-04,NA,NA,NA,NA,NA
1961-01-05,NA,NA,NA,NA,NA
1961-01-06,NA,NA,NA,NA,NA
1961-01-07,NA,NA,NA,NA,NA
1961-01-08,NA,NA,NA,NA,NA
1961-01-09,NA,NA,NA,NA,NA
1961-01-10,NA,NA,NA,NA,NA
1961-01-11,NA,NA,NA,NA,NA
1961-01-12,NA,NA,NA,NA,NA
1961-01-13,NA,NA,NA,NA,NA
1961-01-14,NA,NA,NA,NA,NA
1961-01-15,NA,NA,NA,NA,NA
1961-01-16,NA,NA,NA,NA,NA
1961-01-17,NA,NA,NA,NA,NA
1961-01-18,NA,NA,NA,NA,NA
1961-01-19,NA,NA,NA,NA,NA
1961-01-20,NA,NA,NA,NA,NA
1961-01-21,NA,NA,NA,NA,NA
1961-01-22,NA,NA,NA,NA,NA
1961-01-23,NA,NA,NA,NA,NA
1961-01-24,NA,NA,NA,NA,NA
1961-01-25,NA,NA,NA,NA,NA
1961-01-26,NA,NA,NA,NA,NA
1961-01-27,NA,NA,NA,NA,NA
1961-01-28,NA,NA,NA,NA,NA
1961-01-29,NA,NA,NA,NA,NA
1961-01-30,NA,NA,NA,NA,NA
1961-01-31,NA,NA,NA,NA,NA
1961-02-01,NA,NA,NA,NA,NA
1961-02-02,NA,NA,NA,NA,NA
1961-02-03,NA,NA,NA,NA,NA
1961-02-04,NA,NA,NA,NA,NA
1961-02-05,NA,NA,NA,NA,NA
1961-02-06,NA,NA,NA,NA,NA
1961-02-07,NA,NA,NA,NA,NA
1961-02-08,NA,NA,NA,NA,NA
1961-02-09,NA,NA,NA,NA,NA
1961-02-10,NA,NA,NA,NA,NA
1961-02-11,NA,NA,NA,NA,NA
1961-02-12,NA,NA,NA,NA,NA
1961-02-13,NA,NA,NA,NA,NA
1961-02-14,NA,NA,NA,NA,NA
1961-02-15,NA,NA,NA,NA,NA
1961-02-16,NA,NA,NA,NA,NA
1961-02-17,NA,NA,NA,NA,NA
1961-02-18,NA,NA,NA,NA,NA
1961-02-19,NA,NA,NA,NA,NA
1961-02-20,NA,NA,NA,NA,NA
1961-02-21,NA,NA,NA,NA,NA
1961-02-22,NA,NA,NA,NA,NA
1961-02-23,NA,NA,NA,NA,NA
1961-02-24,NA,NA,NA,NA,NA
1961-02-25,NA,NA,NA,NA,NA
1961-02-26,NA,NA,NA,NA,NA
1961-02-27,NA,NA,NA,NA,NA
1961-02-28,NA,NA,NA,NA,NA
1961-03-01,NA,NA,NA,NA,NA
1961-03-02,NA,NA,NA,NA,NA
1961-03-03,NA,NA,NA,NA,NA
1961-03-04,NA,NA,NA,NA,NA
1961-03-05,NA,NA,NA,NA,NA
1961-03-06,NA,NA,NA,NA,NA
1961-03-07,NA,NA,NA,NA,NA
1961-03-08,NA,NA,NA,NA,NA
1961-03-09,NA,NA,NA,NA,NA
1961-03-10,NA,NA,NA,NA,NA
1961-03-11,NA,NA,NA,NA,NA
1961-03-12,NA,NA,NA,NA,NA
1961-03-13,NA,NA,NA,NA,NA
1961-03-14,NA,NA,NA,NA,NA
1961-03-15,NA,NA,NA,NA,NA
1961-03-16,NA,NA,NA,NA,NA
1961-03-17,NA,NA,NA,NA,NA
1961-03-18,NA,NA,NA,NA,NA
1961-03-19,NA,NA,NA,NA,NA
1961-03-20,NA,NA,NA,NA,NA
1961-03-21,NA,NA,NA,NA,NA
1961-03-22,NA,NA,NA,NA,NA
1961-03-23,NA,NA,NA,NA,NA
1961-03-24,NA,NA,NA,NA,NA
1961-03-25,NA,NA,NA,NA,NA
1961-03-26,NA,NA,NA,NA,NA
1961-03-27,NA,NA,NA,NA,NA
1961-03-28,NA,NA,NA,NA,NA
1961-03-29,NA,NA,NA,NA,NA
1961-03-30,NA,NA,NA,NA,NA
1961-03-31,NA,NA,NA,NA,NA
1961-04-01,NA,NA,NA,NA,NA
1961-04-02,NA,NA,NA,NA,NA
1961-04-03,NA,NA,NA,NA,NA
1961-04-04,NA,NA,NA,NA,NA
1961-04-05,NA,NA,NA,NA,NA
1961-04-06,NA,NA,NA,NA,NA
1961-04-07,NA,NA,NA,NA,NA
1961-04-08,NA,NA,NA,NA,NA
1961-04-09,NA,NA,NA,NA,NA
1961-04-10,NA,NA,NA,NA,NA
1961-04-11,NA,NA,NA,NA,NA
1961-04-12,NA,NA,NA,NA,NA
1961-04-13,NA,NA,NA,NA,NA
1961-04-14,NA,NA,NA,NA,NA
1961-04-15,NA,NA,NA,NA,NA
1961-04-16,NA,NA,NA,NA,NA
1961-04-17,NA,NA,NA,NA,NA
1961-04-18,NA,NA,NA,NA,NA
1961-04-19,NA,NA,NA,NA,NA
1961-04-20,NA,NA,NA,NA,NA
1961-04-21,NA,NA,NA,NA,NA
1961-04-22,NA,NA,NA,NA,NA
1961-04-23,NA,NA,NA,NA,NA
1961-04-24,NA,NA,NA,NA,NA
1961-04-25,NA,NA,NA,NA,NA
1961-04-26,NA,NA,NA,NA,NA
1961-04-27,NA,NA,NA,NA,NA
1961-04-28,NA,NA,NA,NA,NA
1961-04-29,NA,NA,NA,NA,NA
1961-04-30,NA,NA,NA,NA,NA
1961-05-01,NA,NA,NA,NA,NA
1961-05-02,NA,NA,NA,NA,NA
1961-05-03,NA,NA,NA,NA,NA
1961-05-04,NA,NA,NA,NA,NA
1961-05-05,NA,NA,NA,NA,NA
1961-05-06,NA,NA,NA,NA,NA
1961-05-07,NA,NA,NA,NA,NA
1961-05-08,NA,NA,NA,NA,NA
1961-05-09,NA,NA,NA,NA,NA
1961-05-10,NA,NA,NA,NA,NA
1961-05-11,NA,NA,NA,NA,NA
1961-05-12,NA,NA,NA,NA,NA
1961-05-13,NA,NA,NA,NA,NA
1961-05-14,NA,NA,NA,NA,NA
1961-05-15,NA,NA,NA,NA,NA
1961-05-16,NA,NA,NA,NA,NA
1961-05-17,NA,NA,NA,NA,NA
1961-05-18,NA,NA,NA,NA,NA
1961-05-19,NA,NA,NA,NA,NA
1961-05-20,NA,NA,NA,NA,NA
1961-05-21,NA,NA,NA,NA,NA
1961-05-22,NA,NA,NA,NA,NA
1961-05-23,NA,NA,NA,NA,NA
1961-05-24,NA,NA,NA,NA,NA
1961-05-25,NA,NA,NA,NA,NA
1961-05-26,NA,NA,NA,NA,NA
1961-05-27,NA,NA,NA,NA,NA
1961-05-28,NA,NA,NA,NA,NA
1961-05-29,NA,NA,NA,NA,NA
1961-05-30,NA,NA,NA,NA,NA
1961-05-31,NA,NA,NA,NA,NA
1961-06-01,NA,NA,NA,NA,NA
1961-06-02,NA,NA,NA,NA,NA
1961-06-03,NA,NA,NA,NA,NA
1961-06-04,NA,NA,NA,NA,NA
1961-06-05,NA,NA,NA,NA,NA
1961-06-06,NA,NA,NA,NA,NA
1961-06-07,NA,NA,NA,NA,NA
1961-06-08,NA,NA,NA,NA,NA
1961-06-09,NA,NA,NA,NA,NA
1961-06-10,NA,NA,NA,NA,NA
1961-06-11,NA,NA,NA,NA,NA
1961-06-12,NA,NA,NA,NA,NA
1961-06-13,NA,NA,NA,NA,NA
1961-06-14,NA,NA,NA,NA,NA
1961-06-15,NA,NA,NA,NA,NA
1961-06-16,NA,NA,NA,NA,NA
1961-06-17,NA,NA,NA,NA,NA
1961-06-18,NA,NA,NA,NA,NA
1961-06-19,NA,NA,NA,NA,NA
1961-06-20,NA,NA,NA,NA,NA
1961-06-21,NA,NA,NA,NA,NA
1961-06-22,NA,NA,NA,NA,NA
1961-06-23,NA,NA,NA,NA,NA
1961-06-24,NA,NA,NA,NA,NA
1961-06-25,NA,NA,NA,NA,NA
1961-06-26,NA,NA,NA,NA,NA
1961-06-27,NA,NA,NA,NA,NA
1961-06-28,NA,NA,NA,NA,NA
1961-06-29,NA,NA,NA,NA,NA
1961-06-30,NA,NA,NA,NA,NA
1961-07-01,NA,NA,NA,NA,NA
1961-07-02,NA,NA,NA,NA,NA
1961-07-03,NA,NA,NA,NA,NA
1961-07-04,NA,NA,NA,NA,NA
1961-07-05,NA,NA,NA,NA,NA
1961-07-06,NA,NA,NA,NA,NA
1961-07-07,NA,NA,NA,NA,NA
1961-07-08,NA,NA,NA,NA,NA
1961-07-09,NA,NA,NA,NA,NA
1961-07-10,NA,NA,NA,NA,NA
1961-07-11,NA,NA,NA,NA,NA
1961-07-12,NA,NA,NA,NA,NA
1961-07-13,NA,NA,NA,NA,NA
1961-07-14,NA,NA,NA,NA,NA
1961-07-15,NA,NA,NA,NA,NA
1961-07-16,NA,NA,NA,NA,NA
1961-07-17,NA,NA,NA,NA,NA
1961-07-18,NA,NA,NA,NA,NA
1961-07-19,NA,NA,NA,NA,NA
1961-07-20,NA,NA,NA,NA,NA
1961-07-21,NA,NA,NA,NA,NA
1961-07-22,NA,NA,NA,NA,NA
1961-07-23,NA,NA,NA,NA,NA
1961-07-24,NA,NA,NA,NA,NA
1961-07-25,NA,NA,NA,NA,NA
1961-07-26,NA,NA,NA,NA,NA
1961-07-27,NA,NA,NA,NA,NA
1961-07-28,NA,NA,NA,NA,NA
1961-07-29,NA,NA,NA,NA,NA
1961-07-30,NA,NA,NA,NA,NA
1961-07-31,NA,NA,NA,NA,NA
1961-08-01,NA,NA,NA,NA,NA
1961-08-02,NA,NA,NA,NA,NA
1961-08-03,NA,NA,NA,NA,NA
1961-08-04,NA,NA,NA,NA,NA
1961-08-05,NA,NA,NA,NA,NA
1961-08-06,NA,NA,NA,NA,NA
1961-08-07,NA,NA,NA,NA,NA
1961-08-08,NA,NA,NA,NA,NA
1961-08-09,NA,NA,NA,NA,NA
1961-08-10,NA,NA,NA,NA,NA
1961-08-11,NA,NA,NA,NA,NA
1961-08-12,NA,NA,NA,NA,NA
1961-08-13,NA,NA,NA,NA,NA
1961-08-14,NA,NA,NA,NA,NA
1961-08-15,NA,NA,NA,NA,NA
1961-08-16,NA,NA,NA,NA,NA
1961-08-17,NA,NA,NA,NA,NA
1961-08-18,NA,NA,NA,NA,NA
1961-08-19,NA,NA,NA,NA,NA
1961-08-20,NA,NA,NA,NA,NA
1961-08-21,NA,NA,NA,NA,NA
1961-08-22,NA,NA,NA,NA,NA
1961-08-23,NA,NA,NA,NA,NA
1961-08-24,NA,NA,NA,NA,NA
1961-08-25,NA,NA,NA,NA,NA
1961-08-26,NA,NA,NA,NA,NA
1961-08-27,NA,NA,NA,NA,NA
1961-08-28,NA,NA,NA,NA,NA
1961-08-29,NA,NA,NA,NA,NA
1961-08-30,NA,NA,NA,NA,NA
1961-08-31,NA,NA,NA,NA,NA
1961-09-01,NA,NA,NA,NA,NA
1961-09-02,NA,NA,NA,NA,NA
1961-09-03,NA,NA,NA,NA,NA
1961-09-04,NA,NA,NA,NA,NA
1961-09-05,NA,NA,NA,NA,NA
1961-09-06,NA,NA,NA,NA,NA
1961-09-07,NA,NA,NA,NA,NA
1961-09-08,NA,NA,NA,NA,NA
1961-09-09,NA,NA,NA,NA,NA
1961-09-10,NA,NA,NA,NA,NA
1961-09-11,NA,NA,NA,NA,NA
1961-09-12,NA,NA,NA,NA,NA
1961-09-13,NA,NA,NA,NA,NA
1961-09-14,NA,NA,NA,NA,NA
1961-09-15,NA,NA,NA,NA,NA
1961-09-16,NA,NA,NA,NA,NA
1961-09-17,NA,NA,NA,NA,NA
1961-09-18,NA,NA,NA,NA,NA
1961-09-19,NA,NA,NA,NA,NA
1961-09-20,NA,NA,NA,NA,NA
1961-09-21,NA,NA,NA,NA,NA
1961-09-22,NA,NA,NA,NA,NA
1961-09-23,NA,NA,NA,NA,NA
1961-09-24,NA,NA,NA,NA,NA
1961-09-25,NA,NA,NA,NA,NA
1961-09-26,NA,NA,NA,NA,NA
1961-09-27,NA,NA,NA,NA,NA
1961-09-28,NA,NA,NA,NA,NA
1961-09-29,NA,NA,NA,NA,NA
1961-09-30,NA,NA,NA,NA,NA
1961-10-01,NA,NA,NA,NA,NA
1961-10-02,NA,NA,NA,NA,NA
1961-10-03,NA,NA,NA,NA,NA
1961-10-04,NA,NA,NA,NA,NA
1961-10-05,NA,NA,NA,NA,NA
1961-10-06,NA,NA,NA,NA,NA
1961-10-07,NA,NA,NA,NA,NA
1961-10-08,NA,NA,NA,NA,NA
1961-10-09,NA,NA,NA,NA,NA
1961-10-10,NA,NA,NA,NA,NA
1961-10-11,NA,NA,NA,NA,NA
1961-10-12,NA,NA,NA,NA,NA
1961-10-13,NA,NA,NA,NA,NA
1961-10-14,NA,NA,NA,NA,NA
1961-10-15,NA,NA,NA,NA,NA
1961-10-16,NA,NA,NA,NA,NA
1961-10-17,NA,NA,NA,NA,NA
1961-10-18,NA,NA,NA,NA,NA
1961-10-19,NA,NA,NA,NA,NA
1961-10-20,NA,NA,NA,NA,NA
1961-10-21,NA,NA,NA,NA,NA
1961-10-22,NA,NA,NA,NA,NA
1961-10-23,NA,NA,NA,NA,NA
1961-10-24,NA,NA,NA,NA,NA
1961-10-25,NA,NA,NA,NA,NA
1961-10-26,NA,NA,NA,NA,NA
1961-10-27,NA,NA,NA,NA,NA
1961-10-28,NA,NA,NA,NA,NA
1961-10-29,NA,NA,NA,NA,NA
1961-10-30,NA,NA,NA,NA,NA
1961-10-31,NA,NA,NA,NA,NA
1961-11-01,NA,NA,NA,NA,NA
1961-11-02,NA,NA,NA,NA,NA
1961-11-03,NA,NA,NA,NA,NA
1961-11-04,NA,NA,NA,NA,NA
1961-11-05,NA,NA,NA,NA,NA
1961-11-06,NA,NA,NA,NA,NA
1961-11-07,NA,NA,NA,NA,NA
1961-11-08,NA,NA,NA,NA,NA
1961-11-09,NA,NA,NA,NA,NA
1961-11-10,NA,NA,NA,NA,NA
1961-11-11,NA,NA,NA,NA,NA
1961-11-12,NA,NA,NA,NA,NA
1961-11-13,NA,NA,NA,NA,NA
1961-11-14,NA,NA,NA,NA,NA
1961-11-15,NA,NA,NA,NA,NA
1961-11-16,NA,NA,NA,NA,NA
1961-11-17,NA,NA,NA,NA,NA
1961-11-18,NA,NA,NA,NA,NA
1961-11-19,NA,NA,NA,NA,NA
1961-11-20,NA,NA,NA,NA,NA
1961-11-21,NA,NA,NA,NA,NA
1961-11-22,NA,NA,NA,NA,NA
1961-11-23,NA,NA,NA,NA,NA
1961-11-24,NA,NA,NA,NA,NA
1961-11-25,NA,NA,NA,NA,NA
1961-11-26,NA,NA,NA,NA,NA
1961-11-27,NA,NA,NA,NA,NA
1961-11-28,NA,NA,NA,NA,NA
1961-11-29,NA,NA,NA,NA,NA
1961-11-30,NA,NA,NA,NA,NA
1961-12-01,NA,NA,NA,NA,NA
1961-12-02,NA,NA,NA,NA,NA
1961-12-03,NA,NA,NA,NA,NA
1961-12-04,NA,NA,NA,NA,NA
1961-12-05,NA,NA,NA,NA,NA
1961-12-06,NA,NA,NA,NA,NA
1961-12-07,NA,NA,NA,NA,NA
1961-12-08,NA,NA,NA,NA,NA
1961-12-09,NA,NA,NA,NA,NA
1961-12-10,NA,NA,NA,NA,NA
1961-12-11,NA,NA,NA,NA,NA
1961-12-12,NA,NA,NA,NA,NA
1961-12-13,NA,NA,NA,NA,NA
1961-12-14,NA,NA,NA,NA,NA
1961-12-15,NA,NA,NA,NA,NA
1961-12-16,NA,NA,NA,NA,NA
1961-12-17,NA,NA,NA,NA,NA
1961-12-18,NA,NA,NA,NA,NA
1961-12-19,NA,NA,NA,NA,NA
1961-12-20,NA,NA,NA,NA,NA
1961-12-21,NA,NA,NA,NA,NA
1961-12-22,NA,NA,NA,NA,NA
1961-12-23,NA,NA,NA,NA,NA
1961-12-24,NA,NA,NA,NA,NA
1961-12-25,NA,NA,NA,NA,NA
1961-12-26,NA,NA,NA,NA,NA
1961-12-27,NA,NA,NA,NA,NA
1961-12-28,NA,NA,NA,NA,NA
1961-12-29,NA,NA,NA,NA,NA
1961-12-30,NA,NA,NA,NA,NA
1961-12-31,NA,NA,NA,NA,NA
1962-01-01,NA,NA,NA,NA,NA
1962-01-02,NA,NA,NA,NA,NA
1962-01-03,NA,NA,NA,NA,NA
1962-01-04,NA,NA,NA,NA,NA
1962-01-05,NA,NA,NA,NA,NA
1962-01-06,NA,NA,NA,NA,NA
1962-01-07,NA,NA,NA,NA,NA
1962-01-08,NA,NA,NA,NA,NA
1962-01-09,NA,NA,NA,NA,NA
1962-01-10,NA,NA,NA,NA,NA
1962-01-11,NA,NA,NA,NA,NA
1962-01-12,NA,NA,NA,NA,NA
1962-01-13,NA,NA,NA,NA,NA
1962-01-14,NA,NA,NA,NA,NA
1962-01-15,NA,NA,NA,NA,NA
1962-01-16,NA,NA,NA,NA,NA
1962-01-17,NA,NA,NA,NA,NA
1962-01-18,NA,NA,NA,NA,NA
1962-01-19,NA,NA,NA,NA,NA
1962-01-20,NA,NA,NA,NA,NA
1962-01-21,NA,NA,NA,NA,NA
1962-01-22,NA,NA,NA,NA,NA
1962-01-23,NA,NA,NA,NA,NA
1962-01-24,NA,NA,NA,NA,NA
1962-01-25,NA,NA,NA,NA,NA
1962-01-26,NA,NA,NA,NA,NA
1962-01-27,NA,NA,NA,NA,NA
1962-01-28,NA,NA,NA,NA,NA
1962-01-29,NA,NA,NA,NA,NA
1962-01-30,NA,NA,NA,NA,NA
1962-01-31,NA,NA,NA,NA,NA
1962-02-01,NA,NA,NA,NA,NA
1962-02-02,NA,NA,NA,NA,NA
1962-02-03,NA,NA,NA,NA,NA
1962-02-04,NA,NA,NA,NA,NA
1962-02-05,NA,NA,NA,NA,NA
1962-02-06,NA,NA,NA,NA,NA
1962-02-07,NA,NA,NA,NA,NA
1962-02-08,NA,NA,NA,NA,NA
1962-02-09,NA,NA,NA,NA,NA
1962-02-10,NA,NA,NA,NA,NA
1962-02-11,NA,NA,NA,NA,NA
1962-02-12,NA,NA,NA,NA,NA
1962-02-13,NA,NA,NA,NA,NA
1962-02-14,NA,NA,NA,NA,NA
1962-02-15,NA,NA,NA,NA,NA
1962-02-16,NA,NA,NA,NA,NA
1962-02-17,NA,NA,NA,NA,NA
1962-02-18,NA,NA,NA,NA,NA
1962-02-19,NA,NA,NA,NA,NA
1962-02-20,NA,NA,NA,NA,NA
1962-02-21,NA,NA,NA,NA,NA
1962-02-22,NA,NA,NA,NA,NA
1962-02-23,NA,NA,NA,NA,NA
1962-02-24,NA,NA,NA,NA,NA
1962-02-25,NA,NA,NA,NA,NA
1962-02-26,NA,NA,NA,NA,NA
1962-02-27,NA,NA,NA,NA,NA
1962-02-28,NA,NA,NA,NA,NA
1962-03-01,15.388,NA,NA,NA,285.811
1962-03-02,15.388,NA,NA,NA,285.811
1962-03-03,15.388,NA,NA,NA,285.811
1962-03-04,15.388,NA,NA,NA,285.811
1962-03-05,15.388,NA,NA,NA,285.811
1962-03-06,15.388,NA,NA,NA,285.811
1962-03-07,15.388,NA,NA,NA,285.811
1962-03-08,15.388,NA,NA,NA,285.811
1962-03-09,15.388,NA,NA,NA,285.811
1962-03-10,15.388,NA,NA,NA,285.811
1962-03-11,15.388,NA,NA,NA,285.811
1962-03-12,15.388,NA,NA,NA,285.811
1962-03-13,15.388,NA,NA,NA,285.811
1962-03-14,15.388,NA,NA,NA,285.811
1962-03-15,15.388,NA,NA,NA,285.811
1962-03-16,15.388,NA,NA,NA,285.811
1962-03-17,15.388,NA,NA,NA,285.811
1962-03-18,15.388,NA,NA,NA,285.811
1962-03-19,15.388,NA,NA,NA,285.811
1962-03-20,15.388,NA,NA,NA,285.811
1962-03-21,15.388,NA,NA,NA,285.811
1962-03-22,15.388,NA,NA,NA,285.811
1962-03-23,14.863,NA,NA,NA,285.78
1962-03-24,15.388,NA,NA,NA,285.811
1962-03-25,15.65,NA,NA,NA,285.826
1962-03-26,16.175,NA,NA,NA,285.857
1962-03-27,16.436,NA,NA,NA,285.872
1962-03-28,16.699,NA,NA,NA,285.887
1962-03-29,16.96,NA,NA,NA,285.902
1962-03-30,17.731,NA,NA,NA,285.933
1962-03-31,20.044,NA,NA,NA,286.024
1962-04-01,23.128,NA,NA,NA,286.146
1962-04-02,27.352,NA,NA,NA,286.299
1962-04-03,30.93,NA,NA,NA,286.421
1962-04-04,35.524,NA,NA,NA,286.573
1962-04-05,39.348,NA,NA,NA,286.695
1962-04-06,37.436,NA,NA,NA,286.634
1962-04-07,38.392,NA,NA,NA,286.664
1962-04-08,40.304,NA,NA,NA,286.725
1962-04-09,41.26,NA,NA,NA,286.756
1962-04-10,39.827,NA,NA,NA,286.71
1962-04-11,39.348,NA,NA,NA,286.695
1962-04-12,38.392,NA,NA,NA,286.664
1962-04-13,37.915,NA,NA,NA,286.649
1962-04-14,37.915,NA,NA,NA,286.649
1962-04-15,37.915,NA,NA,NA,286.649
1962-04-16,37.724,NA,NA,NA,286.643
1962-04-17,37.532,NA,NA,NA,286.637
1962-04-18,37.341,NA,NA,NA,286.631
1962-04-19,37.15,NA,NA,NA,286.625
1962-04-20,36.959,NA,NA,NA,286.619
1962-04-21,36.768,NA,NA,NA,286.613
1962-04-22,36.48,NA,NA,NA,286.603
1962-04-23,36.003,NA,NA,NA,286.588
1962-04-24,35.524,NA,NA,NA,286.573
1962-04-25,35.238,NA,NA,NA,286.564
1962-04-26,35.047,NA,NA,NA,286.558
1962-04-27,34.377,NA,NA,NA,286.536
1962-04-28,33.255,NA,NA,NA,286.5
1962-04-29,32.987,NA,NA,NA,286.491
1962-04-30,33.612,NA,NA,NA,286.512
1962-05-01,34.282,NA,NA,NA,286.533
1962-05-02,32.718,NA,NA,NA,286.482
1962-05-03,32.003,NA,NA,NA,286.457
1962-05-04,31.466,NA,NA,NA,286.439
1962-05-05,30.93,NA,NA,NA,286.421
1962-05-06,30.841,NA,NA,NA,286.418
1962-05-07,30.393,NA,NA,NA,286.402
1962-05-08,29.589,NA,NA,NA,286.375
1962-05-09,29.768,NA,NA,NA,286.381
1962-05-10,29.141,NA,NA,NA,286.36
1962-05-11,29.768,NA,NA,NA,286.381
1962-05-12,28.873,NA,NA,NA,286.35
1962-05-13,29.141,NA,NA,NA,286.36
1962-05-14,29.41,NA,NA,NA,286.369
1962-05-15,29.41,NA,NA,NA,286.369
1962-05-16,28.873,NA,NA,NA,286.35
1962-05-17,27.979,NA,NA,NA,286.32
1962-05-18,27.531,NA,NA,NA,286.305
1962-05-19,28.247,NA,NA,NA,286.329
1962-05-20,28.694,NA,NA,NA,286.344
1962-05-21,29.589,NA,NA,NA,286.375
1962-05-22,28.694,NA,NA,NA,286.344
1962-05-23,28.068,NA,NA,NA,286.323
1962-05-24,35.715,NA,NA,NA,286.579
1962-05-25,33.166,NA,NA,NA,286.497
1962-05-26,35.238,NA,NA,NA,286.564
1962-05-27,37.436,NA,NA,NA,286.634
1962-05-28,38.774,NA,NA,NA,286.677
1962-05-29,39.062,NA,NA,NA,286.686
1962-05-30,39.348,NA,NA,NA,286.695
1962-05-31,39.539,NA,NA,NA,286.701
1962-06-01,38.392,NA,NA,NA,286.664
1962-06-02,37.627,NA,NA,NA,286.64
1962-06-03,37.245,NA,NA,NA,286.628
1962-06-04,37.436,NA,NA,NA,286.634
1962-06-05,37.436,NA,NA,NA,286.634
1962-06-06,36.959,NA,NA,NA,286.619
1962-06-07,36.863,NA,NA,NA,286.616
1962-06-08,37.245,NA,NA,NA,286.628
1962-06-09,36.959,NA,NA,NA,286.619
1962-06-10,36.959,NA,NA,NA,286.619
1962-06-11,36.959,NA,NA,NA,286.619
1962-06-12,36.576,NA,NA,NA,286.606
1962-06-13,36.48,NA,NA,NA,286.603
1962-06-14,36.576,NA,NA,NA,286.606
1962-06-15,36.289,NA,NA,NA,286.597
1962-06-16,36.385,NA,NA,NA,286.6
1962-06-17,36.48,NA,NA,NA,286.603
1962-06-18,38.106,NA,NA,NA,286.655
1962-06-19,36.48,NA,NA,NA,286.603
1962-06-20,36.576,NA,NA,NA,286.606
1962-06-21,36.194,NA,NA,NA,286.594
1962-06-22,36.48,NA,NA,NA,286.603
1962-06-23,36.671,NA,NA,NA,286.61
1962-06-24,36.48,NA,NA,NA,286.603
1962-06-25,36.194,NA,NA,NA,286.594
1962-06-26,35.907,NA,NA,NA,286.585
1962-06-27,35.238,NA,NA,NA,286.564
1962-06-28,34.856,NA,NA,NA,286.552
1962-06-29,34.951,NA,NA,NA,286.555
1962-06-30,34.091,NA,NA,NA,286.527
1962-07-01,33.166,NA,NA,NA,286.497
1962-07-02,34.759,NA,NA,NA,286.549
1962-07-03,34.377,NA,NA,NA,286.536
1962-07-04,35.047,NA,NA,NA,286.558
1962-07-05,36.098,NA,NA,NA,286.591
1962-07-06,35.62,NA,NA,NA,286.576
1962-07-07,36.098,NA,NA,NA,286.591
1962-07-08,37.15,NA,NA,NA,286.625
1962-07-09,36.48,NA,NA,NA,286.603
1962-07-10,38.297,NA,NA,NA,286.661
1962-07-11,39.827,NA,NA,NA,286.71
1962-07-12,40.974,NA,NA,NA,286.747
1962-07-13,40.686,NA,NA,NA,286.738
1962-07-14,40.783,NA,NA,NA,286.741
1962-07-15,41.26,NA,NA,NA,286.756
1962-07-16,41.26,NA,NA,NA,286.756
1962-07-17,41.165,NA,NA,NA,286.753
1962-07-18,40.783,NA,NA,NA,286.741
1962-07-19,40.4,NA,NA,NA,286.728
1962-07-20,41.93,NA,NA,NA,286.777
1962-07-21,34.568,NA,NA,NA,286.542
1962-07-22,36.098,NA,NA,NA,286.591
1962-07-23,37.915,NA,NA,NA,286.649
1962-07-24,38.01,NA,NA,NA,286.652
1962-07-25,37.915,NA,NA,NA,286.649
1962-07-26,36.098,NA,NA,NA,286.591
1962-07-27,35.047,NA,NA,NA,286.558
1962-07-28,34.377,NA,NA,NA,286.536
1962-07-29,34.377,NA,NA,NA,286.536
1962-07-30,41.642,NA,NA,NA,286.768
1962-07-31,40.304,NA,NA,NA,286.725
1962-08-01,39.157,NA,NA,NA,286.689
1962-08-02,38.106,NA,NA,NA,286.655
1962-08-03,37.15,NA,NA,NA,286.625
1962-08-04,36.289,NA,NA,NA,286.597
1962-08-05,35.333,NA,NA,NA,286.567
1962-08-06,35.047,NA,NA,NA,286.558
1962-08-07,34.568,NA,NA,NA,286.542
1962-08-08,33.612,NA,NA,NA,286.512
1962-08-09,32.36,NA,NA,NA,286.469
1962-08-10,31.645,NA,NA,NA,286.445
1962-08-11,32.093,NA,NA,NA,286.46
1962-08-12,33.076,NA,NA,NA,286.494
1962-08-13,30.572,NA,NA,NA,286.408
1962-08-14,29.768,NA,NA,NA,286.381
1962-08-15,29.856,NA,NA,NA,286.384
1962-08-16,29.141,NA,NA,NA,286.36
1962-08-17,27.979,NA,NA,NA,286.32
1962-08-18,27.531,NA,NA,NA,286.305
1962-08-19,27.174,NA,NA,NA,286.293
1962-08-20,26.995,NA,NA,NA,286.286
1962-08-21,26.458,NA,NA,NA,286.268
1962-08-22,25.922,NA,NA,NA,286.25
1962-08-23,26.012,NA,NA,NA,286.253
1962-08-24,25.475,NA,NA,NA,286.235
1962-08-25,25.027,NA,NA,NA,286.219
1962-08-26,24.439,NA,NA,NA,286.198
1962-08-27,24.053,NA,NA,NA,286.183
1962-08-28,24.207,NA,NA,NA,286.189
1962-08-29,23.668,NA,NA,NA,286.168
1962-08-30,23.668,NA,NA,NA,286.168
1962-08-31,23.744,NA,NA,NA,286.171
1962-09-01,23.282,NA,NA,NA,286.152
1962-09-02,23.282,NA,NA,NA,286.152
1962-09-03,24.285,NA,NA,NA,286.192
1962-09-04,23.128,NA,NA,NA,286.146
1962-09-05,22.589,NA,NA,NA,286.125
1962-09-06,22.126,NA,NA,NA,286.107
1962-09-07,22.048,NA,NA,NA,286.104
1962-09-08,21.818,NA,NA,NA,286.094
1962-09-09,23.436,NA,NA,NA,286.158
1962-09-10,25.117,NA,NA,NA,286.222
1962-09-11,21.509,NA,NA,NA,286.082
1962-09-12,22.819,NA,NA,NA,286.134
1962-09-13,23.051,NA,NA,NA,286.143
1962-09-14,22.357,NA,NA,NA,286.116
1962-09-15,22.048,NA,NA,NA,286.104
1962-09-16,22.897,NA,NA,NA,286.137
1962-09-17,22.28,NA,NA,NA,286.113
1962-09-18,22.048,NA,NA,NA,286.104
1962-09-19,22.048,NA,NA,NA,286.104
1962-09-20,21.432,NA,NA,NA,286.079
1962-09-21,21.355,NA,NA,NA,286.076
1962-09-22,21.201,NA,NA,NA,286.07
1962-09-23,20.661,NA,NA,NA,286.049
1962-09-24,21.74,NA,NA,NA,286.091
1962-09-25,20.969,NA,NA,NA,286.061
1962-09-26,21.432,NA,NA,NA,286.079
1962-09-27,20.661,NA,NA,NA,286.049
1962-09-28,20.198,NA,NA,NA,286.03
1962-09-29,19.736,NA,NA,NA,286.012
1962-09-30,21.123,NA,NA,NA,286.067
1962-10-01,20.815,NA,NA,NA,286.055
1962-10-02,20.893,NA,NA,NA,286.058
1962-10-03,20.893,NA,NA,NA,286.058
1962-10-04,20.738,NA,NA,NA,286.052
1962-10-05,20.352,NA,NA,NA,286.037
1962-10-06,20.198,NA,NA,NA,286.03
1962-10-07,20.352,NA,NA,NA,286.037
1962-10-08,21.047,NA,NA,NA,286.064
1962-10-09,21.201,NA,NA,NA,286.07
1962-10-10,20.815,NA,NA,NA,286.055
1962-10-11,20.584,NA,NA,NA,286.046
1962-10-12,20.276,NA,NA,NA,286.033
1962-10-13,20.43,NA,NA,NA,286.04
1962-10-14,20.352,NA,NA,NA,286.037
1962-10-15,19.89,NA,NA,NA,286.018
1962-10-16,22.357,NA,NA,NA,286.116
1962-10-17,19.505,NA,NA,NA,286.003
1962-10-18,19.273,NA,NA,NA,285.994
1962-10-19,19.736,NA,NA,NA,286.012
1962-10-20,19.89,NA,NA,NA,286.018
1962-10-21,19.89,NA,NA,NA,286.018
1962-10-22,19.89,NA,NA,NA,286.018
1962-10-23,19.89,NA,NA,NA,286.018
1962-10-24,20.044,NA,NA,NA,286.024
1962-10-25,20.044,NA,NA,NA,286.024
1962-10-26,20.044,NA,NA,NA,286.024
1962-10-27,20.044,NA,NA,NA,286.024
1962-10-28,20.43,NA,NA,NA,286.04
1962-10-29,20.43,NA,NA,NA,286.04
1962-10-30,21.047,NA,NA,NA,286.064
1962-10-31,18.272,NA,NA,NA,285.954
1962-11-01,18.272,NA,NA,NA,285.954
1962-11-02,18.734,NA,NA,NA,285.973
1962-11-03,18.194,NA,NA,NA,285.951
1962-11-04,20.584,NA,NA,NA,286.046
1962-11-05,17.346,NA,NA,NA,285.918
1962-11-06,17.731,NA,NA,NA,285.933
1962-11-07,20.43,NA,NA,NA,286.04
1962-11-08,17.115,NA,NA,NA,285.908
1962-11-09,17.346,NA,NA,NA,285.918
1962-11-10,17.731,NA,NA,NA,285.933
1962-11-11,18.734,NA,NA,NA,285.973
1962-11-12,17.577,NA,NA,NA,285.927
1962-11-13,17.809,NA,NA,NA,285.936
1962-11-14,17.963,NA,NA,NA,285.942
1962-11-15,17.885,NA,NA,NA,285.939
1962-11-16,18.117,NA,NA,NA,285.948
1962-11-17,18.04,NA,NA,NA,285.945
1962-11-18,17.655,NA,NA,NA,285.93
1962-11-19,17.501,NA,NA,NA,285.924
1962-11-20,18.888,NA,NA,NA,285.979
1962-11-21,17.885,NA,NA,NA,285.939
1962-11-22,17.346,NA,NA,NA,285.918
1962-11-23,18.272,NA,NA,NA,285.954
1962-11-24,17.655,NA,NA,NA,285.93
1962-11-25,17.731,NA,NA,NA,285.933
1962-11-26,17.731,NA,NA,NA,285.933
1962-11-27,17.346,NA,NA,NA,285.918
1962-11-28,17.346,NA,NA,NA,285.918
1962-11-29,17.577,NA,NA,NA,285.927
1962-11-30,17.963,NA,NA,NA,285.942
1962-12-01,17.192,NA,NA,NA,285.912
1962-12-02,17.963,NA,NA,NA,285.942
1962-12-03,16.699,NA,NA,NA,285.887
1962-12-04,18.502,NA,NA,NA,285.963
1962-12-05,20.352,NA,NA,NA,286.037
1962-12-06,16.804,NA,NA,NA,285.893
1962-12-07,16.804,NA,NA,NA,285.893
1962-12-08,17.038,NA,NA,NA,285.905
1962-12-09,16.856,NA,NA,NA,285.896
1962-12-10,16.856,NA,NA,NA,285.896
1962-12-11,16.96,NA,NA,NA,285.902
1962-12-12,16.804,NA,NA,NA,285.893
1962-12-13,16.856,NA,NA,NA,285.896
1962-12-14,16.804,NA,NA,NA,285.893
1962-12-15,16.804,NA,NA,NA,285.893
1962-12-16,16.751,NA,NA,NA,285.89
1962-12-17,16.751,NA,NA,NA,285.89
1962-12-18,16.751,NA,NA,NA,285.89
1962-12-19,16.804,NA,NA,NA,285.893
1962-12-20,16.751,NA,NA,NA,285.89
1962-12-21,16.751,NA,NA,NA,285.89
1962-12-22,16.751,NA,NA,NA,285.89
1962-12-23,16.856,NA,NA,NA,285.896
1962-12-24,16.699,NA,NA,NA,285.887
1962-12-25,16.699,NA,NA,NA,285.887
1962-12-26,16.646,NA,NA,NA,285.884
1962-12-27,16.646,NA,NA,NA,285.884
1962-12-28,16.594,NA,NA,NA,285.881
1962-12-29,16.699,NA,NA,NA,285.887
1962-12-30,16.699,NA,NA,NA,285.887
1962-12-31,16.699,NA,NA,NA,285.887
1963-01-01,16.594,NA,NA,NA,285.881
1963-01-02,16.541,NA,NA,NA,285.878
1963-01-03,16.436,NA,NA,NA,285.872
1963-01-04,16.331,NA,NA,NA,285.866
1963-01-05,16.279,NA,NA,NA,285.863
1963-01-06,16.175,NA,NA,NA,285.857
1963-01-07,16.175,NA,NA,NA,285.857
1963-01-08,16.122,NA,NA,NA,285.854
1963-01-09,16.07,NA,NA,NA,285.851
1963-01-10,16.017,NA,NA,NA,285.848
1963-01-11,15.965,NA,NA,NA,285.844
1963-01-12,15.912,NA,NA,NA,285.841
1963-01-13,15.912,NA,NA,NA,285.841
1963-01-14,15.912,NA,NA,NA,285.841
1963-01-15,15.912,NA,NA,NA,285.841
1963-01-16,15.807,NA,NA,NA,285.835
1963-01-17,15.755,NA,NA,NA,285.832
1963-01-18,15.755,NA,NA,NA,285.832
1963-01-19,15.702,NA,NA,NA,285.829
1963-01-20,15.65,NA,NA,NA,285.826
1963-01-21,NA,NA,NA,NA,NA
1963-01-22,NA,NA,NA,NA,NA
1963-01-23,NA,NA,NA,NA,NA
1963-01-24,NA,NA,NA,NA,NA
1963-01-25,NA,NA,NA,NA,NA
1963-01-26,NA,NA,NA,NA,NA
1963-01-27,NA,NA,NA,NA,NA
1963-01-28,NA,NA,NA,NA,NA
1963-01-29,NA,NA,NA,NA,NA
1963-01-30,NA,NA,NA,NA,NA
1963-01-31,NA,NA,NA,NA,NA
1963-02-01,NA,NA,NA,NA,NA
1963-02-02,NA,NA,NA,NA,NA
1963-02-03,NA,NA,NA,NA,NA
1963-02-04,NA,NA,NA,NA,NA
1963-02-05,NA,NA,NA,NA,NA
1963-02-06,NA,NA,NA,NA,NA
1963-02-07,NA,NA,NA,NA,NA
1963-02-08,NA,NA,NA,NA,NA
1963-02-09,NA,NA,NA,NA,NA
1963-02-10,NA,NA,NA,NA,NA
1963-02-11,NA,NA,NA,NA,NA
1963-02-12,NA,NA,NA,NA,NA
1963-02-13,NA,NA,NA,NA,NA
1963-02-14,NA,NA,NA,NA,NA
1963-02-15,NA,NA,NA,NA,NA
1963-02-16,NA,NA,NA,NA,NA
1963-02-17,NA,NA,NA,NA,NA
1963-02-18,NA,NA,NA,NA,NA
1963-02-19,NA,NA,NA,NA,NA
1963-02-20,NA,NA,NA,NA,NA
1963-02-21,NA,NA,NA,NA,NA
1963-02-22,NA,NA,NA,NA,NA
1963-02-23,NA,NA,NA,NA,NA
1963-02-24,NA,NA,NA,NA,NA
1963-02-25,NA,NA,NA,NA,NA
1963-02-26,NA,NA,NA,NA,NA
1963-02-27,NA,NA,NA,NA,NA
1963-02-28,NA,NA,NA,NA,NA
1963-03-01,NA,NA,NA,NA,NA
1963-03-02,NA,NA,NA,NA,NA
1963-03-03,NA,NA,NA,NA,NA
1963-03-04,NA,NA,NA,NA,NA
1963-03-05,NA,NA,NA,NA,NA
1963-03-06,NA,NA,NA,NA,NA
1963-03-07,NA,NA,NA,NA,NA
1963-03-08,NA,NA,NA,NA,NA
1963-03-09,NA,NA,NA,NA,NA
1963-03-10,NA,NA,NA,NA,NA
1963-03-11,NA,NA,NA,NA,NA
1963-03-12,NA,NA,NA,NA,NA
1963-03-13,NA,NA,NA,NA,NA
1963-03-14,NA,NA,NA,NA,NA
1963-03-15,NA,NA,NA,NA,NA
1963-03-16,NA,NA,NA,NA,NA
1963-03-17,NA,NA,NA,NA,NA
1963-03-18,NA,NA,NA,NA,NA
1963-03-19,NA,NA,NA,NA,NA
1963-03-20,NA,NA,NA,NA,NA
1963-03-21,NA,NA,NA,NA,NA
1963-03-22,NA,NA,NA,NA,NA
1963-03-23,NA,NA,NA,NA,NA
1963-03-24,NA,NA,NA,NA,NA
1963-03-25,NA,NA,NA,NA,NA
1963-03-26,NA,NA,NA,NA,NA
1963-03-27,NA,NA,NA,NA,NA
1963-03-28,NA,NA,NA,NA,NA
1963-03-29,NA,NA,NA,NA,NA
1963-03-30,NA,NA,NA,NA,NA
1963-03-31,NA,NA,NA,NA,NA
1963-04-01,NA,NA,NA,NA,NA
1963-04-02,NA,NA,NA,NA,NA
1963-04-03,NA,NA,NA,NA,NA
1963-04-04,NA,NA,NA,NA,NA
1963-04-05,NA,NA,NA,NA,NA
1963-04-06,NA,NA,NA,NA,NA
1963-04-07,NA,NA,NA,NA,NA
1963-04-08,NA,NA,NA,NA,NA
1963-04-09,NA,NA,NA,NA,NA
1963-04-10,NA,NA,NA,NA,NA
1963-04-11,NA,NA,NA,NA,NA
1963-04-12,NA,NA,NA,NA,NA
1963-04-13,NA,NA,NA,NA,NA
1963-04-14,NA,NA,NA,NA,NA
1963-04-15,NA,NA,NA,NA,NA
1963-04-16,NA,NA,NA,NA,NA
1963-04-17,NA,NA,NA,NA,NA
1963-04-18,NA,NA,NA,NA,NA
1963-04-19,NA,NA,NA,NA,NA
1963-04-20,NA,NA,NA,NA,NA
1963-04-21,NA,NA,NA,NA,NA
1963-04-22,NA,NA,NA,NA,NA
1963-04-23,NA,NA,NA,NA,NA
1963-04-24,NA,NA,NA,NA,NA
1963-04-25,NA,NA,NA,NA,NA
1963-04-26,NA,NA,NA,NA,NA
1963-04-27,NA,NA,NA,NA,NA
1963-04-28,NA,NA,NA,NA,NA
1963-04-29,NA,NA,NA,NA,NA
1963-04-30,NA,NA,NA,NA,NA
1963-05-01,NA,NA,NA,NA,NA
1963-05-02,NA,NA,NA,NA,NA
1963-05-03,NA,NA,NA,NA,NA
1963-05-04,NA,NA,NA,NA,NA
1963-05-05,NA,NA,NA,NA,NA
1963-05-06,NA,NA,NA,NA,NA
1963-05-07,NA,NA,NA,NA,NA
1963-05-08,NA,NA,NA,NA,NA
1963-05-09,NA,NA,NA,NA,NA
1963-05-10,NA,NA,NA,NA,NA
1963-05-11,NA,NA,NA,NA,NA
1963-05-12,NA,NA,NA,NA,NA
1963-05-13,NA,NA,NA,NA,NA
1963-05-14,NA,NA,NA,NA,NA
1963-05-15,NA,NA,NA,NA,NA
1963-05-16,NA,NA,NA,NA,NA
1963-05-17,NA,NA,NA,NA,NA
1963-05-18,NA,NA,NA,NA,NA
1963-05-19,NA,NA,NA,NA,NA
1963-05-20,NA,NA,NA,NA,NA
1963-05-21,NA,NA,NA,NA,NA
1963-05-22,NA,NA,NA,NA,NA
1963-05-23,NA,NA,NA,NA,NA
1963-05-24,NA,NA,NA,NA,NA
1963-05-25,NA,NA,NA,NA,NA
1963-05-26,NA,NA,NA,NA,NA
1963-05-27,NA,NA,NA,NA,NA
1963-05-28,NA,NA,NA,NA,NA
1963-05-29,NA,NA,NA,NA,NA
1963-05-30,NA,NA,NA,NA,NA
1963-05-31,NA,NA,NA,NA,NA
1963-06-01,NA,NA,NA,NA,NA
1963-06-02,NA,NA,NA,NA,NA
1963-06-03,NA,NA,NA,NA,NA
1963-06-04,NA,NA,NA,NA,NA
1963-06-05,NA,NA,NA,NA,NA
1963-06-06,NA,NA,NA,NA,NA
1963-06-07,NA,NA,NA,NA,NA
1963-06-08,NA,NA,NA,NA,NA
1963-06-09,NA,NA,NA,NA,NA
1963-06-10,NA,NA,NA,NA,NA
1963-06-11,NA,NA,NA,NA,NA
1963-06-12,NA,NA,NA,NA,NA
1963-06-13,NA,NA,NA,NA,NA
1963-06-14,NA,NA,NA,NA,NA
1963-06-15,NA,NA,NA,NA,NA
1963-06-16,NA,NA,NA,NA,NA
1963-06-17,NA,NA,NA,NA,NA
1963-06-18,NA,NA,NA,NA,NA
1963-06-19,NA,NA,NA,NA,NA
1963-06-20,NA,NA,NA,NA,NA
1963-06-21,NA,NA,NA,NA,NA
1963-06-22,NA,NA,NA,NA,NA
1963-06-23,NA,NA,NA,NA,NA
1963-06-24,NA,NA,NA,NA,NA
1963-06-25,NA,NA,NA,NA,NA
1963-06-26,NA,NA,NA,NA,NA
1963-06-27,NA,NA,NA,NA,NA
1963-06-28,NA,NA,NA,NA,NA
1963-06-29,NA,NA,NA,NA,NA
1963-06-30,NA,NA,NA,NA,NA
1963-07-01,NA,NA,NA,NA,NA
1963-07-02,NA,NA,NA,NA,NA
1963-07-03,NA,NA,NA,NA,NA
1963-07-04,NA,NA,NA,NA,NA
1963-07-05,NA,NA,NA,NA,NA
1963-07-06,NA,NA,NA,NA,NA
1963-07-07,NA,NA,NA,NA,NA
1963-07-08,NA,NA,NA,NA,NA
1963-07-09,NA,NA,NA,NA,NA
1963-07-10,NA,NA,NA,NA,NA
1963-07-11,NA,NA,NA,NA,NA
1963-07-12,NA,NA,NA,NA,NA
1963-07-13,NA,NA,NA,NA,NA
1963-07-14,NA,NA,NA,NA,NA
1963-07-15,NA,NA,NA,NA,NA
1963-07-16,NA,NA,NA,NA,NA
1963-07-17,NA,NA,NA,NA,NA
1963-07-18,NA,NA,NA,NA,NA
1963-07-19,NA,NA,NA,NA,NA
1963-07-20,NA,NA,NA,NA,NA
1963-07-21,NA,NA,NA,NA,NA
1963-07-22,NA,NA,NA,NA,NA
1963-07-23,NA,NA,NA,NA,NA
1963-07-24,NA,NA,NA,NA,NA
1963-07-25,NA,NA,NA,NA,NA
1963-07-26,NA,NA,NA,NA,NA
1963-07-27,NA,NA,NA,NA,NA
1963-07-28,NA,NA,NA,NA,NA
1963-07-29,NA,NA,NA,NA,NA
1963-07-30,NA,NA,NA,NA,NA
1963-07-31,NA,NA,NA,NA,NA
1963-08-01,NA,NA,NA,NA,NA
1963-08-02,NA,NA,NA,NA,NA
1963-08-03,NA,NA,NA,NA,NA
1963-08-04,NA,NA,NA,NA,NA
1963-08-05,NA,NA,NA,NA,NA
1963-08-06,NA,NA,NA,NA,NA
1963-08-07,NA,NA,NA,NA,NA
1963-08-08,NA,NA,NA,NA,NA
1963-08-09,NA,NA,NA,NA,NA
1963-08-10,NA,NA,NA,NA,NA
1963-08-11,NA,NA,NA,NA,NA
1963-08-12,NA,NA,NA,NA,NA
1963-08-13,NA,NA,NA,NA,NA
1963-08-14,NA,NA,NA,NA,NA
1963-08-15,NA,NA,NA,NA,NA
1963-08-16,NA,NA,NA,NA,NA
1963-08-17,NA,NA,NA,NA,NA
1963-08-18,NA,NA,NA,NA,NA
1963-08-19,NA,NA,NA,NA,NA
1963-08-20,NA,NA,NA,NA,NA
1963-08-21,NA,NA,NA,NA,NA
1963-08-22,NA,NA,NA,NA,NA
1963-08-23,NA,NA,NA,NA,NA
1963-08-24,NA,NA,NA,NA,NA
1963-08-25,NA,NA,NA,NA,NA
1963-08-26,NA,NA,NA,NA,NA
1963-08-27,NA,NA,NA,NA,NA
1963-08-28,NA,NA,NA,NA,NA
1963-08-29,NA,NA,NA,NA,NA
1963-08-30,NA,NA,NA,NA,NA
1963-08-31,NA,NA,NA,NA,NA
1963-09-01,NA,NA,NA,NA,NA
1963-09-02,NA,NA,NA,NA,NA
1963-09-03,NA,NA,NA,NA,NA
1963-09-04,NA,NA,NA,NA,NA
1963-09-05,NA,NA,NA,NA,NA
1963-09-06,NA,NA,NA,NA,NA
1963-09-07,NA,NA,NA,NA,NA
1963-09-08,NA,NA,NA,NA,NA
1963-09-09,NA,NA,NA,NA,NA
1963-09-10,NA,NA,NA,NA,NA
1963-09-11,NA,NA,NA,NA,NA
1963-09-12,NA,NA,NA,NA,NA
1963-09-13,NA,NA,NA,NA,NA
1963-09-14,NA,NA,NA,NA,NA
1963-09-15,NA,NA,NA,NA,NA
1963-09-16,NA,NA,NA,NA,NA
1963-09-17,NA,NA,NA,NA,NA
1963-09-18,NA,NA,NA,NA,NA
1963-09-19,NA,NA,NA,NA,NA
1963-09-20,NA,NA,NA,NA,NA
1963-09-21,NA,NA,NA,NA,NA
1963-09-22,NA,NA,NA,NA,NA
1963-09-23,NA,NA,NA,NA,NA
1963-09-24,NA,NA,NA,NA,NA
1963-09-25,NA,NA,NA,NA,NA
1963-09-26,NA,NA,NA,NA,NA
1963-09-27,NA,NA,NA,NA,NA
1963-09-28,NA,NA,NA,NA,NA
1963-09-29,NA,NA,NA,NA,NA
1963-09-30,NA,NA,NA,NA,NA
1963-10-01,NA,NA,NA,NA,NA
1963-10-02,NA,NA,NA,NA,NA
1963-10-03,NA,NA,NA,NA,NA
1963-10-04,NA,NA,NA,NA,NA
1963-10-05,NA,NA,NA,NA,NA
1963-10-06,NA,NA,NA,NA,NA
1963-10-07,NA,NA,NA,NA,NA
1963-10-08,NA,NA,NA,NA,NA
1963-10-09,NA,NA,NA,NA,NA
1963-10-10,NA,NA,NA,NA,NA
1963-10-11,NA,NA,NA,NA,NA
1963-10-12,NA,NA,NA,NA,NA
1963-10-13,NA,NA,NA,NA,NA
1963-10-14,NA,NA,NA,NA,NA
1963-10-15,NA,NA,NA,NA,NA
1963-10-16,NA,NA,NA,NA,NA
1963-10-17,NA,NA,NA,NA,NA
1963-10-18,NA,NA,NA,NA,NA
1963-10-19,NA,NA,NA,NA,NA
1963-10-20,NA,NA,NA,NA,NA
1963-10-21,NA,NA,NA,NA,NA
1963-10-22,NA,NA,NA,NA,NA
1963-10-23,NA,NA,NA,NA,NA
1963-10-24,NA,NA,NA,NA,NA
1963-10-25,NA,NA,NA,NA,NA
1963-10-26,NA,NA,NA,NA,NA
1963-10-27,NA,NA,NA,NA,NA
1963-10-28,NA,NA,NA,NA,NA
1963-10-29,NA,NA,NA,NA,NA
1963-10-30,NA,NA,NA,NA,NA
1963-10-31,NA,NA,NA,NA,NA
1963-11-01,NA,NA,NA,NA,NA
1963-11-02,NA,NA,NA,NA,NA
1963-11-03,NA,NA,NA,NA,NA
1963-11-04,NA,NA,NA,NA,NA
1963-11-05,NA,NA,NA,NA,NA
1963-11-06,NA,NA,NA,NA,NA
1963-11-07,NA,NA,NA,NA,NA
1963-11-08,NA,NA,NA,NA,NA
1963-11-09,NA,NA,NA,NA,NA
1963-11-10,NA,NA,NA,NA,NA
1963-11-11,NA,NA,NA,NA,NA
1963-11-12,NA,NA,NA,NA,NA
1963-11-13,NA,NA,NA,NA,NA
1963-11-14,NA,NA,NA,NA,NA
1963-11-15,NA,NA,NA,NA,NA
1963-11-16,NA,NA,NA,NA,NA
1963-11-17,NA,NA,NA,NA,NA
1963-11-18,NA,NA,NA,NA,NA
1963-11-19,NA,NA,NA,NA,NA
1963-11-20,NA,NA,NA,NA,NA
1963-11-21,NA,NA,NA,NA,NA
1963-11-22,NA,NA,NA,NA,NA
1963-11-23,NA,NA,NA,NA,NA
1963-11-24,NA,NA,NA,NA,NA
1963-11-25,NA,NA,NA,NA,NA
1963-11-26,NA,NA,NA,NA,NA
1963-11-27,NA,NA,NA,NA,NA
1963-11-28,NA,NA,NA,NA,NA
1963-11-29,NA,NA,NA,NA,NA
1963-11-30,NA,NA,NA,NA,NA
1963-12-01,NA,NA,NA,NA,NA
1963-12-02,NA,NA,NA,NA,NA
1963-12-03,NA,NA,NA,NA,NA
1963-12-04,NA,NA,NA,NA,NA
1963-12-05,NA,NA,NA,NA,NA
1963-12-06,NA,NA,NA,NA,NA
1963-12-07,NA,NA,NA,NA,NA
1963-12-08,NA,NA,NA,NA,NA
1963-12-09,NA,NA,NA,NA,NA
1963-12-10,NA,NA,NA,NA,NA
1963-12-11,NA,NA,NA,NA,NA
1963-12-12,NA,NA,NA,NA,NA
1963-12-13,NA,NA,NA,NA,NA
1963-12-14,NA,NA,NA,NA,NA
1963-12-15,NA,NA,NA,NA,NA
1963-12-16,NA,NA,NA,NA,NA
1963-12-17,NA,NA,NA,NA,NA
1963-12-18,NA,NA,NA,NA,NA
1963-12-19,NA,NA,NA,NA,NA
1963-12-20,NA,NA,NA,NA,NA
1963-12-21,NA,NA,NA,NA,NA
1963-12-22,NA,NA,NA,NA,NA
1963-12-23,NA,NA,NA,NA,NA
1963-12-24,NA,NA,NA,NA,NA
1963-12-25,NA,NA,NA,NA,NA
1963-12-26,NA,NA,NA,NA,NA
1963-12-27,NA,NA,NA,NA,NA
1963-12-28,NA,NA,NA,NA,NA
1963-12-29,NA,NA,NA,NA,NA
1963-12-30,NA,NA,NA,NA,NA
1963-12-31,NA,NA,NA,NA,NA
1964-01-01,15.912,NA,NA,NA,285.841
1964-01-02,15.912,NA,NA,NA,285.841
1964-01-03,15.912,NA,NA,NA,285.841
1964-01-04,15.912,NA,NA,NA,285.841
1964-01-05,15.912,NA,NA,NA,285.841
1964-01-06,15.912,NA,NA,NA,285.841
1964-01-07,15.912,NA,NA,NA,285.841
1964-01-08,15.912,NA,NA,NA,285.841
1964-01-09,15.912,NA,NA,NA,285.841
1964-01-10,15.912,NA,NA,NA,285.841
1964-01-11,15.912,NA,NA,NA,285.841
1964-01-12,15.912,NA,NA,NA,285.841
1964-01-13,15.912,NA,NA,NA,285.841
1964-01-14,15.912,NA,NA,NA,285.841
1964-01-15,15.912,NA,NA,NA,285.841
1964-01-16,15.912,NA,NA,NA,285.841
1964-01-17,15.807,NA,NA,NA,285.835
1964-01-18,15.807,NA,NA,NA,285.835
1964-01-19,15.807,NA,NA,NA,285.835
1964-01-20,15.807,NA,NA,NA,285.835
1964-01-21,15.807,NA,NA,NA,285.835
1964-01-22,15.807,NA,NA,NA,285.835
1964-01-23,15.807,NA,NA,NA,285.835
1964-01-24,15.807,NA,NA,NA,285.835
1964-01-25,15.807,NA,NA,NA,285.835
1964-01-26,15.807,NA,NA,NA,285.835
1964-01-27,15.807,NA,NA,NA,285.835
1964-01-28,15.807,NA,NA,NA,285.835
1964-01-29,15.807,NA,NA,NA,285.835
1964-01-30,15.807,NA,NA,NA,285.835
1964-01-31,15.807,NA,NA,NA,285.835
1964-02-01,15.807,NA,NA,NA,285.835
1964-02-02,15.807,NA,NA,NA,285.835
1964-02-03,15.807,NA,NA,NA,285.835
1964-02-04,15.807,NA,NA,NA,285.835
1964-02-05,15.807,NA,NA,NA,285.835
1964-02-06,15.807,NA,NA,NA,285.835
1964-02-07,15.702,NA,NA,NA,285.829
1964-02-08,15.702,NA,NA,NA,285.829
1964-02-09,15.702,NA,NA,NA,285.829
1964-02-10,15.702,NA,NA,NA,285.829
1964-02-11,15.702,NA,NA,NA,285.829
1964-02-12,15.702,NA,NA,NA,285.829
1964-02-13,15.702,NA,NA,NA,285.829
1964-02-14,15.702,NA,NA,NA,285.829
1964-02-15,15.702,NA,NA,NA,285.829
1964-02-16,15.702,NA,NA,NA,285.829
1964-02-17,15.702,NA,NA,NA,285.829
1964-02-18,15.702,NA,NA,NA,285.829
1964-02-19,15.702,NA,NA,NA,285.829
1964-02-20,15.702,NA,NA,NA,285.829
1964-02-21,15.702,NA,NA,NA,285.829
1964-02-22,15.702,NA,NA,NA,285.829
1964-02-23,15.597,NA,NA,NA,285.823
1964-02-24,15.597,NA,NA,NA,285.823
1964-02-25,15.597,NA,NA,NA,285.823
1964-02-26,15.597,NA,NA,NA,285.823
1964-02-27,15.597,NA,NA,NA,285.823
1964-02-28,15.597,NA,NA,NA,285.823
1964-02-29,15.597,NA,NA,NA,285.823
1964-03-01,15.597,NA,NA,NA,285.823
1964-03-02,15.597,NA,NA,NA,285.823
1964-03-03,15.597,NA,NA,NA,285.823
1964-03-04,15.597,NA,NA,NA,285.823
1964-03-05,15.597,NA,NA,NA,285.823
1964-03-06,15.597,NA,NA,NA,285.823
1964-03-07,15.597,NA,NA,NA,285.823
1964-03-08,15.597,NA,NA,NA,285.823
1964-03-09,15.597,NA,NA,NA,285.823
1964-03-10,15.597,NA,NA,NA,285.823
1964-03-11,15.597,NA,NA,NA,285.823
1964-03-12,15.597,NA,NA,NA,285.823
1964-03-13,15.493,NA,NA,NA,285.817
1964-03-14,15.493,NA,NA,NA,285.817
1964-03-15,15.493,NA,NA,NA,285.817
1964-03-16,15.493,NA,NA,NA,285.817
1964-03-17,15.493,NA,NA,NA,285.817
1964-03-18,15.493,NA,NA,NA,285.817
1964-03-19,15.493,NA,NA,NA,285.817
1964-03-20,15.493,NA,NA,NA,285.817
1964-03-21,15.493,NA,NA,NA,285.817
1964-03-22,15.493,NA,NA,NA,285.817
1964-03-23,15.493,NA,NA,NA,285.817
1964-03-24,15.493,NA,NA,NA,285.817
1964-03-25,15.546,NA,NA,NA,285.82
1964-03-26,15.702,NA,NA,NA,285.829
1964-03-27,15.912,NA,NA,NA,285.841
1964-03-28,16.331,NA,NA,NA,285.866
1964-03-29,16.699,NA,NA,NA,285.887
1964-03-30,17.192,NA,NA,NA,285.912
1964-03-31,17.885,NA,NA,NA,285.939
1964-04-01,18.502,NA,NA,NA,285.963
1964-04-02,19.119,NA,NA,NA,285.988
1964-04-03,19.659,NA,NA,NA,286.009
1964-04-04,20.198,NA,NA,NA,286.03
1964-04-05,20.738,NA,NA,NA,286.052
1964-04-06,21.278,NA,NA,NA,286.073
1964-04-07,21.818,NA,NA,NA,286.094
1964-04-08,22.357,NA,NA,NA,286.116
1964-04-09,22.897,NA,NA,NA,286.137
1964-04-10,23.36,NA,NA,NA,286.155
1964-04-11,23.899,NA,NA,NA,286.177
1964-04-12,24.67,NA,NA,NA,286.207
1964-04-13,25.385,NA,NA,NA,286.232
1964-04-14,26.012,NA,NA,NA,286.253
1964-04-15,26.637,NA,NA,NA,286.274
1964-04-16,27.085,NA,NA,NA,286.289
1964-04-17,27.352,NA,NA,NA,286.299
1964-04-18,27.264,NA,NA,NA,286.296
1964-04-19,26.816,NA,NA,NA,286.28
1964-04-20,26.548,NA,NA,NA,286.271
1964-04-21,26.279,NA,NA,NA,286.262
1964-04-22,26.012,NA,NA,NA,286.253
1964-04-23,25.743,NA,NA,NA,286.244
1964-04-24,25.296,NA,NA,NA,286.229
1964-04-25,25.027,NA,NA,NA,286.219
1964-04-26,24.848,NA,NA,NA,286.213
1964-04-27,24.67,NA,NA,NA,286.207
1964-04-28,24.593,NA,NA,NA,286.204
1964-04-29,24.439,NA,NA,NA,286.198
1964-04-30,24.285,NA,NA,NA,286.192
1964-05-01,24.131,NA,NA,NA,286.186
1964-05-02,23.976,NA,NA,NA,286.18
1964-05-03,23.899,NA,NA,NA,286.177
1964-05-04,23.744,NA,NA,NA,286.171
1964-05-05,23.59,NA,NA,NA,286.165
1964-05-06,23.514,NA,NA,NA,286.161
1964-05-07,23.36,NA,NA,NA,286.155
1964-05-08,23.205,NA,NA,NA,286.149
1964-05-09,23.051,NA,NA,NA,286.143
1964-05-10,22.974,NA,NA,NA,286.14
1964-05-11,22.819,NA,NA,NA,286.134
1964-05-12,22.665,NA,NA,NA,286.128
1964-05-13,22.511,NA,NA,NA,286.122
1964-05-14,22.357,NA,NA,NA,286.116
1964-05-15,22.203,NA,NA,NA,286.11
1964-05-16,22.126,NA,NA,NA,286.107
1964-05-17,21.972,NA,NA,NA,286.101
1964-05-18,21.818,NA,NA,NA,286.094
1964-05-19,21.664,NA,NA,NA,286.088
1964-05-20,21.432,NA,NA,NA,286.079
1964-05-21,21.201,NA,NA,NA,286.07
1964-05-22,20.969,NA,NA,NA,286.061
1964-05-23,20.661,NA,NA,NA,286.049
1964-05-24,20.43,NA,NA,NA,286.04
1964-05-25,20.198,NA,NA,NA,286.03
1964-05-26,19.968,NA,NA,NA,286.021
1964-05-27,19.736,NA,NA,NA,286.012
1964-05-28,19.505,NA,NA,NA,286.003
1964-05-29,19.273,NA,NA,NA,285.994
1964-05-30,19.042,NA,NA,NA,285.985
1964-05-31,18.811,NA,NA,NA,285.976
1964-06-01,18.58,NA,NA,NA,285.966
1964-06-02,18.502,NA,NA,NA,285.963
1964-06-03,18.502,NA,NA,NA,285.963
1964-06-04,18.502,NA,NA,NA,285.963
1964-06-05,18.502,NA,NA,NA,285.963
1964-06-06,18.502,NA,NA,NA,285.963
1964-06-07,18.502,NA,NA,NA,285.963
1964-06-08,18.502,NA,NA,NA,285.963
1964-06-09,18.502,NA,NA,NA,285.963
1964-06-10,18.58,NA,NA,NA,285.966
1964-06-11,18.811,NA,NA,NA,285.976
1964-06-12,19.042,NA,NA,NA,285.985
1964-06-13,19.273,NA,NA,NA,285.994
1964-06-14,19.505,NA,NA,NA,286.003
1964-06-15,19.659,NA,NA,NA,286.009
1964-06-16,19.813,NA,NA,NA,286.015
1964-06-17,19.89,NA,NA,NA,286.018
1964-06-18,19.89,NA,NA,NA,286.018
1964-06-19,19.736,NA,NA,NA,286.012
1964-06-20,19.505,NA,NA,NA,286.003
1964-06-21,19.273,NA,NA,NA,285.994
1964-06-22,18.965,NA,NA,NA,285.982
1964-06-23,18.734,NA,NA,NA,285.973
1964-06-24,18.426,NA,NA,NA,285.96
1964-06-25,17.885,NA,NA,NA,285.939
1964-06-26,17.809,NA,NA,NA,285.936
1964-06-27,17.809,NA,NA,NA,285.936
1964-06-28,17.731,NA,NA,NA,285.933
1964-06-29,17.731,NA,NA,NA,285.933
1964-06-30,17.731,NA,NA,NA,285.933
1964-07-01,17.731,NA,NA,NA,285.933
1964-07-02,17.731,NA,NA,NA,285.933
1964-07-03,17.731,NA,NA,NA,285.933
1964-07-04,17.731,NA,NA,NA,285.933
1964-07-05,17.655,NA,NA,NA,285.93
1964-07-06,17.655,NA,NA,NA,285.93
1964-07-07,17.655,NA,NA,NA,285.93
1964-07-08,17.577,NA,NA,NA,285.927
1964-07-09,17.423,NA,NA,NA,285.921
1964-07-10,17.346,NA,NA,NA,285.918
1964-07-11,17.269,NA,NA,NA,285.915
1964-07-12,17.115,NA,NA,NA,285.908
1964-07-13,16.96,NA,NA,NA,285.902
1964-07-14,16.856,NA,NA,NA,285.896
1964-07-15,16.751,NA,NA,NA,285.89
1964-07-16,16.646,NA,NA,NA,285.884
1964-07-17,16.541,NA,NA,NA,285.878
1964-07-18,16.436,NA,NA,NA,285.872
1964-07-19,16.279,NA,NA,NA,285.863
1964-07-20,16.175,NA,NA,NA,285.857
1964-07-21,16.017,NA,NA,NA,285.848
1964-07-22,15.86,NA,NA,NA,285.838
1964-07-23,15.702,NA,NA,NA,285.829
1964-07-24,15.493,NA,NA,NA,285.817
1964-07-25,15.336,NA,NA,NA,285.808
1964-07-26,15.126,NA,NA,NA,285.796
1964-07-27,14.968,NA,NA,NA,285.787
1964-07-28,14.812,NA,NA,NA,285.777
1964-07-29,14.654,NA,NA,NA,285.768
1964-07-30,14.549,NA,NA,NA,285.762
1964-07-31,14.392,NA,NA,NA,285.753
1964-08-01,14.392,NA,NA,NA,285.753
1964-08-02,14.392,NA,NA,NA,285.753
1964-08-03,14.549,NA,NA,NA,285.762
1964-08-04,14.863,NA,NA,NA,285.78
1964-08-05,15.336,NA,NA,NA,285.808
1964-08-06,15.65,NA,NA,NA,285.826
1964-08-07,15.807,NA,NA,NA,285.835
1964-08-08,15.965,NA,NA,NA,285.844
1964-08-09,16.226,NA,NA,NA,285.86
1964-08-10,16.331,NA,NA,NA,285.866
1964-08-11,16.279,NA,NA,NA,285.863
1964-08-12,15.493,NA,NA,NA,285.817
1964-08-13,14.707,NA,NA,NA,285.771
1964-08-14,14.339,NA,NA,NA,285.75
1964-08-15,14.183,NA,NA,NA,285.741
1964-08-16,14.234,NA,NA,NA,285.744
1964-08-17,14.287,NA,NA,NA,285.747
1964-08-18,14.339,NA,NA,NA,285.75
1964-08-19,14.497,NA,NA,NA,285.759
1964-08-20,14.654,NA,NA,NA,285.768
1964-08-21,14.812,NA,NA,NA,285.777
1964-08-22,14.916,NA,NA,NA,285.784
1964-08-23,15.073,NA,NA,NA,285.793
1964-08-24,15.388,NA,NA,NA,285.811
1964-08-25,15.546,NA,NA,NA,285.82
1964-08-26,15.65,NA,NA,NA,285.826
1964-08-27,15.755,NA,NA,NA,285.832
1964-08-28,15.702,NA,NA,NA,285.829
1964-08-29,15.597,NA,NA,NA,285.823
1964-08-30,15.441,NA,NA,NA,285.814
1964-08-31,15.178,NA,NA,NA,285.799
1964-09-01,14.916,NA,NA,NA,285.784
1964-09-02,14.602,NA,NA,NA,285.765
1964-09-03,14.392,NA,NA,NA,285.753
1964-09-04,14.234,NA,NA,NA,285.744
1964-09-05,14.078,NA,NA,NA,285.735
1964-09-06,14.025,NA,NA,NA,285.732
1964-09-07,14.078,NA,NA,NA,285.735
1964-09-08,14.287,NA,NA,NA,285.747
1964-09-09,14.444,NA,NA,NA,285.756
1964-09-10,14.549,NA,NA,NA,285.762
1964-09-11,14.707,NA,NA,NA,285.771
1964-09-12,14.812,NA,NA,NA,285.777
1964-09-13,14.968,NA,NA,NA,285.787
1964-09-14,15.073,NA,NA,NA,285.793
1964-09-15,15.231,NA,NA,NA,285.802
1964-09-16,15.283,NA,NA,NA,285.805
1964-09-17,15.336,NA,NA,NA,285.808
1964-09-18,15.336,NA,NA,NA,285.808
1964-09-19,15.231,NA,NA,NA,285.802
1964-09-20,15.178,NA,NA,NA,285.799
1964-09-21,15.126,NA,NA,NA,285.796
1964-09-22,15.021,NA,NA,NA,285.79
1964-09-23,14.916,NA,NA,NA,285.784
1964-09-24,14.812,NA,NA,NA,285.777
1964-09-25,14.707,NA,NA,NA,285.771
1964-09-26,14.707,NA,NA,NA,285.771
1964-09-27,14.863,NA,NA,NA,285.78
1964-09-28,15.021,NA,NA,NA,285.79
1964-09-29,15.231,NA,NA,NA,285.802
1964-09-30,15.546,NA,NA,NA,285.82
1964-10-01,15.702,NA,NA,NA,285.829
1964-10-02,15.807,NA,NA,NA,285.835
1964-10-03,15.86,NA,NA,NA,285.838
1964-10-04,15.86,NA,NA,NA,285.838
1964-10-05,15.912,NA,NA,NA,285.841
1964-10-06,15.912,NA,NA,NA,285.841
1964-10-07,15.912,NA,NA,NA,285.841
1964-10-08,15.86,NA,NA,NA,285.838
1964-10-09,15.807,NA,NA,NA,285.835
1964-10-10,15.702,NA,NA,NA,285.829
1964-10-11,15.546,NA,NA,NA,285.82
1964-10-12,15.388,NA,NA,NA,285.811
1964-10-13,15.231,NA,NA,NA,285.802
1964-10-14,15.073,NA,NA,NA,285.793
1964-10-15,14.812,NA,NA,NA,285.777
1964-10-16,14.497,NA,NA,NA,285.759
1964-10-17,14.392,NA,NA,NA,285.753
1964-10-18,14.339,NA,NA,NA,285.75
1964-10-19,14.339,NA,NA,NA,285.75
1964-10-20,14.392,NA,NA,NA,285.753
1964-10-21,14.444,NA,NA,NA,285.756
1964-10-22,14.497,NA,NA,NA,285.759
1964-10-23,14.602,NA,NA,NA,285.765
1964-10-24,14.654,NA,NA,NA,285.768
1964-10-25,14.759,NA,NA,NA,285.774
1964-10-26,14.812,NA,NA,NA,285.777
1964-10-27,14.863,NA,NA,NA,285.78
1964-10-28,14.863,NA,NA,NA,285.78
1964-10-29,14.863,NA,NA,NA,285.78
1964-10-30,14.863,NA,NA,NA,285.78
1964-10-31,14.863,NA,NA,NA,285.78
1964-11-01,14.863,NA,NA,NA,285.78
1964-11-02,14.863,NA,NA,NA,285.78
1964-11-03,14.863,NA,NA,NA,285.78
1964-11-04,14.863,NA,NA,NA,285.78
1964-11-05,14.863,NA,NA,NA,285.78
1964-11-06,14.863,NA,NA,NA,285.78
1964-11-07,14.863,NA,NA,NA,285.78
1964-11-08,14.863,NA,NA,NA,285.78
1964-11-09,14.863,NA,NA,NA,285.78
1964-11-10,14.863,NA,NA,NA,285.78
1964-11-11,14.863,NA,NA,NA,285.78
1964-11-12,14.863,NA,NA,NA,285.78
1964-11-13,14.863,NA,NA,NA,285.78
1964-11-14,14.863,NA,NA,NA,285.78
1964-11-15,14.863,NA,NA,NA,285.78
1964-11-16,14.863,NA,NA,NA,285.78
1964-11-17,14.863,NA,NA,NA,285.78
1964-11-18,14.863,NA,NA,NA,285.78
1964-11-19,14.863,NA,NA,NA,285.78
1964-11-20,14.863,NA,NA,NA,285.78
1964-11-21,14.812,NA,NA,NA,285.777
1964-11-22,14.812,NA,NA,NA,285.777
1964-11-23,14.812,NA,NA,NA,285.777
1964-11-24,14.812,NA,NA,NA,285.777
1964-11-25,14.759,NA,NA,NA,285.774
1964-11-26,14.759,NA,NA,NA,285.774
1964-11-27,14.707,NA,NA,NA,285.771
1964-11-28,14.602,NA,NA,NA,285.765
1964-11-29,14.339,NA,NA,NA,285.75
1964-11-30,14.078,NA,NA,NA,285.735
1964-12-01,13.815,NA,NA,NA,285.72
1964-12-02,13.553,NA,NA,NA,285.704
1964-12-03,13.291,NA,NA,NA,285.689
1964-12-04,13.291,NA,NA,NA,285.689
1964-12-05,13.553,NA,NA,NA,285.704
1964-12-06,13.815,NA,NA,NA,285.72
1964-12-07,14.078,NA,NA,NA,285.735
1964-12-08,14.339,NA,NA,NA,285.75
1964-12-09,14.602,NA,NA,NA,285.765
1964-12-10,14.863,NA,NA,NA,285.78
1964-12-11,14.863,NA,NA,NA,285.78
1964-12-12,14.863,NA,NA,NA,285.78
1964-12-13,14.863,NA,NA,NA,285.78
1964-12-14,14.863,NA,NA,NA,285.78
1964-12-15,14.863,NA,NA,NA,285.78
1964-12-16,15.126,NA,NA,NA,285.796
1964-12-17,15.126,NA,NA,NA,285.796
1964-12-18,15.126,NA,NA,NA,285.796
1964-12-19,15.126,NA,NA,NA,285.796
1964-12-20,15.126,NA,NA,NA,285.796
1964-12-21,15.126,NA,NA,NA,285.796
1964-12-22,15.126,NA,NA,NA,285.796
1964-12-23,15.126,NA,NA,NA,285.796
1964-12-24,15.126,NA,NA,NA,285.796
1964-12-25,15.126,NA,NA,NA,285.796
1964-12-26,15.126,NA,NA,NA,285.796
1964-12-27,15.231,NA,NA,NA,285.802
1964-12-28,15.231,NA,NA,NA,285.802
1964-12-29,15.336,NA,NA,NA,285.808
1964-12-30,15.336,NA,NA,NA,285.808
1964-12-31,15.388,NA,NA,NA,285.811
1965-01-01,15.493,NA,NA,NA,285.817
1965-01-02,15.493,NA,NA,NA,285.817
1965-01-03,15.597,NA,NA,NA,285.823
1965-01-04,15.597,NA,NA,NA,285.823
1965-01-05,15.597,NA,NA,NA,285.823
1965-01-06,15.597,NA,NA,NA,285.823
1965-01-07,15.65,NA,NA,NA,285.826
1965-01-08,15.65,NA,NA,NA,285.826
1965-01-09,15.65,NA,NA,NA,285.826
1965-01-10,15.65,NA,NA,NA,285.826
1965-01-11,15.65,NA,NA,NA,285.826
1965-01-12,15.65,NA,NA,NA,285.826
1965-01-13,15.65,NA,NA,NA,285.826
1965-01-14,15.65,NA,NA,NA,285.826
1965-01-15,15.65,NA,NA,NA,285.826
1965-01-16,15.65,NA,NA,NA,285.826
1965-01-17,15.65,NA,NA,NA,285.826
1965-01-18,15.702,NA,NA,NA,285.829
1965-01-19,15.702,NA,NA,NA,285.829
1965-01-20,15.702,NA,NA,NA,285.829
1965-01-21,15.702,NA,NA,NA,285.829
1965-01-22,15.755,NA,NA,NA,285.832
1965-01-23,15.755,NA,NA,NA,285.832
1965-01-24,15.807,NA,NA,NA,285.835
1965-01-25,15.86,NA,NA,NA,285.838
1965-01-26,15.86,NA,NA,NA,285.838
1965-01-27,15.912,NA,NA,NA,285.841
1965-01-28,15.965,NA,NA,NA,285.844
1965-01-29,15.965,NA,NA,NA,285.844
1965-01-30,16.017,NA,NA,NA,285.848
1965-01-31,16.017,NA,NA,NA,285.848
1965-02-01,16.017,NA,NA,NA,285.848
1965-02-02,16.07,NA,NA,NA,285.851
1965-02-03,16.07,NA,NA,NA,285.851
1965-02-04,16.07,NA,NA,NA,285.851
1965-02-05,16.122,NA,NA,NA,285.854
1965-02-06,16.122,NA,NA,NA,285.854
1965-02-07,16.175,NA,NA,NA,285.857
1965-02-08,16.175,NA,NA,NA,285.857
1965-02-09,16.226,NA,NA,NA,285.86
1965-02-10,16.226,NA,NA,NA,285.86
1965-02-11,16.279,NA,NA,NA,285.863
1965-02-12,16.331,NA,NA,NA,285.866
1965-02-13,16.331,NA,NA,NA,285.866
1965-02-14,16.331,NA,NA,NA,285.866
1965-02-15,16.384,NA,NA,NA,285.869
1965-02-16,16.384,NA,NA,NA,285.869
1965-02-17,16.384,NA,NA,NA,285.869
1965-02-18,16.436,NA,NA,NA,285.872
1965-02-19,16.436,NA,NA,NA,285.872
1965-02-20,16.436,NA,NA,NA,285.872
1965-02-21,16.489,NA,NA,NA,285.875
1965-02-22,16.489,NA,NA,NA,285.875
1965-02-23,16.541,NA,NA,NA,285.878
1965-02-24,16.594,NA,NA,NA,285.881
1965-02-25,16.594,NA,NA,NA,285.881
1965-02-26,16.646,NA,NA,NA,285.884
1965-02-27,16.646,NA,NA,NA,285.884
1965-02-28,16.699,NA,NA,NA,285.887
1965-03-01,16.751,NA,NA,NA,285.89
1965-03-02,16.751,NA,NA,NA,285.89
1965-03-03,16.804,NA,NA,NA,285.893
1965-03-04,16.804,NA,NA,NA,285.893
1965-03-05,16.856,NA,NA,NA,285.896
1965-03-06,16.856,NA,NA,NA,285.896
1965-03-07,16.909,NA,NA,NA,285.899
1965-03-08,16.909,NA,NA,NA,285.899
1965-03-09,16.96,NA,NA,NA,285.902
1965-03-10,17.038,NA,NA,NA,285.905
1965-03-11,17.038,NA,NA,NA,285.905
1965-03-12,17.115,NA,NA,NA,285.908
1965-03-13,17.115,NA,NA,NA,285.908
1965-03-14,17.192,NA,NA,NA,285.912
1965-03-15,17.192,NA,NA,NA,285.912
1965-03-16,17.269,NA,NA,NA,285.915
1965-03-17,17.346,NA,NA,NA,285.918
1965-03-18,17.346,NA,NA,NA,285.918
1965-03-19,17.423,NA,NA,NA,285.921
1965-03-20,17.423,NA,NA,NA,285.921
1965-03-21,17.501,NA,NA,NA,285.924
1965-03-22,17.577,NA,NA,NA,285.927
1965-03-23,17.577,NA,NA,NA,285.927
1965-03-24,17.655,NA,NA,NA,285.93
1965-03-25,17.655,NA,NA,NA,285.93
1965-03-26,17.731,NA,NA,NA,285.933
1965-03-27,17.809,NA,NA,NA,285.936
1965-03-28,17.809,NA,NA,NA,285.936
1965-03-29,17.885,NA,NA,NA,285.939
1965-03-30,17.885,NA,NA,NA,285.939
1965-03-31,17.963,NA,NA,NA,285.942
1965-04-01,18.04,NA,NA,NA,285.945
1965-04-02,18.117,NA,NA,NA,285.948
1965-04-03,18.426,NA,NA,NA,285.96
1965-04-04,18.734,NA,NA,NA,285.973
1965-04-05,19.042,NA,NA,NA,285.985
1965-04-06,19.197,NA,NA,NA,285.991
1965-04-07,19.351,NA,NA,NA,285.997
1965-04-08,26.458,NA,NA,NA,286.268
1965-04-09,39.348,NA,NA,NA,286.695
1965-04-10,55.445,NA,NA,NA,287.152
1965-04-11,56.617,NA,NA,NA,287.183
1965-04-12,56.617,NA,NA,NA,287.183
1965-04-13,54.273,NA,NA,NA,287.122
1965-04-14,54.273,NA,NA,NA,287.122
1965-04-15,52.053,NA,NA,NA,287.061
1965-04-16,48.722,NA,NA,NA,286.969
1965-04-17,47.612,NA,NA,NA,286.939
1965-04-18,47.612,NA,NA,NA,286.939
1965-04-19,47.612,NA,NA,NA,286.939
1965-04-20,47.612,NA,NA,NA,286.939
1965-04-21,49.833,NA,NA,NA,287
1965-04-22,43.172,NA,NA,NA,286.817
1965-04-23,44.282,NA,NA,NA,286.847
1965-04-24,39.635,NA,NA,NA,286.704
1965-04-25,37.436,NA,NA,NA,286.634
1965-04-26,35.047,NA,NA,NA,286.558
1965-04-27,35.524,NA,NA,NA,286.573
1965-04-28,32.987,NA,NA,NA,286.491
1965-04-29,32.093,NA,NA,NA,286.46
1965-04-30,31.02,NA,NA,NA,286.424
1965-05-01,30.572,NA,NA,NA,286.408
1965-05-02,30.125,NA,NA,NA,286.393
1965-05-03,29.678,NA,NA,NA,286.378
1965-05-04,29.231,NA,NA,NA,286.363
1965-05-05,28.783,NA,NA,NA,286.347
1965-05-06,28.337,NA,NA,NA,286.332
1965-05-07,27.8,NA,NA,NA,286.314
1965-05-08,27.174,NA,NA,NA,286.293
1965-05-09,26.548,NA,NA,NA,286.271
1965-05-10,25.922,NA,NA,NA,286.25
1965-05-11,25.475,NA,NA,NA,286.235
1965-05-12,25.206,NA,NA,NA,286.225
1965-05-13,24.848,NA,NA,NA,286.213
1965-05-14,24.76,NA,NA,NA,286.21
1965-05-15,25.833,NA,NA,NA,286.247
1965-05-16,26.906,NA,NA,NA,286.283
1965-05-17,27.979,NA,NA,NA,286.32
1965-05-18,28.873,NA,NA,NA,286.35
1965-05-19,28.426,NA,NA,NA,286.335
1965-05-20,28.068,NA,NA,NA,286.323
1965-05-21,27.71,NA,NA,NA,286.311
1965-05-22,27.889,NA,NA,NA,286.317
1965-05-23,28.068,NA,NA,NA,286.323
1965-05-24,28.247,NA,NA,NA,286.329
1965-05-25,30.035,NA,NA,NA,286.39
1965-05-26,30.93,NA,NA,NA,286.421
1965-05-27,33.612,NA,NA,NA,286.512
1965-05-28,31.824,NA,NA,NA,286.451
1965-05-29,31.377,NA,NA,NA,286.436
1965-05-30,32.45,NA,NA,NA,286.472
1965-05-31,30.93,NA,NA,NA,286.421
1965-06-01,33.255,NA,NA,NA,286.5
1965-06-02,33.166,NA,NA,NA,286.497
1965-06-03,33.9,NA,NA,NA,286.521
1965-06-04,33.612,NA,NA,NA,286.512
1965-06-05,33.995,NA,NA,NA,286.524
1965-06-06,35.715,NA,NA,NA,286.579
1965-06-07,34.282,NA,NA,NA,286.533
1965-06-08,36.003,NA,NA,NA,286.588
1965-06-09,36.48,NA,NA,NA,286.603
1965-06-10,37.341,NA,NA,NA,286.631
1965-06-11,37.915,NA,NA,NA,286.649
1965-06-12,38.106,NA,NA,NA,286.655
1965-06-13,37.915,NA,NA,NA,286.649
1965-06-14,37.915,NA,NA,NA,286.649
1965-06-15,37.436,NA,NA,NA,286.634
1965-06-16,36.48,NA,NA,NA,286.603
1965-06-17,36.289,NA,NA,NA,286.597
1965-06-18,35.238,NA,NA,NA,286.564
1965-06-19,34.473,NA,NA,NA,286.539
1965-06-20,33.612,NA,NA,NA,286.512
1965-06-21,33.166,NA,NA,NA,286.497
1965-06-22,32.718,NA,NA,NA,286.482
1965-06-23,32.539,NA,NA,NA,286.475
1965-06-24,31.377,NA,NA,NA,286.436
1965-06-25,30.393,NA,NA,NA,286.402
1965-06-26,30.393,NA,NA,NA,286.402
1965-06-27,30.393,NA,NA,NA,286.402
1965-06-28,30.572,NA,NA,NA,286.408
1965-06-29,30.214,NA,NA,NA,286.396
1965-06-30,28.247,NA,NA,NA,286.329
1965-07-01,27.8,NA,NA,NA,286.314
1965-07-02,28.337,NA,NA,NA,286.332
1965-07-03,27.442,NA,NA,NA,286.302
1965-07-04,26.637,NA,NA,NA,286.274
1965-07-05,25.743,NA,NA,NA,286.244
1965-07-06,25.117,NA,NA,NA,286.222
1965-07-07,26.012,NA,NA,NA,286.253
1965-07-08,26.995,NA,NA,NA,286.286
1965-07-09,27.8,NA,NA,NA,286.314
1965-07-10,28.068,NA,NA,NA,286.323
1965-07-11,28.337,NA,NA,NA,286.332
1965-07-12,28.604,NA,NA,NA,286.341
1965-07-13,28.873,NA,NA,NA,286.35
1965-07-14,27.979,NA,NA,NA,286.32
1965-07-15,26.995,NA,NA,NA,286.286
1965-07-16,26.1,NA,NA,NA,286.256
1965-07-17,25.743,NA,NA,NA,286.244
1965-07-18,25.475,NA,NA,NA,286.235
1965-07-19,25.117,NA,NA,NA,286.222
1965-07-20,24.76,NA,NA,NA,286.21
1965-07-21,24.439,NA,NA,NA,286.198
1965-07-22,24.131,NA,NA,NA,286.186
1965-07-23,23.899,NA,NA,NA,286.177
1965-07-24,23.514,NA,NA,NA,286.161
1965-07-25,23.205,NA,NA,NA,286.149
1965-07-26,22.897,NA,NA,NA,286.137
1965-07-27,22.589,NA,NA,NA,286.125
1965-07-28,22.28,NA,NA,NA,286.113
1965-07-29,21.894,NA,NA,NA,286.097
1965-07-30,21.586,NA,NA,NA,286.085
1965-07-31,21.355,NA,NA,NA,286.076
1965-08-01,21.123,NA,NA,NA,286.067
1965-08-02,20.893,NA,NA,NA,286.058
1965-08-03,20.661,NA,NA,NA,286.049
1965-08-04,20.43,NA,NA,NA,286.04
1965-08-05,20.198,NA,NA,NA,286.03
1965-08-06,20.044,NA,NA,NA,286.024
1965-08-07,19.89,NA,NA,NA,286.018
1965-08-08,19.736,NA,NA,NA,286.012
1965-08-09,19.581,NA,NA,NA,286.006
1965-08-10,19.427,NA,NA,NA,286
1965-08-11,19.273,NA,NA,NA,285.994
1965-08-12,19.197,NA,NA,NA,285.991
1965-08-13,19.042,NA,NA,NA,285.985
1965-08-14,18.965,NA,NA,NA,285.982
1965-08-15,18.965,NA,NA,NA,285.982
1965-08-16,18.888,NA,NA,NA,285.979
1965-08-17,18.811,NA,NA,NA,285.976
1965-08-18,18.734,NA,NA,NA,285.973
1965-08-19,18.656,NA,NA,NA,285.969
1965-08-20,18.734,NA,NA,NA,285.973
1965-08-21,19.197,NA,NA,NA,285.991
1965-08-22,19.659,NA,NA,NA,286.009
1965-08-23,20.122,NA,NA,NA,286.027
1965-08-24,20.507,NA,NA,NA,286.043
1965-08-25,20.969,NA,NA,NA,286.061
1965-08-26,21.432,NA,NA,NA,286.079
1965-08-27,21.818,NA,NA,NA,286.094
1965-08-28,21.355,NA,NA,NA,286.076
1965-08-29,20.893,NA,NA,NA,286.058
1965-08-30,20.43,NA,NA,NA,286.04
1965-08-31,19.968,NA,NA,NA,286.021
1965-09-01,19.505,NA,NA,NA,286.003
1965-09-02,19.042,NA,NA,NA,285.985
1965-09-03,18.656,NA,NA,NA,285.969
1965-09-04,18.656,NA,NA,NA,285.969
1965-09-05,18.656,NA,NA,NA,285.969
1965-09-06,18.656,NA,NA,NA,285.969
1965-09-07,18.734,NA,NA,NA,285.973
1965-09-08,18.734,NA,NA,NA,285.973
1965-09-09,18.734,NA,NA,NA,285.973
1965-09-10,18.811,NA,NA,NA,285.976
1965-09-11,18.965,NA,NA,NA,285.982
1965-09-12,19.042,NA,NA,NA,285.985
1965-09-13,19.197,NA,NA,NA,285.991
1965-09-14,19.351,NA,NA,NA,285.997
1965-09-15,19.505,NA,NA,NA,286.003
1965-09-16,19.659,NA,NA,NA,286.009
1965-09-17,19.736,NA,NA,NA,286.012
1965-09-18,19.736,NA,NA,NA,286.012
1965-09-19,19.736,NA,NA,NA,286.012
1965-09-20,19.736,NA,NA,NA,286.012
1965-09-21,19.736,NA,NA,NA,286.012
1965-09-22,19.736,NA,NA,NA,286.012
1965-09-23,19.736,NA,NA,NA,286.012
1965-09-24,19.968,NA,NA,NA,286.021
1965-09-25,20.584,NA,NA,NA,286.046
1965-09-26,21.201,NA,NA,NA,286.07
1965-09-27,21.818,NA,NA,NA,286.094
1965-09-28,22.435,NA,NA,NA,286.119
1965-09-29,23.051,NA,NA,NA,286.143
1965-09-30,23.514,NA,NA,NA,286.161
1965-10-01,23.59,NA,NA,NA,286.165
1965-10-02,23.744,NA,NA,NA,286.171
1965-10-03,23.822,NA,NA,NA,286.174
1965-10-04,23.976,NA,NA,NA,286.18
1965-10-05,24.053,NA,NA,NA,286.183
1965-10-06,24.207,NA,NA,NA,286.189
1965-10-07,24.361,NA,NA,NA,286.195
1965-10-08,24.439,NA,NA,NA,286.198
1965-10-09,23.899,NA,NA,NA,286.177
1965-10-10,23.436,NA,NA,NA,286.158
1965-10-11,22.974,NA,NA,NA,286.14
1965-10-12,22.435,NA,NA,NA,286.119
1965-10-13,21.972,NA,NA,NA,286.101
1965-10-14,21.586,NA,NA,NA,286.085
1965-10-15,21.509,NA,NA,NA,286.082
1965-10-16,21.509,NA,NA,NA,286.082
1965-10-17,21.509,NA,NA,NA,286.082
1965-10-18,21.509,NA,NA,NA,286.082
1965-10-19,21.509,NA,NA,NA,286.082
1965-10-20,21.432,NA,NA,NA,286.079
1965-10-21,21.432,NA,NA,NA,286.079
1965-10-22,21.432,NA,NA,NA,286.079
1965-10-23,21.201,NA,NA,NA,286.07
1965-10-24,21.047,NA,NA,NA,286.064
1965-10-25,20.815,NA,NA,NA,286.055
1965-10-26,20.584,NA,NA,NA,286.046
1965-10-27,20.43,NA,NA,NA,286.04
1965-10-28,20.276,NA,NA,NA,286.033
1965-10-29,20.276,NA,NA,NA,286.033
1965-10-30,20.198,NA,NA,NA,286.03
1965-10-31,20.198,NA,NA,NA,286.03
1965-11-01,20.198,NA,NA,NA,286.03
1965-11-02,20.198,NA,NA,NA,286.03
1965-11-03,20.198,NA,NA,NA,286.03
1965-11-04,20.198,NA,NA,NA,286.03
1965-11-05,20.276,NA,NA,NA,286.033
1965-11-06,20.661,NA,NA,NA,286.049
1965-11-07,21.047,NA,NA,NA,286.064
1965-11-08,21.432,NA,NA,NA,286.079
1965-11-09,21.818,NA,NA,NA,286.094
1965-11-10,22.203,NA,NA,NA,286.11
1965-11-11,22.589,NA,NA,NA,286.125
1965-11-12,22.819,NA,NA,NA,286.134
1965-11-13,22.203,NA,NA,NA,286.11
1965-11-14,21.664,NA,NA,NA,286.088
1965-11-15,21.123,NA,NA,NA,286.067
1965-11-16,20.584,NA,NA,NA,286.046
1965-11-17,19.968,NA,NA,NA,286.021
1965-11-18,19.427,NA,NA,NA,286
1965-11-19,18.965,NA,NA,NA,285.982
1965-11-20,19.119,NA,NA,NA,285.988
1965-11-21,19.273,NA,NA,NA,285.994
1965-11-22,19.427,NA,NA,NA,286
1965-11-23,19.581,NA,NA,NA,286.006
1965-11-24,19.736,NA,NA,NA,286.012
1965-11-25,19.89,NA,NA,NA,286.018
1965-11-26,19.968,NA,NA,NA,286.021
1965-11-27,19.659,NA,NA,NA,286.009
1965-11-28,19.427,NA,NA,NA,286
1965-11-29,19.119,NA,NA,NA,285.988
1965-11-30,18.811,NA,NA,NA,285.976
1965-12-01,18.58,NA,NA,NA,285.966
1965-12-02,18.272,NA,NA,NA,285.954
1965-12-03,18.272,NA,NA,NA,285.954
1965-12-04,18.272,NA,NA,NA,285.954
1965-12-05,18.272,NA,NA,NA,285.954
1965-12-06,18.272,NA,NA,NA,285.954
1965-12-07,18.272,NA,NA,NA,285.954
1965-12-08,18.272,NA,NA,NA,285.954
1965-12-09,18.272,NA,NA,NA,285.954
1965-12-10,18.348,NA,NA,NA,285.957
1965-12-11,18.426,NA,NA,NA,285.96
1965-12-12,18.58,NA,NA,NA,285.966
1965-12-13,18.656,NA,NA,NA,285.969
1965-12-14,18.734,NA,NA,NA,285.973
1965-12-15,18.888,NA,NA,NA,285.979
1965-12-16,18.965,NA,NA,NA,285.982
1965-12-17,19.042,NA,NA,NA,285.985
1965-12-18,19.042,NA,NA,NA,285.985
1965-12-19,18.965,NA,NA,NA,285.982
1965-12-20,18.965,NA,NA,NA,285.982
1965-12-21,18.965,NA,NA,NA,285.982
1965-12-22,18.888,NA,NA,NA,285.979
1965-12-23,18.888,NA,NA,NA,285.979
1965-12-24,18.811,NA,NA,NA,285.976
1965-12-25,18.734,NA,NA,NA,285.973
1965-12-26,18.656,NA,NA,NA,285.969
1965-12-27,18.656,NA,NA,NA,285.969
1965-12-28,18.58,NA,NA,NA,285.966
1965-12-29,18.502,NA,NA,NA,285.963
1965-12-30,18.426,NA,NA,NA,285.96
1965-12-31,18.348,NA,NA,NA,285.957
1966-01-01,18.272,NA,NA,NA,285.954
1966-01-02,18.272,NA,NA,NA,285.954
1966-01-03,18.272,NA,NA,NA,285.954
1966-01-04,18.272,NA,NA,NA,285.954
1966-01-05,18.272,NA,NA,NA,285.954
1966-01-06,18.272,NA,NA,NA,285.954
1966-01-07,18.194,NA,NA,NA,285.951
1966-01-08,18.194,NA,NA,NA,285.951
1966-01-09,18.117,NA,NA,NA,285.948
1966-01-10,18.117,NA,NA,NA,285.948
1966-01-11,18.04,NA,NA,NA,285.945
1966-01-12,17.963,NA,NA,NA,285.942
1966-01-13,17.885,NA,NA,NA,285.939
1966-01-14,17.885,NA,NA,NA,285.939
1966-01-15,17.885,NA,NA,NA,285.939
1966-01-16,17.885,NA,NA,NA,285.939
1966-01-17,17.885,NA,NA,NA,285.939
1966-01-18,17.885,NA,NA,NA,285.939
1966-01-19,17.885,NA,NA,NA,285.939
1966-01-20,17.885,NA,NA,NA,285.939
1966-01-21,17.809,NA,NA,NA,285.936
1966-01-22,17.731,NA,NA,NA,285.933
1966-01-23,17.655,NA,NA,NA,285.93
1966-01-24,17.577,NA,NA,NA,285.927
1966-01-25,17.501,NA,NA,NA,285.924
1966-01-26,17.423,NA,NA,NA,285.921
1966-01-27,17.346,NA,NA,NA,285.918
1966-01-28,17.269,NA,NA,NA,285.915
1966-01-29,17.192,NA,NA,NA,285.912
1966-01-30,17.115,NA,NA,NA,285.908
1966-01-31,17.115,NA,NA,NA,285.908
1966-02-01,17.038,NA,NA,NA,285.905
1966-02-02,16.96,NA,NA,NA,285.902
1966-02-03,16.96,NA,NA,NA,285.902
1966-02-04,16.909,NA,NA,NA,285.899
1966-02-05,16.96,NA,NA,NA,285.902
1966-02-06,17.038,NA,NA,NA,285.905
1966-02-07,17.115,NA,NA,NA,285.908
1966-02-08,17.192,NA,NA,NA,285.912
1966-02-09,17.269,NA,NA,NA,285.915
1966-02-10,17.501,NA,NA,NA,285.924
1966-02-11,17.885,NA,NA,NA,285.939
1966-02-12,18.348,NA,NA,NA,285.957
1966-02-13,18.888,NA,NA,NA,285.979
1966-02-14,19.042,NA,NA,NA,285.985
1966-02-15,19.042,NA,NA,NA,285.985
1966-02-16,18.965,NA,NA,NA,285.982
1966-02-17,18.888,NA,NA,NA,285.979
1966-02-18,18.734,NA,NA,NA,285.973
1966-02-19,18.656,NA,NA,NA,285.969
1966-02-20,18.502,NA,NA,NA,285.963
1966-02-21,18.348,NA,NA,NA,285.957
1966-02-22,18.194,NA,NA,NA,285.951
1966-02-23,18.117,NA,NA,NA,285.948
1966-02-24,17.963,NA,NA,NA,285.942
1966-02-25,17.809,NA,NA,NA,285.936
1966-02-26,17.731,NA,NA,NA,285.933
1966-02-27,17.577,NA,NA,NA,285.927
1966-02-28,17.577,NA,NA,NA,285.927
1966-03-01,18.194,NA,NA,NA,285.951
1966-03-02,18.888,NA,NA,NA,285.979
1966-03-03,19.581,NA,NA,NA,286.006
1966-03-04,20.044,NA,NA,NA,286.024
1966-03-05,20.122,NA,NA,NA,286.027
1966-03-06,20.122,NA,NA,NA,286.027
1966-03-07,20.198,NA,NA,NA,286.03
1966-03-08,20.198,NA,NA,NA,286.03
1966-03-09,20.198,NA,NA,NA,286.03
1966-03-10,20.276,NA,NA,NA,286.033
1966-03-11,20.352,NA,NA,NA,286.037
1966-03-12,20.584,NA,NA,NA,286.046
1966-03-13,20.738,NA,NA,NA,286.052
1966-03-14,20.969,NA,NA,NA,286.061
1966-03-15,34.568,NA,NA,NA,286.542
1966-03-16,42.886,NA,NA,NA,286.808
1966-03-17,47.612,NA,NA,NA,286.939
1966-03-18,47.834,NA,NA,NA,286.945
1966-03-19,47.612,NA,NA,NA,286.939
1966-03-20,47.501,NA,NA,NA,286.936
1966-03-21,47.39,NA,NA,NA,286.933
1966-03-22,47.057,NA,NA,NA,286.923
1966-03-23,46.502,NA,NA,NA,286.908
1966-03-24,44.06,NA,NA,NA,286.841
1966-03-25,41.738,NA,NA,NA,286.771
1966-03-26,41.069,NA,NA,NA,286.75
1966-03-27,40.686,NA,NA,NA,286.738
1966-03-28,40.686,NA,NA,NA,286.738
1966-03-29,40.304,NA,NA,NA,286.725
1966-03-30,39.73,NA,NA,NA,286.707
1966-03-31,39.062,NA,NA,NA,286.686
1966-04-01,38.488,NA,NA,NA,286.667
1966-04-02,37.436,NA,NA,NA,286.634
1966-04-03,36.959,NA,NA,NA,286.619
1966-04-04,36.863,NA,NA,NA,286.616
1966-04-05,36.48,NA,NA,NA,286.603
1966-04-06,36.003,NA,NA,NA,286.588
1966-04-07,34.282,NA,NA,NA,286.533
1966-04-08,33.804,NA,NA,NA,286.518
1966-04-09,33.255,NA,NA,NA,286.5
1966-04-10,32.003,NA,NA,NA,286.457
1966-04-11,31.466,NA,NA,NA,286.439
1966-04-12,31.287,NA,NA,NA,286.433
1966-04-13,31.108,NA,NA,NA,286.427
1966-04-14,31.02,NA,NA,NA,286.424
1966-04-15,30.751,NA,NA,NA,286.414
1966-04-16,30.483,NA,NA,NA,286.405
1966-04-17,30.125,NA,NA,NA,286.393
1966-04-18,29.856,NA,NA,NA,286.384
1966-04-19,29.499,NA,NA,NA,286.372
1966-04-20,29.141,NA,NA,NA,286.36
1966-04-21,28.873,NA,NA,NA,286.35
1966-04-22,28.694,NA,NA,NA,286.344
1966-04-23,28.783,NA,NA,NA,286.347
1966-04-24,28.962,NA,NA,NA,286.354
1966-04-25,29.052,NA,NA,NA,286.357
1966-04-26,29.231,NA,NA,NA,286.363
1966-04-27,29.32,NA,NA,NA,286.366
1966-04-28,29.499,NA,NA,NA,286.372
1966-04-29,29.499,NA,NA,NA,286.372
1966-04-30,29.41,NA,NA,NA,286.369
1966-05-01,29.231,NA,NA,NA,286.363
1966-05-02,29.141,NA,NA,NA,286.36
1966-05-03,28.962,NA,NA,NA,286.354
1966-05-04,28.873,NA,NA,NA,286.35
1966-05-05,28.694,NA,NA,NA,286.344
1966-05-06,28.604,NA,NA,NA,286.341
1966-05-07,28.516,NA,NA,NA,286.338
1966-05-08,28.337,NA,NA,NA,286.332
1966-05-09,28.247,NA,NA,NA,286.329
1966-05-10,28.158,NA,NA,NA,286.326
1966-05-11,28.068,NA,NA,NA,286.323
1966-05-12,27.979,NA,NA,NA,286.32
1966-05-13,27.889,NA,NA,NA,286.317
1966-05-14,27.71,NA,NA,NA,286.311
1966-05-15,27.531,NA,NA,NA,286.305
1966-05-16,27.352,NA,NA,NA,286.299
1966-05-17,27.264,NA,NA,NA,286.296
1966-05-18,27.085,NA,NA,NA,286.289
1966-05-19,26.906,NA,NA,NA,286.283
1966-05-20,26.727,NA,NA,NA,286.277
1966-05-21,26.458,NA,NA,NA,286.268
1966-05-22,26.19,NA,NA,NA,286.259
1966-05-23,26.012,NA,NA,NA,286.253
1966-05-24,25.743,NA,NA,NA,286.244
1966-05-25,25.475,NA,NA,NA,286.235
1966-05-26,25.206,NA,NA,NA,286.225
1966-05-27,24.938,NA,NA,NA,286.216
1966-05-28,24.67,NA,NA,NA,286.207
1966-05-29,24.439,NA,NA,NA,286.198
1966-05-30,24.131,NA,NA,NA,286.186
1966-05-31,23.899,NA,NA,NA,286.177
1966-06-01,23.668,NA,NA,NA,286.168
1966-06-02,23.36,NA,NA,NA,286.155
1966-06-03,23.128,NA,NA,NA,286.146
1966-06-04,22.665,NA,NA,NA,286.128
1966-06-05,22.203,NA,NA,NA,286.11
1966-06-06,21.664,NA,NA,NA,286.088
1966-06-07,21.201,NA,NA,NA,286.07
1966-06-08,20.738,NA,NA,NA,286.052
1966-06-09,20.276,NA,NA,NA,286.033
1966-06-10,19.89,NA,NA,NA,286.018
1966-06-11,19.813,NA,NA,NA,286.015
1966-06-12,19.736,NA,NA,NA,286.012
1966-06-13,19.581,NA,NA,NA,286.006
1966-06-14,19.505,NA,NA,NA,286.003
1966-06-15,19.427,NA,NA,NA,286
1966-06-16,19.273,NA,NA,NA,285.994
1966-06-17,19.197,NA,NA,NA,285.991
1966-06-18,19.042,NA,NA,NA,285.985
1966-06-19,18.888,NA,NA,NA,285.979
1966-06-20,18.734,NA,NA,NA,285.973
1966-06-21,18.58,NA,NA,NA,285.966
1966-06-22,18.426,NA,NA,NA,285.96
1966-06-23,18.272,NA,NA,NA,285.954
1966-06-24,18.117,NA,NA,NA,285.948
1966-06-25,18.194,NA,NA,NA,285.951
1966-06-26,18.194,NA,NA,NA,285.951
1966-06-27,18.272,NA,NA,NA,285.954
1966-06-28,18.272,NA,NA,NA,285.954
1966-06-29,18.348,NA,NA,NA,285.957
1966-06-30,18.348,NA,NA,NA,285.957
1966-07-01,18.426,NA,NA,NA,285.96
1966-07-02,18.117,NA,NA,NA,285.948
1966-07-03,17.809,NA,NA,NA,285.936
1966-07-04,17.577,NA,NA,NA,285.927
1966-07-05,17.269,NA,NA,NA,285.915
1966-07-06,16.96,NA,NA,NA,285.902
1966-07-07,16.751,NA,NA,NA,285.89
1966-07-08,16.699,NA,NA,NA,285.887
1966-07-09,16.751,NA,NA,NA,285.89
1966-07-10,16.804,NA,NA,NA,285.893
1966-07-11,16.909,NA,NA,NA,285.899
1966-07-12,16.96,NA,NA,NA,285.902
1966-07-13,17.038,NA,NA,NA,285.905
1966-07-14,17.115,NA,NA,NA,285.908
1966-07-15,17.038,NA,NA,NA,285.905
1966-07-16,16.96,NA,NA,NA,285.902
1966-07-17,16.909,NA,NA,NA,285.899
1966-07-18,16.856,NA,NA,NA,285.896
1966-07-19,16.856,NA,NA,NA,285.896
1966-07-20,16.804,NA,NA,NA,285.893
1966-07-21,16.751,NA,NA,NA,285.89
1966-07-22,16.699,NA,NA,NA,285.887
1966-07-23,16.594,NA,NA,NA,285.881
1966-07-24,16.541,NA,NA,NA,285.878
1966-07-25,16.436,NA,NA,NA,285.872
1966-07-26,16.331,NA,NA,NA,285.866
1966-07-27,16.279,NA,NA,NA,285.863
1966-07-28,16.175,NA,NA,NA,285.857
1966-07-29,16.122,NA,NA,NA,285.854
1966-07-30,16.07,NA,NA,NA,285.851
1966-07-31,16.07,NA,NA,NA,285.851
1966-08-01,16.07,NA,NA,NA,285.851
1966-08-02,16.017,NA,NA,NA,285.848
1966-08-03,16.017,NA,NA,NA,285.848
1966-08-04,16.017,NA,NA,NA,285.848
1966-08-05,15.965,NA,NA,NA,285.844
1966-08-06,15.965,NA,NA,NA,285.844
1966-08-07,15.912,NA,NA,NA,285.841
1966-08-08,15.912,NA,NA,NA,285.841
1966-08-09,15.912,NA,NA,NA,285.841
1966-08-10,15.912,NA,NA,NA,285.841
1966-08-11,15.912,NA,NA,NA,285.841
1966-08-12,15.912,NA,NA,NA,285.841
1966-08-13,15.965,NA,NA,NA,285.844
1966-08-14,16.017,NA,NA,NA,285.848
1966-08-15,16.07,NA,NA,NA,285.851
1966-08-16,16.07,NA,NA,NA,285.851
1966-08-17,16.122,NA,NA,NA,285.854
1966-08-18,16.175,NA,NA,NA,285.857
1966-08-19,16.226,NA,NA,NA,285.86
1966-08-20,16.436,NA,NA,NA,285.872
1966-08-21,16.646,NA,NA,NA,285.884
1966-08-22,16.856,NA,NA,NA,285.896
1966-08-23,17.115,NA,NA,NA,285.908
1966-08-24,17.423,NA,NA,NA,285.921
1966-08-25,17.731,NA,NA,NA,285.933
1966-08-26,18.04,NA,NA,NA,285.945
1966-08-27,17.885,NA,NA,NA,285.939
1966-08-28,17.731,NA,NA,NA,285.933
1966-08-29,17.577,NA,NA,NA,285.927
1966-08-30,17.423,NA,NA,NA,285.921
1966-08-31,17.269,NA,NA,NA,285.915
1966-09-01,17.115,NA,NA,NA,285.908
1966-09-02,16.96,NA,NA,NA,285.902
1966-09-03,16.856,NA,NA,NA,285.896
1966-09-04,16.751,NA,NA,NA,285.89
1966-09-05,16.646,NA,NA,NA,285.884
1966-09-06,16.541,NA,NA,NA,285.878
1966-09-07,16.436,NA,NA,NA,285.872
1966-09-08,16.331,NA,NA,NA,285.866
1966-09-09,16.331,NA,NA,NA,285.866
1966-09-10,16.384,NA,NA,NA,285.869
1966-09-11,16.384,NA,NA,NA,285.869
1966-09-12,16.436,NA,NA,NA,285.872
1966-09-13,16.489,NA,NA,NA,285.875
1966-09-14,16.541,NA,NA,NA,285.878
1966-09-15,16.541,NA,NA,NA,285.878
1966-09-16,16.541,NA,NA,NA,285.878
1966-09-17,16.541,NA,NA,NA,285.878
1966-09-18,16.541,NA,NA,NA,285.878
1966-09-19,16.541,NA,NA,NA,285.878
1966-09-20,16.541,NA,NA,NA,285.878
1966-09-21,16.541,NA,NA,NA,285.878
1966-09-22,16.489,NA,NA,NA,285.875
1966-09-23,16.489,NA,NA,NA,285.875
1966-09-24,16.489,NA,NA,NA,285.875
1966-09-25,16.489,NA,NA,NA,285.875
1966-09-26,16.489,NA,NA,NA,285.875
1966-09-27,16.489,NA,NA,NA,285.875
1966-09-28,16.489,NA,NA,NA,285.875
1966-09-29,16.489,NA,NA,NA,285.875
1966-09-30,16.489,NA,NA,NA,285.875
1966-10-01,16.436,NA,NA,NA,285.872
1966-10-02,16.331,NA,NA,NA,285.866
1966-10-03,16.226,NA,NA,NA,285.86
1966-10-04,16.122,NA,NA,NA,285.854
1966-10-05,16.07,NA,NA,NA,285.851
1966-10-06,15.965,NA,NA,NA,285.844
1966-10-07,15.86,NA,NA,NA,285.838
1966-10-08,15.702,NA,NA,NA,285.829
1966-10-09,15.546,NA,NA,NA,285.82
1966-10-10,15.441,NA,NA,NA,285.814
1966-10-11,15.283,NA,NA,NA,285.805
1966-10-12,15.126,NA,NA,NA,285.796
1966-10-13,15.021,NA,NA,NA,285.79
1966-10-14,15.073,NA,NA,NA,285.793
1966-10-15,15.178,NA,NA,NA,285.799
1966-10-16,15.231,NA,NA,NA,285.802
1966-10-17,15.283,NA,NA,NA,285.805
1966-10-18,15.388,NA,NA,NA,285.811
1966-10-19,15.441,NA,NA,NA,285.814
1966-10-20,15.546,NA,NA,NA,285.82
1966-10-21,15.597,NA,NA,NA,285.823
1966-10-22,15.597,NA,NA,NA,285.823
1966-10-23,15.65,NA,NA,NA,285.826
1966-10-24,15.702,NA,NA,NA,285.829
1966-10-25,15.702,NA,NA,NA,285.829
1966-10-26,15.755,NA,NA,NA,285.832
1966-10-27,15.807,NA,NA,NA,285.835
1966-10-28,15.755,NA,NA,NA,285.832
1966-10-29,15.755,NA,NA,NA,285.832
1966-10-30,15.755,NA,NA,NA,285.832
1966-10-31,15.702,NA,NA,NA,285.829
1966-11-01,15.702,NA,NA,NA,285.829
1966-11-02,15.65,NA,NA,NA,285.826
1966-11-03,15.65,NA,NA,NA,285.826
1966-11-04,15.65,NA,NA,NA,285.826
1966-11-05,15.755,NA,NA,NA,285.832
1966-11-06,15.86,NA,NA,NA,285.838
1966-11-07,15.912,NA,NA,NA,285.841
1966-11-08,16.017,NA,NA,NA,285.848
1966-11-09,16.122,NA,NA,NA,285.854
1966-11-10,16.226,NA,NA,NA,285.86
1966-11-11,16.226,NA,NA,NA,285.86
1966-11-12,16.226,NA,NA,NA,285.86
1966-11-13,16.226,NA,NA,NA,285.86
1966-11-14,16.279,NA,NA,NA,285.863
1966-11-15,16.279,NA,NA,NA,285.863
1966-11-16,16.279,NA,NA,NA,285.863
1966-11-17,16.279,NA,NA,NA,285.863
1966-11-18,16.331,NA,NA,NA,285.866
1966-11-19,16.331,NA,NA,NA,285.866
1966-11-20,16.384,NA,NA,NA,285.869
1966-11-21,16.384,NA,NA,NA,285.869
1966-11-22,16.384,NA,NA,NA,285.869
1966-11-23,16.436,NA,NA,NA,285.872
1966-11-24,16.436,NA,NA,NA,285.872
1966-11-25,16.489,NA,NA,NA,285.875
1966-11-26,16.489,NA,NA,NA,285.875
1966-11-27,16.436,NA,NA,NA,285.872
1966-11-28,16.436,NA,NA,NA,285.872
1966-11-29,16.436,NA,NA,NA,285.872
1966-11-30,16.436,NA,NA,NA,285.872
1966-12-01,16.436,NA,NA,NA,285.872
1966-12-02,16.436,NA,NA,NA,285.872
1966-12-03,16.436,NA,NA,NA,285.872
1966-12-04,16.384,NA,NA,NA,285.869
1966-12-05,16.384,NA,NA,NA,285.869
1966-12-06,16.331,NA,NA,NA,285.866
1966-12-07,16.331,NA,NA,NA,285.866
1966-12-08,16.384,NA,NA,NA,285.869
1966-12-09,16.384,NA,NA,NA,285.869
1966-12-10,16.279,NA,NA,NA,285.863
1966-12-11,16.175,NA,NA,NA,285.857
1966-12-12,16.07,NA,NA,NA,285.851
1966-12-13,15.965,NA,NA,NA,285.844
1966-12-14,15.86,NA,NA,NA,285.838
1966-12-15,15.755,NA,NA,NA,285.832
1966-12-16,15.702,NA,NA,NA,285.829
1966-12-17,15.807,NA,NA,NA,285.835
1966-12-18,15.965,NA,NA,NA,285.844
1966-12-19,16.07,NA,NA,NA,285.851
1966-12-20,16.175,NA,NA,NA,285.857
1966-12-21,16.331,NA,NA,NA,285.866
1966-12-22,16.436,NA,NA,NA,285.872
1966-12-23,16.436,NA,NA,NA,285.872
1966-12-24,16.436,NA,NA,NA,285.872
1966-12-25,16.436,NA,NA,NA,285.872
1966-12-26,16.436,NA,NA,NA,285.872
1966-12-27,16.436,NA,NA,NA,285.872
1966-12-28,16.436,NA,NA,NA,285.872
1966-12-29,16.436,NA,NA,NA,285.872
1966-12-30,16.436,NA,NA,NA,285.872
1966-12-31,16.384,NA,NA,NA,285.869
1967-01-01,16.384,NA,NA,NA,285.869
1967-01-02,16.331,NA,NA,NA,285.866
1967-01-03,16.331,NA,NA,NA,285.866
1967-01-04,16.331,NA,NA,NA,285.866
1967-01-05,16.279,NA,NA,NA,285.863
1967-01-06,16.279,NA,NA,NA,285.863
1967-01-07,16.279,NA,NA,NA,285.863
1967-01-08,16.279,NA,NA,NA,285.863
1967-01-09,16.279,NA,NA,NA,285.863
1967-01-10,16.279,NA,NA,NA,285.863
1967-01-11,16.279,NA,NA,NA,285.863
1967-01-12,16.279,NA,NA,NA,285.863
1967-01-13,16.279,NA,NA,NA,285.863
1967-01-14,16.279,NA,NA,NA,285.863
1967-01-15,16.226,NA,NA,NA,285.86
1967-01-16,16.226,NA,NA,NA,285.86
1967-01-17,16.175,NA,NA,NA,285.857
1967-01-18,16.175,NA,NA,NA,285.857
1967-01-19,16.122,NA,NA,NA,285.854
1967-01-20,16.122,NA,NA,NA,285.854
1967-01-21,16.122,NA,NA,NA,285.854
1967-01-22,16.122,NA,NA,NA,285.854
1967-01-23,16.122,NA,NA,NA,285.854
1967-01-24,16.175,NA,NA,NA,285.857
1967-01-25,16.175,NA,NA,NA,285.857
1967-01-26,16.175,NA,NA,NA,285.857
1967-01-27,16.175,NA,NA,NA,285.857
1967-01-28,16.175,NA,NA,NA,285.857
1967-01-29,16.175,NA,NA,NA,285.857
1967-01-30,16.175,NA,NA,NA,285.857
1967-01-31,16.175,NA,NA,NA,285.857
1967-02-01,16.226,NA,NA,NA,285.86
1967-02-02,16.226,NA,NA,NA,285.86
1967-02-03,16.226,NA,NA,NA,285.86
1967-02-04,16.226,NA,NA,NA,285.86
1967-02-05,16.226,NA,NA,NA,285.86
1967-02-06,16.279,NA,NA,NA,285.863
1967-02-07,16.279,NA,NA,NA,285.863
1967-02-08,16.279,NA,NA,NA,285.863
1967-02-09,16.331,NA,NA,NA,285.866
1967-02-10,16.331,NA,NA,NA,285.866
1967-02-11,16.331,NA,NA,NA,285.866
1967-02-12,16.331,NA,NA,NA,285.866
1967-02-13,16.331,NA,NA,NA,285.866
1967-02-14,16.331,NA,NA,NA,285.866
1967-02-15,16.331,NA,NA,NA,285.866
1967-02-16,16.331,NA,NA,NA,285.866
1967-02-17,16.384,NA,NA,NA,285.869
1967-02-18,16.384,NA,NA,NA,285.869
1967-02-19,16.384,NA,NA,NA,285.869
1967-02-20,16.384,NA,NA,NA,285.869
1967-02-21,16.384,NA,NA,NA,285.869
1967-02-22,16.384,NA,NA,NA,285.869
1967-02-23,16.384,NA,NA,NA,285.869
1967-02-24,16.384,NA,NA,NA,285.869
1967-02-25,16.384,NA,NA,NA,285.869
1967-02-26,16.331,NA,NA,NA,285.866
1967-02-27,16.279,NA,NA,NA,285.863
1967-02-28,16.279,NA,NA,NA,285.863
1967-03-01,16.226,NA,NA,NA,285.86
1967-03-02,16.226,NA,NA,NA,285.86
1967-03-03,16.175,NA,NA,NA,285.857
1967-03-04,16.175,NA,NA,NA,285.857
1967-03-05,16.175,NA,NA,NA,285.857
1967-03-06,16.175,NA,NA,NA,285.857
1967-03-07,16.175,NA,NA,NA,285.857
1967-03-08,16.226,NA,NA,NA,285.86
1967-03-09,16.226,NA,NA,NA,285.86
1967-03-10,16.226,NA,NA,NA,285.86
1967-03-11,16.489,NA,NA,NA,285.875
1967-03-12,16.751,NA,NA,NA,285.89
1967-03-13,16.96,NA,NA,NA,285.902
1967-03-14,17.346,NA,NA,NA,285.918
1967-03-15,17.731,NA,NA,NA,285.933
1967-03-16,18.04,NA,NA,NA,285.945
1967-03-17,18.426,NA,NA,NA,285.96
1967-03-18,18.811,NA,NA,NA,285.976
1967-03-19,19.119,NA,NA,NA,285.988
1967-03-20,19.505,NA,NA,NA,286.003
1967-03-21,19.89,NA,NA,NA,286.018
1967-03-22,20.198,NA,NA,NA,286.03
1967-03-23,20.584,NA,NA,NA,286.046
1967-03-24,20.969,NA,NA,NA,286.061
1967-03-25,22.357,NA,NA,NA,286.116
1967-03-26,24.67,NA,NA,NA,286.207
1967-03-27,28.962,NA,NA,NA,286.354
1967-03-28,31.645,NA,NA,NA,286.445
1967-03-29,33.612,NA,NA,NA,286.512
1967-03-30,34.091,NA,NA,NA,286.527
1967-03-31,34.568,NA,NA,NA,286.542
1967-04-01,35.524,NA,NA,NA,286.573
1967-04-02,35.524,NA,NA,NA,286.573
1967-04-03,33.166,NA,NA,NA,286.497
1967-04-04,32.718,NA,NA,NA,286.482
1967-04-05,31.824,NA,NA,NA,286.451
1967-04-06,31.735,NA,NA,NA,286.448
1967-04-07,30.93,NA,NA,NA,286.421
1967-04-08,30.483,NA,NA,NA,286.405
1967-04-09,30.035,NA,NA,NA,286.39
1967-04-10,29.678,NA,NA,NA,286.378
1967-04-11,29.231,NA,NA,NA,286.363
1967-04-12,28.783,NA,NA,NA,286.347
1967-04-13,28.337,NA,NA,NA,286.332
1967-04-14,27.889,NA,NA,NA,286.317
1967-04-15,28.426,NA,NA,NA,286.335
1967-04-16,28.873,NA,NA,NA,286.35
1967-04-17,29.41,NA,NA,NA,286.369
1967-04-18,29.856,NA,NA,NA,286.384
1967-04-19,30.393,NA,NA,NA,286.402
1967-04-20,30.93,NA,NA,NA,286.421
1967-04-21,31.02,NA,NA,NA,286.424
1967-04-22,29.856,NA,NA,NA,286.384
1967-04-23,28.783,NA,NA,NA,286.347
1967-04-24,27.621,NA,NA,NA,286.308
1967-04-25,26.458,NA,NA,NA,286.268
1967-04-26,25.385,NA,NA,NA,286.232
1967-04-27,24.285,NA,NA,NA,286.192
1967-04-28,23.514,NA,NA,NA,286.161
1967-04-29,23.436,NA,NA,NA,286.158
1967-04-30,23.36,NA,NA,NA,286.155
1967-05-01,23.282,NA,NA,NA,286.152
1967-05-02,23.59,NA,NA,NA,286.165
1967-05-03,23.899,NA,NA,NA,286.177
1967-05-04,24.207,NA,NA,NA,286.189
1967-05-05,24.439,NA,NA,NA,286.198
1967-05-06,24.361,NA,NA,NA,286.195
1967-05-07,24.207,NA,NA,NA,286.189
1967-05-08,24.131,NA,NA,NA,286.186
1967-05-09,23.976,NA,NA,NA,286.18
1967-05-10,23.899,NA,NA,NA,286.177
1967-05-11,23.822,NA,NA,NA,286.174
1967-05-12,23.744,NA,NA,NA,286.171
1967-05-13,24.131,NA,NA,NA,286.186
1967-05-14,24.515,NA,NA,NA,286.201
1967-05-15,24.938,NA,NA,NA,286.216
1967-05-16,25.385,NA,NA,NA,286.232
1967-05-17,25.833,NA,NA,NA,286.247
1967-05-18,26.1,NA,NA,NA,286.256
1967-05-19,25.206,NA,NA,NA,286.225
1967-05-20,24.361,NA,NA,NA,286.195
1967-05-21,23.59,NA,NA,NA,286.165
1967-05-22,22.819,NA,NA,NA,286.134
1967-05-23,22.048,NA,NA,NA,286.104
1967-05-24,21.278,NA,NA,NA,286.073
1967-05-25,20.584,NA,NA,NA,286.046
1967-05-26,20.507,NA,NA,NA,286.043
1967-05-27,20.43,NA,NA,NA,286.04
1967-05-28,20.276,NA,NA,NA,286.033
1967-05-29,20.198,NA,NA,NA,286.03
1967-05-30,20.044,NA,NA,NA,286.024
1967-05-31,19.968,NA,NA,NA,286.021
1967-06-01,19.89,NA,NA,NA,286.018
1967-06-02,19.89,NA,NA,NA,286.018
1967-06-03,20.044,NA,NA,NA,286.024
1967-06-04,20.276,NA,NA,NA,286.033
1967-06-05,20.43,NA,NA,NA,286.04
1967-06-06,20.661,NA,NA,NA,286.049
1967-06-07,20.815,NA,NA,NA,286.055
1967-06-08,21.047,NA,NA,NA,286.064
1967-06-09,21.355,NA,NA,NA,286.076
1967-06-10,21.894,NA,NA,NA,286.097
1967-06-11,22.357,NA,NA,NA,286.116
1967-06-12,22.897,NA,NA,NA,286.137
1967-06-13,23.436,NA,NA,NA,286.158
1967-06-14,23.899,NA,NA,NA,286.177
1967-06-15,24.439,NA,NA,NA,286.198
1967-06-16,25.027,NA,NA,NA,286.219
1967-06-17,26.458,NA,NA,NA,286.268
1967-06-18,27.8,NA,NA,NA,286.314
1967-06-19,28.873,NA,NA,NA,286.35
1967-06-20,28.783,NA,NA,NA,286.347
1967-06-21,28.694,NA,NA,NA,286.344
1967-06-22,28.516,NA,NA,NA,286.338
1967-06-23,28.247,NA,NA,NA,286.329
1967-06-24,27.889,NA,NA,NA,286.317
1967-06-25,27.621,NA,NA,NA,286.308
1967-06-26,27.264,NA,NA,NA,286.296
1967-06-27,26.906,NA,NA,NA,286.283
1967-06-28,26.637,NA,NA,NA,286.274
1967-06-29,26.279,NA,NA,NA,286.262
1967-06-30,25.922,NA,NA,NA,286.25
1967-07-01,25.296,NA,NA,NA,286.229
1967-07-02,24.67,NA,NA,NA,286.207
1967-07-03,24.131,NA,NA,NA,286.186
1967-07-04,23.514,NA,NA,NA,286.161
1967-07-05,22.974,NA,NA,NA,286.14
1967-07-06,22.435,NA,NA,NA,286.119
1967-07-07,21.894,NA,NA,NA,286.097
1967-07-08,21.74,NA,NA,NA,286.091
1967-07-09,21.586,NA,NA,NA,286.085
1967-07-10,21.509,NA,NA,NA,286.082
1967-07-11,21.355,NA,NA,NA,286.076
1967-07-12,21.201,NA,NA,NA,286.07
1967-07-13,21.047,NA,NA,NA,286.064
1967-07-14,20.969,NA,NA,NA,286.061
1967-07-15,20.661,NA,NA,NA,286.049
1967-07-16,20.352,NA,NA,NA,286.037
1967-07-17,20.044,NA,NA,NA,286.024
1967-07-18,19.659,NA,NA,NA,286.009
1967-07-19,19.427,NA,NA,NA,286
1967-07-20,19.119,NA,NA,NA,285.988
1967-07-21,18.888,NA,NA,NA,285.979
1967-07-22,18.656,NA,NA,NA,285.969
1967-07-23,18.348,NA,NA,NA,285.957
1967-07-24,18.117,NA,NA,NA,285.948
1967-07-25,17.885,NA,NA,NA,285.939
1967-07-26,17.655,NA,NA,NA,285.93
1967-07-27,17.423,NA,NA,NA,285.921
1967-07-28,17.192,NA,NA,NA,285.912
1967-07-29,17.192,NA,NA,NA,285.912
1967-07-30,17.115,NA,NA,NA,285.908
1967-07-31,17.038,NA,NA,NA,285.905
1967-08-01,16.96,NA,NA,NA,285.902
1967-08-02,16.909,NA,NA,NA,285.899
1967-08-03,16.909,NA,NA,NA,285.899
1967-08-04,16.856,NA,NA,NA,285.896
1967-08-05,16.751,NA,NA,NA,285.89
1967-08-06,16.646,NA,NA,NA,285.884
1967-08-07,16.541,NA,NA,NA,285.878
1967-08-08,16.436,NA,NA,NA,285.872
1967-08-09,16.331,NA,NA,NA,285.866
1967-08-10,16.175,NA,NA,NA,285.857
1967-08-11,16.122,NA,NA,NA,285.854
1967-08-12,16.07,NA,NA,NA,285.851
1967-08-13,16.017,NA,NA,NA,285.848
1967-08-14,15.965,NA,NA,NA,285.844
1967-08-15,15.912,NA,NA,NA,285.841
1967-08-16,15.912,NA,NA,NA,285.841
1967-08-17,15.86,NA,NA,NA,285.838
1967-08-18,15.807,NA,NA,NA,285.835
1967-08-19,15.755,NA,NA,NA,285.832
1967-08-20,15.702,NA,NA,NA,285.829
1967-08-21,15.597,NA,NA,NA,285.823
1967-08-22,15.546,NA,NA,NA,285.82
1967-08-23,15.493,NA,NA,NA,285.817
1967-08-24,15.493,NA,NA,NA,285.817
1967-08-25,15.493,NA,NA,NA,285.817
1967-08-26,15.546,NA,NA,NA,285.82
1967-08-27,15.546,NA,NA,NA,285.82
1967-08-28,15.597,NA,NA,NA,285.823
1967-08-29,15.597,NA,NA,NA,285.823
1967-08-30,15.65,NA,NA,NA,285.826
1967-08-31,15.65,NA,NA,NA,285.826
1967-09-01,15.65,NA,NA,NA,285.826
1967-09-02,15.65,NA,NA,NA,285.826
1967-09-03,15.65,NA,NA,NA,285.826
1967-09-04,15.65,NA,NA,NA,285.826
1967-09-05,15.65,NA,NA,NA,285.826
1967-09-06,15.65,NA,NA,NA,285.826
1967-09-07,15.65,NA,NA,NA,285.826
1967-09-08,15.65,NA,NA,NA,285.826
1967-09-09,15.597,NA,NA,NA,285.823
1967-09-10,15.493,NA,NA,NA,285.817
1967-09-11,15.388,NA,NA,NA,285.811
1967-09-12,15.336,NA,NA,NA,285.808
1967-09-13,15.231,NA,NA,NA,285.802
1967-09-14,15.126,NA,NA,NA,285.796
1967-09-15,15.073,NA,NA,NA,285.793
1967-09-16,14.968,NA,NA,NA,285.787
1967-09-17,14.916,NA,NA,NA,285.784
1967-09-18,14.863,NA,NA,NA,285.78
1967-09-19,14.812,NA,NA,NA,285.777
1967-09-20,14.707,NA,NA,NA,285.771
1967-09-21,14.654,NA,NA,NA,285.768
1967-09-22,14.602,NA,NA,NA,285.765
1967-09-23,14.602,NA,NA,NA,285.765
1967-09-24,14.602,NA,NA,NA,285.765
1967-09-25,14.602,NA,NA,NA,285.765
1967-09-26,14.602,NA,NA,NA,285.765
1967-09-27,14.602,NA,NA,NA,285.765
1967-09-28,14.602,NA,NA,NA,285.765
1967-09-29,14.602,NA,NA,NA,285.765
1967-09-30,14.654,NA,NA,NA,285.768
1967-10-01,14.707,NA,NA,NA,285.771
1967-10-02,14.707,NA,NA,NA,285.771
1967-10-03,14.759,NA,NA,NA,285.774
1967-10-04,14.812,NA,NA,NA,285.777
1967-10-05,14.863,NA,NA,NA,285.78
1967-10-06,15.021,NA,NA,NA,285.79
1967-10-07,15.126,NA,NA,NA,285.796
1967-10-08,15.283,NA,NA,NA,285.805
1967-10-09,15.388,NA,NA,NA,285.811
1967-10-10,15.546,NA,NA,NA,285.82
1967-10-11,15.65,NA,NA,NA,285.826
1967-10-12,15.807,NA,NA,NA,285.835
1967-10-13,15.86,NA,NA,NA,285.838
1967-10-14,15.86,NA,NA,NA,285.838
1967-10-15,15.86,NA,NA,NA,285.838
1967-10-16,15.86,NA,NA,NA,285.838
1967-10-17,15.86,NA,NA,NA,285.838
1967-10-18,15.86,NA,NA,NA,285.838
1967-10-19,15.86,NA,NA,NA,285.838
1967-10-20,15.807,NA,NA,NA,285.835
1967-10-21,15.546,NA,NA,NA,285.82
1967-10-22,15.283,NA,NA,NA,285.805
1967-10-23,15.021,NA,NA,NA,285.79
1967-10-24,14.759,NA,NA,NA,285.774
1967-10-25,14.497,NA,NA,NA,285.759
1967-10-26,14.287,NA,NA,NA,285.747
1967-10-27,14.287,NA,NA,NA,285.747
1967-10-28,14.287,NA,NA,NA,285.747
1967-10-29,14.287,NA,NA,NA,285.747
1967-10-30,14.287,NA,NA,NA,285.747
1967-10-31,14.287,NA,NA,NA,285.747
1967-11-01,14.287,NA,NA,NA,285.747
1967-11-02,14.287,NA,NA,NA,285.747
1967-11-03,14.339,NA,NA,NA,285.75
1967-11-04,14.392,NA,NA,NA,285.753
1967-11-05,14.497,NA,NA,NA,285.759
1967-11-06,14.549,NA,NA,NA,285.762
1967-11-07,14.654,NA,NA,NA,285.768
1967-11-08,14.759,NA,NA,NA,285.774
1967-11-09,14.759,NA,NA,NA,285.774
1967-11-10,14.759,NA,NA,NA,285.774
1967-11-11,14.707,NA,NA,NA,285.771
1967-11-12,14.707,NA,NA,NA,285.771
1967-11-13,14.654,NA,NA,NA,285.768
1967-11-14,14.654,NA,NA,NA,285.768
1967-11-15,14.602,NA,NA,NA,285.765
1967-11-16,14.602,NA,NA,NA,285.765
1967-11-17,14.549,NA,NA,NA,285.762
1967-11-18,14.602,NA,NA,NA,285.765
1967-11-19,14.654,NA,NA,NA,285.768
1967-11-20,14.707,NA,NA,NA,285.771
1967-11-21,14.707,NA,NA,NA,285.771
1967-11-22,14.759,NA,NA,NA,285.774
1967-11-23,14.812,NA,NA,NA,285.777
1967-11-24,14.812,NA,NA,NA,285.777
1967-11-25,14.812,NA,NA,NA,285.777
1967-11-26,14.812,NA,NA,NA,285.777
1967-11-27,14.812,NA,NA,NA,285.777
1967-11-28,14.812,NA,NA,NA,285.777
1967-11-29,14.812,NA,NA,NA,285.777
1967-11-30,14.812,NA,NA,NA,285.777
1967-12-01,14.863,NA,NA,NA,285.78
1967-12-02,14.916,NA,NA,NA,285.784
1967-12-03,14.968,NA,NA,NA,285.787
1967-12-04,15.021,NA,NA,NA,285.79
1967-12-05,15.126,NA,NA,NA,285.796
1967-12-06,15.178,NA,NA,NA,285.799
1967-12-07,15.231,NA,NA,NA,285.802
1967-12-08,15.283,NA,NA,NA,285.805
1967-12-09,15.283,NA,NA,NA,285.805
1967-12-10,15.283,NA,NA,NA,285.805
1967-12-11,15.336,NA,NA,NA,285.808
1967-12-12,15.336,NA,NA,NA,285.808
1967-12-13,15.336,NA,NA,NA,285.808
1967-12-14,15.388,NA,NA,NA,285.811
1967-12-15,15.388,NA,NA,NA,285.811
1967-12-16,15.388,NA,NA,NA,285.811
1967-12-17,15.441,NA,NA,NA,285.814
1967-12-18,15.441,NA,NA,NA,285.814
1967-12-19,15.441,NA,NA,NA,285.814
1967-12-20,15.441,NA,NA,NA,285.814
1967-12-21,15.493,NA,NA,NA,285.817
1967-12-22,15.493,NA,NA,NA,285.817
1967-12-23,15.493,NA,NA,NA,285.817
1967-12-24,15.493,NA,NA,NA,285.817
1967-12-25,15.441,NA,NA,NA,285.814
1967-12-26,15.441,NA,NA,NA,285.814
1967-12-27,15.441,NA,NA,NA,285.814
1967-12-28,15.441,NA,NA,NA,285.814
1967-12-29,15.441,NA,NA,NA,285.814
1967-12-30,15.388,NA,NA,NA,285.811
1967-12-31,15.388,NA,NA,NA,285.811
1968-01-01,15.388,NA,NA,NA,285.811
1968-01-02,15.388,NA,NA,NA,285.811
1968-01-03,15.336,NA,NA,NA,285.808
1968-01-04,15.336,NA,NA,NA,285.808
1968-01-05,15.336,NA,NA,NA,285.808
1968-01-06,15.283,NA,NA,NA,285.805
1968-01-07,15.283,NA,NA,NA,285.805
1968-01-08,15.231,NA,NA,NA,285.802
1968-01-09,15.178,NA,NA,NA,285.799
1968-01-10,15.178,NA,NA,NA,285.799
1968-01-11,15.126,NA,NA,NA,285.796
1968-01-12,15.126,NA,NA,NA,285.796
1968-01-13,15.126,NA,NA,NA,285.796
1968-01-14,15.126,NA,NA,NA,285.796
1968-01-15,15.126,NA,NA,NA,285.796
1968-01-16,15.126,NA,NA,NA,285.796
1968-01-17,15.126,NA,NA,NA,285.796
1968-01-18,15.126,NA,NA,NA,285.796
1968-01-19,15.126,NA,NA,NA,285.796
1968-01-20,15.178,NA,NA,NA,285.799
1968-01-21,15.178,NA,NA,NA,285.799
1968-01-22,15.178,NA,NA,NA,285.799
1968-01-23,15.231,NA,NA,NA,285.802
1968-01-24,15.231,NA,NA,NA,285.802
1968-01-25,15.231,NA,NA,NA,285.802
1968-01-26,15.336,NA,NA,NA,285.808
1968-01-27,15.388,NA,NA,NA,285.811
1968-01-28,15.493,NA,NA,NA,285.817
1968-01-29,15.546,NA,NA,NA,285.82
1968-01-30,15.597,NA,NA,NA,285.823
1968-01-31,15.597,NA,NA,NA,285.823
1968-02-01,15.493,NA,NA,NA,285.817
1968-02-02,15.388,NA,NA,NA,285.811
1968-02-03,15.388,NA,NA,NA,285.811
1968-02-04,15.388,NA,NA,NA,285.811
1968-02-05,15.441,NA,NA,NA,285.814
1968-02-06,15.441,NA,NA,NA,285.814
1968-02-07,15.441,NA,NA,NA,285.814
1968-02-08,15.441,NA,NA,NA,285.814
1968-02-09,15.441,NA,NA,NA,285.814
1968-02-10,15.493,NA,NA,NA,285.817
1968-02-11,15.493,NA,NA,NA,285.817
1968-02-12,15.493,NA,NA,NA,285.817
1968-02-13,15.493,NA,NA,NA,285.817
1968-02-14,15.493,NA,NA,NA,285.817
1968-02-15,15.493,NA,NA,NA,285.817
1968-02-16,15.493,NA,NA,NA,285.817
1968-02-17,15.441,NA,NA,NA,285.814
1968-02-18,15.441,NA,NA,NA,285.814
1968-02-19,15.388,NA,NA,NA,285.811
1968-02-20,15.336,NA,NA,NA,285.808
1968-02-21,15.336,NA,NA,NA,285.808
1968-02-22,15.283,NA,NA,NA,285.805
1968-02-23,15.231,NA,NA,NA,285.802
1968-02-24,15.231,NA,NA,NA,285.802
1968-02-25,15.231,NA,NA,NA,285.802
1968-02-26,15.231,NA,NA,NA,285.802
1968-02-27,15.231,NA,NA,NA,285.802
1968-02-28,15.231,NA,NA,NA,285.802
1968-02-29,15.231,NA,NA,NA,285.802
1968-03-01,15.283,NA,NA,NA,285.805
1968-03-02,15.388,NA,NA,NA,285.811
1968-03-03,15.493,NA,NA,NA,285.817
1968-03-04,15.546,NA,NA,NA,285.82
1968-03-05,15.65,NA,NA,NA,285.826
1968-03-06,15.702,NA,NA,NA,285.829
1968-03-07,15.807,NA,NA,NA,285.835
1968-03-08,15.912,NA,NA,NA,285.841
1968-03-09,15.912,NA,NA,NA,285.841
1968-03-10,15.965,NA,NA,NA,285.844
1968-03-11,15.965,NA,NA,NA,285.844
1968-03-12,16.017,NA,NA,NA,285.848
1968-03-13,16.07,NA,NA,NA,285.851
1968-03-14,16.07,NA,NA,NA,285.851
1968-03-15,16.122,NA,NA,NA,285.854
1968-03-16,16.122,NA,NA,NA,285.854
1968-03-17,16.122,NA,NA,NA,285.854
1968-03-18,16.122,NA,NA,NA,285.854
1968-03-19,16.122,NA,NA,NA,285.854
1968-03-20,16.122,NA,NA,NA,285.854
1968-03-21,16.226,NA,NA,NA,285.86
1968-03-22,16.384,NA,NA,NA,285.869
1968-03-23,16.489,NA,NA,NA,285.875
1968-03-24,16.594,NA,NA,NA,285.881
1968-03-25,16.751,NA,NA,NA,285.89
1968-03-26,16.856,NA,NA,NA,285.896
1968-03-27,17.038,NA,NA,NA,285.905
1968-03-28,17.192,NA,NA,NA,285.912
1968-03-29,17.269,NA,NA,NA,285.915
1968-03-30,17.192,NA,NA,NA,285.912
1968-03-31,17.115,NA,NA,NA,285.908
1968-04-01,17.038,NA,NA,NA,285.905
1968-04-02,16.96,NA,NA,NA,285.902
1968-04-03,16.909,NA,NA,NA,285.899
1968-04-04,16.856,NA,NA,NA,285.896
1968-04-05,16.804,NA,NA,NA,285.893
1968-04-06,16.909,NA,NA,NA,285.899
1968-04-07,17.038,NA,NA,NA,285.905
1968-04-08,17.115,NA,NA,NA,285.908
1968-04-09,17.269,NA,NA,NA,285.915
1968-04-10,17.423,NA,NA,NA,285.921
1968-04-11,17.577,NA,NA,NA,285.927
1968-04-12,17.655,NA,NA,NA,285.93
1968-04-13,17.423,NA,NA,NA,285.921
1968-04-14,17.192,NA,NA,NA,285.912
1968-04-15,16.909,NA,NA,NA,285.899
1968-04-16,16.751,NA,NA,NA,285.89
1968-04-17,16.541,NA,NA,NA,285.878
1968-04-18,16.489,NA,NA,NA,285.875
1968-04-19,16.646,NA,NA,NA,285.884
1968-04-20,16.856,NA,NA,NA,285.896
1968-04-21,17.038,NA,NA,NA,285.905
1968-04-22,17.346,NA,NA,NA,285.918
1968-04-23,17.577,NA,NA,NA,285.927
1968-04-24,17.809,NA,NA,NA,285.936
1968-04-25,18.117,NA,NA,NA,285.948
1968-04-26,18.348,NA,NA,NA,285.957
1968-04-27,18.348,NA,NA,NA,285.957
1968-04-28,18.348,NA,NA,NA,285.957
1968-04-29,18.348,NA,NA,NA,285.957
1968-04-30,18.426,NA,NA,NA,285.96
1968-05-01,18.426,NA,NA,NA,285.96
1968-05-02,18.502,NA,NA,NA,285.963
1968-05-03,18.348,NA,NA,NA,285.957
1968-05-04,18.194,NA,NA,NA,285.951
1968-05-05,17.963,NA,NA,NA,285.942
1968-05-06,17.731,NA,NA,NA,285.933
1968-05-07,17.577,NA,NA,NA,285.927
1968-05-08,17.346,NA,NA,NA,285.918
1968-05-09,17.192,NA,NA,NA,285.912
1968-05-10,16.96,NA,NA,NA,285.902
1968-05-11,16.96,NA,NA,NA,285.902
1968-05-12,16.909,NA,NA,NA,285.899
1968-05-13,16.909,NA,NA,NA,285.899
1968-05-14,16.909,NA,NA,NA,285.899
1968-05-15,16.856,NA,NA,NA,285.896
1968-05-16,16.856,NA,NA,NA,285.896
1968-05-17,16.856,NA,NA,NA,285.896
1968-05-18,16.804,NA,NA,NA,285.893
1968-05-19,16.804,NA,NA,NA,285.893
1968-05-20,16.751,NA,NA,NA,285.89
1968-05-21,16.751,NA,NA,NA,285.89
1968-05-22,16.699,NA,NA,NA,285.887
1968-05-23,16.699,NA,NA,NA,285.887
1968-05-24,16.699,NA,NA,NA,285.887
1968-05-25,16.699,NA,NA,NA,285.887
1968-05-26,16.699,NA,NA,NA,285.887
1968-05-27,16.699,NA,NA,NA,285.887
1968-05-28,16.699,NA,NA,NA,285.887
1968-05-29,16.699,NA,NA,NA,285.887
1968-05-30,16.699,NA,NA,NA,285.887
1968-05-31,16.699,NA,NA,NA,285.887
1968-06-01,16.699,NA,NA,NA,285.887
1968-06-02,16.646,NA,NA,NA,285.884
1968-06-03,16.646,NA,NA,NA,285.884
1968-06-04,16.594,NA,NA,NA,285.881
1968-06-05,16.594,NA,NA,NA,285.881
1968-06-06,16.541,NA,NA,NA,285.878
1968-06-07,16.541,NA,NA,NA,285.878
1968-06-08,16.594,NA,NA,NA,285.881
1968-06-09,16.699,NA,NA,NA,285.887
1968-06-10,16.751,NA,NA,NA,285.89
1968-06-11,16.804,NA,NA,NA,285.893
1968-06-12,16.856,NA,NA,NA,285.896
1968-06-13,16.909,NA,NA,NA,285.899
1968-06-14,16.96,NA,NA,NA,285.902
1968-06-15,16.856,NA,NA,NA,285.896
1968-06-16,16.804,NA,NA,NA,285.893
1968-06-17,16.751,NA,NA,NA,285.89
1968-06-18,16.699,NA,NA,NA,285.887
1968-06-19,16.594,NA,NA,NA,285.881
1968-06-20,16.541,NA,NA,NA,285.878
1968-06-21,16.489,NA,NA,NA,285.875
1968-06-22,16.489,NA,NA,NA,285.875
1968-06-23,16.489,NA,NA,NA,285.875
1968-06-24,16.489,NA,NA,NA,285.875
1968-06-25,16.436,NA,NA,NA,285.872
1968-06-26,16.436,NA,NA,NA,285.872
1968-06-27,16.436,NA,NA,NA,285.872
1968-06-28,16.436,NA,NA,NA,285.872
1968-06-29,16.489,NA,NA,NA,285.875
1968-06-30,16.489,NA,NA,NA,285.875
1968-07-01,16.541,NA,NA,NA,285.878
1968-07-02,16.594,NA,NA,NA,285.881
1968-07-03,16.594,NA,NA,NA,285.881
1968-07-04,16.646,NA,NA,NA,285.884
1968-07-05,16.646,NA,NA,NA,285.884
1968-07-06,16.594,NA,NA,NA,285.881
1968-07-07,16.489,NA,NA,NA,285.875
1968-07-08,16.384,NA,NA,NA,285.869
1968-07-09,16.279,NA,NA,NA,285.863
1968-07-10,16.175,NA,NA,NA,285.857
1968-07-11,16.122,NA,NA,NA,285.854
1968-07-12,16.017,NA,NA,NA,285.848
1968-07-13,16.017,NA,NA,NA,285.848
1968-07-14,16.017,NA,NA,NA,285.848
1968-07-15,16.017,NA,NA,NA,285.848
1968-07-16,16.017,NA,NA,NA,285.848
1968-07-17,16.017,NA,NA,NA,285.848
1968-07-18,15.965,NA,NA,NA,285.844
1968-07-19,15.965,NA,NA,NA,285.844
1968-07-20,15.86,NA,NA,NA,285.838
1968-07-21,15.755,NA,NA,NA,285.832
1968-07-22,15.65,NA,NA,NA,285.826
1968-07-23,15.546,NA,NA,NA,285.82
1968-07-24,15.441,NA,NA,NA,285.814
1968-07-25,15.388,NA,NA,NA,285.811
1968-07-26,15.441,NA,NA,NA,285.814
1968-07-27,15.493,NA,NA,NA,285.817
1968-07-28,15.546,NA,NA,NA,285.82
1968-07-29,15.597,NA,NA,NA,285.823
1968-07-30,15.702,NA,NA,NA,285.829
1968-07-31,15.755,NA,NA,NA,285.832
1968-08-01,15.755,NA,NA,NA,285.832
1968-08-02,15.807,NA,NA,NA,285.835
1968-08-03,15.807,NA,NA,NA,285.835
1968-08-04,15.86,NA,NA,NA,285.838
1968-08-05,15.86,NA,NA,NA,285.838
1968-08-06,15.912,NA,NA,NA,285.841
1968-08-07,15.912,NA,NA,NA,285.841
1968-08-08,15.965,NA,NA,NA,285.844
1968-08-09,15.912,NA,NA,NA,285.841
1968-08-10,15.86,NA,NA,NA,285.838
1968-08-11,15.755,NA,NA,NA,285.832
1968-08-12,15.702,NA,NA,NA,285.829
1968-08-13,15.597,NA,NA,NA,285.823
1968-08-14,15.546,NA,NA,NA,285.82
1968-08-15,15.441,NA,NA,NA,285.814
1968-08-16,15.388,NA,NA,NA,285.811
1968-08-17,15.283,NA,NA,NA,285.805
1968-08-18,15.231,NA,NA,NA,285.802
1968-08-19,15.126,NA,NA,NA,285.796
1968-08-20,15.073,NA,NA,NA,285.793
1968-08-21,14.968,NA,NA,NA,285.787
1968-08-22,14.863,NA,NA,NA,285.78
1968-08-23,14.863,NA,NA,NA,285.78
1968-08-24,14.863,NA,NA,NA,285.78
1968-08-25,14.863,NA,NA,NA,285.78
1968-08-26,14.863,NA,NA,NA,285.78
1968-08-27,14.863,NA,NA,NA,285.78
1968-08-28,14.863,NA,NA,NA,285.78
1968-08-29,14.863,NA,NA,NA,285.78
1968-08-30,14.863,NA,NA,NA,285.78
1968-08-31,14.863,NA,NA,NA,285.78
1968-09-01,14.863,NA,NA,NA,285.78
1968-09-02,14.863,NA,NA,NA,285.78
1968-09-03,14.863,NA,NA,NA,285.78
1968-09-04,14.863,NA,NA,NA,285.78
1968-09-05,14.812,NA,NA,NA,285.777
1968-09-06,14.812,NA,NA,NA,285.777
1968-09-07,14.759,NA,NA,NA,285.774
1968-09-08,14.759,NA,NA,NA,285.774
1968-09-09,14.707,NA,NA,NA,285.771
1968-09-10,14.707,NA,NA,NA,285.771
1968-09-11,14.654,NA,NA,NA,285.768
1968-09-12,14.602,NA,NA,NA,285.765
1968-09-13,14.602,NA,NA,NA,285.765
1968-09-14,14.602,NA,NA,NA,285.765
1968-09-15,14.602,NA,NA,NA,285.765
1968-09-16,14.602,NA,NA,NA,285.765
1968-09-17,14.549,NA,NA,NA,285.762
1968-09-18,14.549,NA,NA,NA,285.762
1968-09-19,14.549,NA,NA,NA,285.762
1968-09-20,14.549,NA,NA,NA,285.762
1968-09-21,14.497,NA,NA,NA,285.759
1968-09-22,14.497,NA,NA,NA,285.759
1968-09-23,14.444,NA,NA,NA,285.756
1968-09-24,14.444,NA,NA,NA,285.756
1968-09-25,14.444,NA,NA,NA,285.756
1968-09-26,14.444,NA,NA,NA,285.756
1968-09-27,14.392,NA,NA,NA,285.753
1968-09-28,14.392,NA,NA,NA,285.753
1968-09-29,14.339,NA,NA,NA,285.75
1968-09-30,14.287,NA,NA,NA,285.747
1968-10-01,14.234,NA,NA,NA,285.744
1968-10-02,14.183,NA,NA,NA,285.741
1968-10-03,14.13,NA,NA,NA,285.738
1968-10-04,14.078,NA,NA,NA,285.735
1968-10-05,14.078,NA,NA,NA,285.735
1968-10-06,14.078,NA,NA,NA,285.735
1968-10-07,14.025,NA,NA,NA,285.732
1968-10-08,14.025,NA,NA,NA,285.732
1968-10-09,14.025,NA,NA,NA,285.732
1968-10-10,14.025,NA,NA,NA,285.732
1968-10-11,14.183,NA,NA,NA,285.741
1968-10-12,14.549,NA,NA,NA,285.762
1968-10-13,14.863,NA,NA,NA,285.78
1968-10-14,15.178,NA,NA,NA,285.799
1968-10-15,15.493,NA,NA,NA,285.817
1968-10-16,15.807,NA,NA,NA,285.835
1968-10-17,16.175,NA,NA,NA,285.857
1968-10-18,16.436,NA,NA,NA,285.872
1968-10-19,16.331,NA,NA,NA,285.866
1968-10-20,16.279,NA,NA,NA,285.863
1968-10-21,16.175,NA,NA,NA,285.857
1968-10-22,16.122,NA,NA,NA,285.854
1968-10-23,16.017,NA,NA,NA,285.848
1968-10-24,15.965,NA,NA,NA,285.844
1968-10-25,15.86,NA,NA,NA,285.838
1968-10-26,15.807,NA,NA,NA,285.835
1968-10-27,15.702,NA,NA,NA,285.829
1968-10-28,15.65,NA,NA,NA,285.826
1968-10-29,15.546,NA,NA,NA,285.82
1968-10-30,15.493,NA,NA,NA,285.817
1968-10-31,15.388,NA,NA,NA,285.811
1968-11-01,15.388,NA,NA,NA,285.811
1968-11-02,15.336,NA,NA,NA,285.808
1968-11-03,15.336,NA,NA,NA,285.808
1968-11-04,15.283,NA,NA,NA,285.805
1968-11-05,15.283,NA,NA,NA,285.805
1968-11-06,15.231,NA,NA,NA,285.802
1968-11-07,15.231,NA,NA,NA,285.802
1968-11-08,15.231,NA,NA,NA,285.802
1968-11-09,15.336,NA,NA,NA,285.808
1968-11-10,15.388,NA,NA,NA,285.811
1968-11-11,15.441,NA,NA,NA,285.814
1968-11-12,15.546,NA,NA,NA,285.82
1968-11-13,15.597,NA,NA,NA,285.823
1968-11-14,15.702,NA,NA,NA,285.829
1968-11-15,15.755,NA,NA,NA,285.832
1968-11-16,15.755,NA,NA,NA,285.832
1968-11-17,15.807,NA,NA,NA,285.835
1968-11-18,15.807,NA,NA,NA,285.835
1968-11-19,15.807,NA,NA,NA,285.835
1968-11-20,15.86,NA,NA,NA,285.838
1968-11-21,15.86,NA,NA,NA,285.838
1968-11-22,15.86,NA,NA,NA,285.838
1968-11-23,15.86,NA,NA,NA,285.838
1968-11-24,15.86,NA,NA,NA,285.838
1968-11-25,15.86,NA,NA,NA,285.838
1968-11-26,15.86,NA,NA,NA,285.838
1968-11-27,15.86,NA,NA,NA,285.838
1968-11-28,15.86,NA,NA,NA,285.838
1968-11-29,15.912,NA,NA,NA,285.841
1968-11-30,15.912,NA,NA,NA,285.841
1968-12-01,15.912,NA,NA,NA,285.841
1968-12-02,15.965,NA,NA,NA,285.844
1968-12-03,15.965,NA,NA,NA,285.844
1968-12-04,15.965,NA,NA,NA,285.844
1968-12-05,16.017,NA,NA,NA,285.848
1968-12-06,16.017,NA,NA,NA,285.848
1968-12-07,15.965,NA,NA,NA,285.844
1968-12-08,15.912,NA,NA,NA,285.841
1968-12-09,15.86,NA,NA,NA,285.838
1968-12-10,15.807,NA,NA,NA,285.835
1968-12-11,15.755,NA,NA,NA,285.832
1968-12-12,15.755,NA,NA,NA,285.832
1968-12-13,15.755,NA,NA,NA,285.832
1968-12-14,15.807,NA,NA,NA,285.835
1968-12-15,15.807,NA,NA,NA,285.835
1968-12-16,15.807,NA,NA,NA,285.835
1968-12-17,15.807,NA,NA,NA,285.835
1968-12-18,15.86,NA,NA,NA,285.838
1968-12-19,15.86,NA,NA,NA,285.838
1968-12-20,15.86,NA,NA,NA,285.838
1968-12-21,15.86,NA,NA,NA,285.838
1968-12-22,15.86,NA,NA,NA,285.838
1968-12-23,15.807,NA,NA,NA,285.835
1968-12-24,15.807,NA,NA,NA,285.835
1968-12-25,15.807,NA,NA,NA,285.835
1968-12-26,15.755,NA,NA,NA,285.832
1968-12-27,15.755,NA,NA,NA,285.832
1968-12-28,15.755,NA,NA,NA,285.832
1968-12-29,15.702,NA,NA,NA,285.829
1968-12-30,15.702,NA,NA,NA,285.829
1968-12-31,15.702,NA,NA,NA,285.829
1969-01-01,15.65,NA,NA,NA,285.826
1969-01-02,15.65,NA,NA,NA,285.826
1969-01-03,15.65,NA,NA,NA,285.826
1969-01-04,15.65,NA,NA,NA,285.826
1969-01-05,15.65,NA,NA,NA,285.826
1969-01-06,15.702,NA,NA,NA,285.829
1969-01-07,15.702,NA,NA,NA,285.829
1969-01-08,15.755,NA,NA,NA,285.832
1969-01-09,15.755,NA,NA,NA,285.832
1969-01-10,15.755,NA,NA,NA,285.832
1969-01-11,15.755,NA,NA,NA,285.832
1969-01-12,15.755,NA,NA,NA,285.832
1969-01-13,15.755,NA,NA,NA,285.832
1969-01-14,15.755,NA,NA,NA,285.832
1969-01-15,15.755,NA,NA,NA,285.832
1969-01-16,15.755,NA,NA,NA,285.832
1969-01-17,15.755,NA,NA,NA,285.832
1969-01-18,15.807,NA,NA,NA,285.835
1969-01-19,15.807,NA,NA,NA,285.835
1969-01-20,15.807,NA,NA,NA,285.835
1969-01-21,15.807,NA,NA,NA,285.835
1969-01-22,15.807,NA,NA,NA,285.835
1969-01-23,15.86,NA,NA,NA,285.838
1969-01-24,15.86,NA,NA,NA,285.838
1969-01-25,15.86,NA,NA,NA,285.838
1969-01-26,15.86,NA,NA,NA,285.838
1969-01-27,15.86,NA,NA,NA,285.838
1969-01-28,15.807,NA,NA,NA,285.835
1969-01-29,15.807,NA,NA,NA,285.835
1969-01-30,15.755,NA,NA,NA,285.832
1969-01-31,15.65,NA,NA,NA,285.826
1969-02-01,15.65,NA,NA,NA,285.826
1969-02-02,15.702,NA,NA,NA,285.829
1969-02-03,15.702,NA,NA,NA,285.829
1969-02-04,15.702,NA,NA,NA,285.829
1969-02-05,15.702,NA,NA,NA,285.829
1969-02-06,15.702,NA,NA,NA,285.829
1969-02-07,15.702,NA,NA,NA,285.829
1969-02-08,15.702,NA,NA,NA,285.829
1969-02-09,15.702,NA,NA,NA,285.829
1969-02-10,15.755,NA,NA,NA,285.832
1969-02-11,15.755,NA,NA,NA,285.832
1969-02-12,15.755,NA,NA,NA,285.832
1969-02-13,15.755,NA,NA,NA,285.832
1969-02-14,15.755,NA,NA,NA,285.832
1969-02-15,15.755,NA,NA,NA,285.832
1969-02-16,15.755,NA,NA,NA,285.832
1969-02-17,15.755,NA,NA,NA,285.832
1969-02-18,15.755,NA,NA,NA,285.832
1969-02-19,15.807,NA,NA,NA,285.835
1969-02-20,15.807,NA,NA,NA,285.835
1969-02-21,15.807,NA,NA,NA,285.835
1969-02-22,15.807,NA,NA,NA,285.835
1969-02-23,15.807,NA,NA,NA,285.835
1969-02-24,15.807,NA,NA,NA,285.835
1969-02-25,15.807,NA,NA,NA,285.835
1969-02-26,15.807,NA,NA,NA,285.835
1969-02-27,15.807,NA,NA,NA,285.835
1969-02-28,15.807,NA,NA,NA,285.835
1969-03-01,15.86,NA,NA,NA,285.838
1969-03-02,15.86,NA,NA,NA,285.838
1969-03-03,15.86,NA,NA,NA,285.838
1969-03-04,15.86,NA,NA,NA,285.838
1969-03-05,15.86,NA,NA,NA,285.838
1969-03-06,15.86,NA,NA,NA,285.838
1969-03-07,15.86,NA,NA,NA,285.838
1969-03-08,15.86,NA,NA,NA,285.838
1969-03-09,15.86,NA,NA,NA,285.838
1969-03-10,15.912,NA,NA,NA,285.841
1969-03-11,15.965,NA,NA,NA,285.844
1969-03-12,16.017,NA,NA,NA,285.848
1969-03-13,16.017,NA,NA,NA,285.848
1969-03-14,16.07,NA,NA,NA,285.851
1969-03-15,16.122,NA,NA,NA,285.854
1969-03-16,16.175,NA,NA,NA,285.857
1969-03-17,16.226,NA,NA,NA,285.86
1969-03-18,16.279,NA,NA,NA,285.863
1969-03-19,16.331,NA,NA,NA,285.866
1969-03-20,16.384,NA,NA,NA,285.869
1969-03-21,16.436,NA,NA,NA,285.872
1969-03-22,16.489,NA,NA,NA,285.875
1969-03-23,16.594,NA,NA,NA,285.881
1969-03-24,16.646,NA,NA,NA,285.884
1969-03-25,16.751,NA,NA,NA,285.89
1969-03-26,16.751,NA,NA,NA,285.89
1969-03-27,16.751,NA,NA,NA,285.89
1969-03-28,16.751,NA,NA,NA,285.89
1969-03-29,16.856,NA,NA,NA,285.896
1969-03-30,16.909,NA,NA,NA,285.899
1969-03-31,17.038,NA,NA,NA,285.905
1969-04-01,17.192,NA,NA,NA,285.912
1969-04-02,17.269,NA,NA,NA,285.915
1969-04-03,17.423,NA,NA,NA,285.921
1969-04-04,17.731,NA,NA,NA,285.933
1969-04-05,18.117,NA,NA,NA,285.948
1969-04-06,18.502,NA,NA,NA,285.963
1969-04-07,18.502,NA,NA,NA,285.963
1969-04-08,20.584,NA,NA,NA,286.046
1969-04-09,27.085,NA,NA,NA,286.289
1969-04-10,57.789,NA,NA,NA,287.213
1969-04-11,71.418,NA,NA,NA,287.548
1969-04-12,96.828,NA,NA,NA,288.097
1969-04-13,102.225,NA,NA,NA,288.204
1969-04-14,90.907,NA,NA,NA,287.975
1969-04-15,89.205,NA,NA,NA,287.938
1969-04-16,85.517,NA,NA,NA,287.859
1969-04-17,82.822,NA,NA,NA,287.801
1969-04-18,74.539,NA,NA,NA,287.618
1969-04-19,68.705,NA,NA,NA,287.487
1969-04-20,64.819,NA,NA,NA,287.396
1969-04-21,60.132,NA,NA,NA,287.274
1969-04-22,55.796,NA,NA,NA,287.161
1969-04-23,55.679,NA,NA,NA,287.158
1969-04-24,53.163,NA,NA,NA,287.091
1969-04-25,52.053,NA,NA,NA,287.061
1969-04-26,52.053,NA,NA,NA,287.061
1969-04-27,49.833,NA,NA,NA,287
1969-04-28,48.722,NA,NA,NA,286.969
1969-04-29,46.502,NA,NA,NA,286.908
1969-04-30,44.282,NA,NA,NA,286.847
1969-05-01,45.392,NA,NA,NA,286.878
1969-05-02,38.966,NA,NA,NA,286.683
1969-05-03,42.503,NA,NA,NA,286.795
1969-05-04,41.738,NA,NA,NA,286.771
1969-05-05,42.216,NA,NA,NA,286.786
1969-05-06,43.172,NA,NA,NA,286.817
1969-05-07,44.282,NA,NA,NA,286.847
1969-05-08,44.282,NA,NA,NA,286.847
1969-05-09,43.172,NA,NA,NA,286.817
1969-05-10,42.025,NA,NA,NA,286.78
1969-05-11,40.591,NA,NA,NA,286.735
1969-05-12,39.348,NA,NA,NA,286.695
1969-05-13,39.348,NA,NA,NA,286.695
1969-05-14,39.348,NA,NA,NA,286.695
1969-05-15,39.348,NA,NA,NA,286.695
1969-05-16,39.827,NA,NA,NA,286.71
1969-05-17,38.392,NA,NA,NA,286.664
1969-05-18,43.172,NA,NA,NA,286.817
1969-05-19,46.502,NA,NA,NA,286.908
1969-05-20,46.502,NA,NA,NA,286.908
1969-05-21,44.282,NA,NA,NA,286.847
1969-05-22,44.171,NA,NA,NA,286.844
1969-05-23,53.163,NA,NA,NA,287.091
1969-05-24,40.304,NA,NA,NA,286.725
1969-05-25,40.018,NA,NA,NA,286.716
1969-05-26,39.348,NA,NA,NA,286.695
1969-05-27,38.392,NA,NA,NA,286.664
1969-05-28,37.436,NA,NA,NA,286.634
1969-05-29,36.385,NA,NA,NA,286.6
1969-05-30,35.907,NA,NA,NA,286.585
1969-05-31,35.429,NA,NA,NA,286.57
1969-06-01,34.951,NA,NA,NA,286.555
1969-06-02,34.473,NA,NA,NA,286.539
1969-06-03,33.995,NA,NA,NA,286.524
1969-06-04,33.524,NA,NA,NA,286.509
1969-06-05,32.45,NA,NA,NA,286.472
1969-06-06,31.466,NA,NA,NA,286.439
1969-06-07,30.841,NA,NA,NA,286.418
1969-06-08,30.304,NA,NA,NA,286.399
1969-06-09,29.768,NA,NA,NA,286.381
1969-06-10,29.32,NA,NA,NA,286.366
1969-06-11,28.962,NA,NA,NA,286.354
1969-06-12,28.068,NA,NA,NA,286.323
1969-06-13,27.352,NA,NA,NA,286.299
1969-06-14,26.995,NA,NA,NA,286.286
1969-06-15,26.727,NA,NA,NA,286.277
1969-06-16,26.458,NA,NA,NA,286.268
1969-06-17,26.458,NA,NA,NA,286.268
1969-06-18,26.458,NA,NA,NA,286.268
1969-06-19,25.564,NA,NA,NA,286.238
1969-06-20,24.593,NA,NA,NA,286.204
1969-06-21,24.053,NA,NA,NA,286.183
1969-06-22,23.59,NA,NA,NA,286.165
1969-06-23,23.051,NA,NA,NA,286.143
1969-06-24,22.511,NA,NA,NA,286.122
1969-06-25,21.972,NA,NA,NA,286.101
1969-06-26,21.586,NA,NA,NA,286.085
1969-06-27,21.355,NA,NA,NA,286.076
1969-06-28,21.664,NA,NA,NA,286.088
1969-06-29,21.972,NA,NA,NA,286.101
1969-06-30,22.203,NA,NA,NA,286.11
1969-07-01,21.586,NA,NA,NA,286.085
1969-07-02,21.123,NA,NA,NA,286.067
1969-07-03,20.815,NA,NA,NA,286.055
1969-07-04,20.584,NA,NA,NA,286.046
1969-07-05,20.276,NA,NA,NA,286.033
1969-07-06,20.044,NA,NA,NA,286.024
1969-07-07,19.89,NA,NA,NA,286.018
1969-07-08,21.047,NA,NA,NA,286.064
1969-07-09,22.126,NA,NA,NA,286.107
1969-07-10,22.203,NA,NA,NA,286.11
1969-07-11,22.203,NA,NA,NA,286.11
1969-07-12,21.894,NA,NA,NA,286.097
1969-07-13,21.586,NA,NA,NA,286.085
1969-07-14,21.355,NA,NA,NA,286.076
1969-07-15,21.432,NA,NA,NA,286.079
1969-07-16,21.432,NA,NA,NA,286.079
1969-07-17,20.893,NA,NA,NA,286.058
1969-07-18,20.507,NA,NA,NA,286.043
1969-07-19,20.352,NA,NA,NA,286.037
1969-07-20,20.198,NA,NA,NA,286.03
1969-07-21,19.968,NA,NA,NA,286.021
1969-07-22,19.736,NA,NA,NA,286.012
1969-07-23,19.581,NA,NA,NA,286.006
1969-07-24,19.351,NA,NA,NA,285.997
1969-07-25,19.119,NA,NA,NA,285.988
1969-07-26,18.965,NA,NA,NA,285.982
1969-07-27,18.888,NA,NA,NA,285.979
1969-07-28,18.734,NA,NA,NA,285.973
1969-07-29,18.58,NA,NA,NA,285.966
1969-07-30,18.426,NA,NA,NA,285.96
1969-07-31,18.272,NA,NA,NA,285.954
1969-08-01,18.04,NA,NA,NA,285.945
1969-08-02,18.04,NA,NA,NA,285.945
1969-08-03,18.04,NA,NA,NA,285.945
1969-08-04,17.963,NA,NA,NA,285.942
1969-08-05,17.963,NA,NA,NA,285.942
1969-08-06,17.963,NA,NA,NA,285.942
1969-08-07,17.885,NA,NA,NA,285.939
1969-08-08,17.885,NA,NA,NA,285.939
1969-08-09,17.809,NA,NA,NA,285.936
1969-08-10,17.655,NA,NA,NA,285.93
1969-08-11,17.577,NA,NA,NA,285.927
1969-08-12,17.423,NA,NA,NA,285.921
1969-08-13,17.269,NA,NA,NA,285.915
1969-08-14,17.192,NA,NA,NA,285.912
1969-08-15,17.115,NA,NA,NA,285.908
1969-08-16,17.038,NA,NA,NA,285.905
1969-08-17,17.038,NA,NA,NA,285.905
1969-08-18,17.038,NA,NA,NA,285.905
1969-08-19,17.038,NA,NA,NA,285.905
1969-08-20,16.96,NA,NA,NA,285.902
1969-08-21,16.96,NA,NA,NA,285.902
1969-08-22,16.804,NA,NA,NA,285.893
1969-08-23,16.541,NA,NA,NA,285.878
1969-08-24,16.331,NA,NA,NA,285.866
1969-08-25,16.07,NA,NA,NA,285.851
1969-08-26,15.807,NA,NA,NA,285.835
1969-08-27,15.546,NA,NA,NA,285.82
1969-08-28,15.283,NA,NA,NA,285.805
1969-08-29,15.126,NA,NA,NA,285.796
1969-08-30,15.231,NA,NA,NA,285.802
1969-08-31,15.388,NA,NA,NA,285.811
1969-09-01,15.493,NA,NA,NA,285.817
1969-09-02,15.65,NA,NA,NA,285.826
1969-09-03,15.755,NA,NA,NA,285.832
1969-09-04,15.807,NA,NA,NA,285.835
1969-09-05,15.86,NA,NA,NA,285.838
1969-09-06,15.86,NA,NA,NA,285.838
1969-09-07,15.86,NA,NA,NA,285.838
1969-09-08,15.86,NA,NA,NA,285.838
1969-09-09,15.86,NA,NA,NA,285.838
1969-09-10,15.807,NA,NA,NA,285.835
1969-09-11,15.702,NA,NA,NA,285.829
1969-09-12,15.65,NA,NA,NA,285.826
1969-09-13,16.07,NA,NA,NA,285.851
1969-09-14,16.489,NA,NA,NA,285.875
1969-09-15,16.384,NA,NA,NA,285.869
1969-09-16,15.86,NA,NA,NA,285.838
1969-09-17,15.388,NA,NA,NA,285.811
1969-09-18,14.916,NA,NA,NA,285.784
1969-09-19,14.602,NA,NA,NA,285.765
1969-09-20,14.759,NA,NA,NA,285.774
1969-09-21,14.916,NA,NA,NA,285.784
1969-09-22,15.073,NA,NA,NA,285.793
1969-09-23,15.231,NA,NA,NA,285.802
1969-09-24,15.388,NA,NA,NA,285.811
1969-09-25,15.546,NA,NA,NA,285.82
1969-09-26,15.65,NA,NA,NA,285.826
1969-09-27,15.441,NA,NA,NA,285.814
1969-09-28,15.231,NA,NA,NA,285.802
1969-09-29,15.021,NA,NA,NA,285.79
1969-09-30,14.812,NA,NA,NA,285.777
1969-10-01,14.602,NA,NA,NA,285.765
1969-10-02,14.392,NA,NA,NA,285.753
1969-10-03,14.287,NA,NA,NA,285.747
1969-10-04,14.602,NA,NA,NA,285.765
1969-10-05,14.968,NA,NA,NA,285.787
1969-10-06,15.283,NA,NA,NA,285.805
1969-10-07,15.597,NA,NA,NA,285.823
1969-10-08,15.912,NA,NA,NA,285.841
1969-10-09,16.122,NA,NA,NA,285.854
1969-10-10,16.175,NA,NA,NA,285.857
1969-10-11,16.175,NA,NA,NA,285.857
1969-10-12,16.175,NA,NA,NA,285.857
1969-10-13,16.175,NA,NA,NA,285.857
1969-10-14,16.226,NA,NA,NA,285.86
1969-10-15,16.226,NA,NA,NA,285.86
1969-10-16,16.226,NA,NA,NA,285.86
1969-10-17,16.226,NA,NA,NA,285.86
1969-10-18,16.122,NA,NA,NA,285.854
1969-10-19,16.07,NA,NA,NA,285.851
1969-10-20,15.965,NA,NA,NA,285.844
1969-10-21,15.86,NA,NA,NA,285.838
1969-10-22,15.807,NA,NA,NA,285.835
1969-10-23,15.702,NA,NA,NA,285.829
1969-10-24,15.702,NA,NA,NA,285.829
1969-10-25,15.702,NA,NA,NA,285.829
1969-10-26,15.755,NA,NA,NA,285.832
1969-10-27,15.755,NA,NA,NA,285.832
1969-10-28,15.807,NA,NA,NA,285.835
1969-10-29,15.807,NA,NA,NA,285.835
1969-10-30,15.86,NA,NA,NA,285.838
1969-10-31,15.86,NA,NA,NA,285.838
1969-11-01,15.912,NA,NA,NA,285.841
1969-11-02,15.912,NA,NA,NA,285.841
1969-11-03,15.965,NA,NA,NA,285.844
1969-11-04,15.965,NA,NA,NA,285.844
1969-11-05,16.017,NA,NA,NA,285.848
1969-11-06,16.017,NA,NA,NA,285.848
1969-11-07,16.017,NA,NA,NA,285.848
1969-11-08,16.017,NA,NA,NA,285.848
1969-11-09,15.965,NA,NA,NA,285.844
1969-11-10,15.965,NA,NA,NA,285.844
1969-11-11,15.912,NA,NA,NA,285.841
1969-11-12,15.912,NA,NA,NA,285.841
1969-11-13,15.912,NA,NA,NA,285.841
1969-11-14,15.86,NA,NA,NA,285.838
1969-11-15,15.86,NA,NA,NA,285.838
1969-11-16,15.86,NA,NA,NA,285.838
1969-11-17,15.86,NA,NA,NA,285.838
1969-11-18,15.86,NA,NA,NA,285.838
1969-11-19,15.86,NA,NA,NA,285.838
1969-11-20,15.86,NA,NA,NA,285.838
1969-11-21,15.86,NA,NA,NA,285.838
1969-11-22,15.912,NA,NA,NA,285.841
1969-11-23,15.912,NA,NA,NA,285.841
1969-11-24,15.965,NA,NA,NA,285.844
1969-11-25,15.965,NA,NA,NA,285.844
1969-11-26,16.017,NA,NA,NA,285.848
1969-11-27,16.017,NA,NA,NA,285.848
1969-11-28,16.017,NA,NA,NA,285.848
1969-11-29,16.07,NA,NA,NA,285.851
1969-11-30,16.07,NA,NA,NA,285.851
1969-12-01,16.07,NA,NA,NA,285.851
1969-12-02,16.07,NA,NA,NA,285.851
1969-12-03,16.07,NA,NA,NA,285.851
1969-12-04,16.07,NA,NA,NA,285.851
1969-12-05,16.122,NA,NA,NA,285.854
1969-12-06,16.175,NA,NA,NA,285.857
1969-12-07,16.175,NA,NA,NA,285.857
1969-12-08,16.226,NA,NA,NA,285.86
1969-12-09,16.279,NA,NA,NA,285.863
1969-12-10,16.331,NA,NA,NA,285.866
1969-12-11,16.384,NA,NA,NA,285.869
1969-12-12,16.384,NA,NA,NA,285.869
1969-12-13,16.384,NA,NA,NA,285.869
1969-12-14,16.384,NA,NA,NA,285.869
1969-12-15,16.331,NA,NA,NA,285.866
1969-12-16,16.331,NA,NA,NA,285.866
1969-12-17,16.279,NA,NA,NA,285.863
1969-12-18,16.279,NA,NA,NA,285.863
1969-12-19,16.279,NA,NA,NA,285.863
1969-12-20,16.279,NA,NA,NA,285.863
1969-12-21,16.279,NA,NA,NA,285.863
1969-12-22,16.279,NA,NA,NA,285.863
1969-12-23,16.279,NA,NA,NA,285.863
1969-12-24,16.279,NA,NA,NA,285.863
1969-12-25,16.279,NA,NA,NA,285.863
1969-12-26,16.279,NA,NA,NA,285.863
1969-12-27,16.279,NA,NA,NA,285.863
1969-12-28,16.279,NA,NA,NA,285.863
1969-12-29,16.279,NA,NA,NA,285.863
1969-12-30,16.279,NA,NA,NA,285.863
1969-12-31,16.279,NA,NA,NA,285.863
1970-01-01,16.226,NA,NA,NA,285.86
1970-01-02,16.226,NA,NA,NA,285.86
1970-01-03,16.226,NA,NA,NA,285.86
1970-01-04,16.175,NA,NA,NA,285.857
1970-01-05,16.122,NA,NA,NA,285.854
1970-01-06,16.122,NA,NA,NA,285.854
1970-01-07,16.07,NA,NA,NA,285.851
1970-01-08,16.07,NA,NA,NA,285.851
1970-01-09,16.017,NA,NA,NA,285.848
1970-01-10,16.017,NA,NA,NA,285.848
1970-01-11,16.017,NA,NA,NA,285.848
1970-01-12,16.017,NA,NA,NA,285.848
1970-01-13,16.017,NA,NA,NA,285.848
1970-01-14,16.017,NA,NA,NA,285.848
1970-01-15,16.017,NA,NA,NA,285.848
1970-01-16,16.017,NA,NA,NA,285.848
1970-01-17,16.017,NA,NA,NA,285.848
1970-01-18,15.965,NA,NA,NA,285.844
1970-01-19,15.965,NA,NA,NA,285.844
1970-01-20,15.965,NA,NA,NA,285.844
1970-01-21,15.965,NA,NA,NA,285.844
1970-01-22,15.965,NA,NA,NA,285.844
1970-01-23,15.912,NA,NA,NA,285.841
1970-01-24,15.912,NA,NA,NA,285.841
1970-01-25,15.912,NA,NA,NA,285.841
1970-01-26,15.912,NA,NA,NA,285.841
1970-01-27,15.912,NA,NA,NA,285.841
1970-01-28,15.912,NA,NA,NA,285.841
1970-01-29,15.912,NA,NA,NA,285.841
1970-01-30,15.912,NA,NA,NA,285.841
1970-01-31,15.912,NA,NA,NA,285.841
1970-02-01,15.912,NA,NA,NA,285.841
1970-02-02,15.965,NA,NA,NA,285.844
1970-02-03,15.965,NA,NA,NA,285.844
1970-02-04,15.965,NA,NA,NA,285.844
1970-02-05,15.965,NA,NA,NA,285.844
1970-02-06,15.965,NA,NA,NA,285.844
1970-02-07,15.965,NA,NA,NA,285.844
1970-02-08,15.965,NA,NA,NA,285.844
1970-02-09,15.965,NA,NA,NA,285.844
1970-02-10,15.965,NA,NA,NA,285.844
1970-02-11,15.912,NA,NA,NA,285.841
1970-02-12,15.912,NA,NA,NA,285.841
1970-02-13,15.912,NA,NA,NA,285.841
1970-02-14,15.912,NA,NA,NA,285.841
1970-02-15,15.912,NA,NA,NA,285.841
1970-02-16,15.912,NA,NA,NA,285.841
1970-02-17,15.912,NA,NA,NA,285.841
1970-02-18,15.912,NA,NA,NA,285.841
1970-02-19,15.912,NA,NA,NA,285.841
1970-02-20,15.912,NA,NA,NA,285.841
1970-02-21,15.912,NA,NA,NA,285.841
1970-02-22,15.912,NA,NA,NA,285.841
1970-02-23,15.912,NA,NA,NA,285.841
1970-02-24,15.912,NA,NA,NA,285.841
1970-02-25,15.912,NA,NA,NA,285.841
1970-02-26,15.912,NA,NA,NA,285.841
1970-02-27,15.912,NA,NA,NA,285.841
1970-02-28,15.912,NA,NA,NA,285.841
1970-03-01,15.912,NA,NA,NA,285.841
1970-03-02,15.912,NA,NA,NA,285.841
1970-03-03,15.912,NA,NA,NA,285.841
1970-03-04,15.912,NA,NA,NA,285.841
1970-03-05,15.86,NA,NA,NA,285.838
1970-03-06,15.912,NA,NA,NA,285.841
1970-03-07,16.122,NA,NA,NA,285.854
1970-03-08,16.279,NA,NA,NA,285.863
1970-03-09,16.436,NA,NA,NA,285.872
1970-03-10,16.594,NA,NA,NA,285.881
1970-03-11,16.804,NA,NA,NA,285.893
1970-03-12,16.96,NA,NA,NA,285.902
1970-03-13,17.192,NA,NA,NA,285.912
1970-03-14,17.346,NA,NA,NA,285.918
1970-03-15,17.501,NA,NA,NA,285.924
1970-03-16,17.577,NA,NA,NA,285.927
1970-03-17,17.731,NA,NA,NA,285.933
1970-03-18,17.885,NA,NA,NA,285.939
1970-03-19,17.963,NA,NA,NA,285.942
1970-03-20,18.117,NA,NA,NA,285.948
1970-03-21,18.194,NA,NA,NA,285.951
1970-03-22,18.348,NA,NA,NA,285.957
1970-03-23,18.426,NA,NA,NA,285.96
1970-03-24,18.502,NA,NA,NA,285.963
1970-03-25,18.656,NA,NA,NA,285.969
1970-03-26,18.734,NA,NA,NA,285.973
1970-03-27,18.811,NA,NA,NA,285.976
1970-03-28,18.888,NA,NA,NA,285.979
1970-03-29,18.965,NA,NA,NA,285.982
1970-03-30,19.042,NA,NA,NA,285.985
1970-03-31,19.119,NA,NA,NA,285.988
1970-04-01,19.119,NA,NA,NA,285.988
1970-04-02,19.119,NA,NA,NA,285.988
1970-04-03,19.119,NA,NA,NA,285.988
1970-04-04,19.197,NA,NA,NA,285.991
1970-04-05,19.273,NA,NA,NA,285.994
1970-04-06,19.427,NA,NA,NA,286
1970-04-07,19.736,NA,NA,NA,286.012
1970-04-08,20.352,NA,NA,NA,286.037
1970-04-09,21.355,NA,NA,NA,286.076
1970-04-10,22.357,NA,NA,NA,286.116
1970-04-11,22.743,NA,NA,NA,286.131
1970-04-12,22.357,NA,NA,NA,286.116
1970-04-13,23.128,NA,NA,NA,286.146
1970-04-14,22.974,NA,NA,NA,286.14
1970-04-15,21.972,NA,NA,NA,286.101
1970-04-16,24.67,NA,NA,NA,286.207
1970-04-17,22.357,NA,NA,NA,286.116
1970-04-18,21.586,NA,NA,NA,286.085
1970-04-19,22.974,NA,NA,NA,286.14
1970-04-20,24.67,NA,NA,NA,286.207
1970-04-21,26.906,NA,NA,NA,286.283
1970-04-22,26.012,NA,NA,NA,286.253
1970-04-23,26.995,NA,NA,NA,286.286
1970-04-24,27.352,NA,NA,NA,286.299
1970-04-25,28.247,NA,NA,NA,286.329
1970-04-26,28.694,NA,NA,NA,286.344
1970-04-27,28.694,NA,NA,NA,286.344
1970-04-28,28.247,NA,NA,NA,286.329
1970-04-29,29.141,NA,NA,NA,286.36
1970-04-30,29.141,NA,NA,NA,286.36
1970-05-01,29.856,NA,NA,NA,286.384
1970-05-02,29.499,NA,NA,NA,286.372
1970-05-03,28.337,NA,NA,NA,286.332
1970-05-04,26.637,NA,NA,NA,286.274
1970-05-05,25.654,NA,NA,NA,286.241
1970-05-06,24.67,NA,NA,NA,286.207
1970-05-07,24.593,NA,NA,NA,286.204
1970-05-08,24.439,NA,NA,NA,286.198
1970-05-09,23.976,NA,NA,NA,286.18
1970-05-10,23.59,NA,NA,NA,286.165
1970-05-11,23.205,NA,NA,NA,286.149
1970-05-12,23.128,NA,NA,NA,286.146
1970-05-13,23.051,NA,NA,NA,286.143
1970-05-14,23.899,NA,NA,NA,286.177
1970-05-15,24.439,NA,NA,NA,286.198
1970-05-16,23.744,NA,NA,NA,286.171
1970-05-17,22.974,NA,NA,NA,286.14
1970-05-18,22.28,NA,NA,NA,286.113
1970-05-19,21.509,NA,NA,NA,286.082
1970-05-20,20.893,NA,NA,NA,286.058
1970-05-21,20.893,NA,NA,NA,286.058
1970-05-22,20.893,NA,NA,NA,286.058
1970-05-23,21.664,NA,NA,NA,286.088
1970-05-24,22.357,NA,NA,NA,286.116
1970-05-25,22.897,NA,NA,NA,286.137
1970-05-26,21.047,NA,NA,NA,286.064
1970-05-27,19.89,NA,NA,NA,286.018
1970-05-28,20.198,NA,NA,NA,286.03
1970-05-29,20.507,NA,NA,NA,286.043
1970-05-30,20.893,NA,NA,NA,286.058
1970-05-31,21.586,NA,NA,NA,286.085
1970-06-01,22.357,NA,NA,NA,286.116
1970-06-02,21.586,NA,NA,NA,286.085
1970-06-03,21.509,NA,NA,NA,286.082
1970-06-04,21.509,NA,NA,NA,286.082
1970-06-05,21.432,NA,NA,NA,286.079
1970-06-06,20.969,NA,NA,NA,286.061
1970-06-07,20.43,NA,NA,NA,286.04
1970-06-08,20.044,NA,NA,NA,286.024
1970-06-09,20.044,NA,NA,NA,286.024
1970-06-10,19.968,NA,NA,NA,286.021
1970-06-11,18.965,NA,NA,NA,285.982
1970-06-12,18.194,NA,NA,NA,285.951
1970-06-13,19.119,NA,NA,NA,285.988
1970-06-14,19.968,NA,NA,NA,286.021
1970-06-15,20.815,NA,NA,NA,286.055
1970-06-16,21.509,NA,NA,NA,286.082
1970-06-17,22.126,NA,NA,NA,286.107
1970-06-18,22.28,NA,NA,NA,286.113
1970-06-19,22.357,NA,NA,NA,286.116
1970-06-20,22.974,NA,NA,NA,286.14
1970-06-21,23.128,NA,NA,NA,286.146
1970-06-22,23.128,NA,NA,NA,286.146
1970-06-23,22.357,NA,NA,NA,286.116
1970-06-24,22.589,NA,NA,NA,286.125
1970-06-25,22.435,NA,NA,NA,286.119
1970-06-26,22.048,NA,NA,NA,286.104
1970-06-27,21.047,NA,NA,NA,286.064
1970-06-28,20.43,NA,NA,NA,286.04
1970-06-29,20.198,NA,NA,NA,286.03
1970-06-30,18.888,NA,NA,NA,285.979
1970-07-01,19.427,NA,NA,NA,286
1970-07-02,19.119,NA,NA,NA,285.988
1970-07-03,18.888,NA,NA,NA,285.979
1970-07-04,18.734,NA,NA,NA,285.973
1970-07-05,18.58,NA,NA,NA,285.966
1970-07-06,18.426,NA,NA,NA,285.96
1970-07-07,18.348,NA,NA,NA,285.957
1970-07-08,18.502,NA,NA,NA,285.963
1970-07-09,17.731,NA,NA,NA,285.933
1970-07-10,17.115,NA,NA,NA,285.908
1970-07-11,17.423,NA,NA,NA,285.921
1970-07-12,17.809,NA,NA,NA,285.936
1970-07-13,18.117,NA,NA,NA,285.948
1970-07-14,18.272,NA,NA,NA,285.954
1970-07-15,18.426,NA,NA,NA,285.96
1970-07-16,17.501,NA,NA,NA,285.924
1970-07-17,16.751,NA,NA,NA,285.89
1970-07-18,16.646,NA,NA,NA,285.884
1970-07-19,16.489,NA,NA,NA,285.875
1970-07-20,16.279,NA,NA,NA,285.863
1970-07-21,15.755,NA,NA,NA,285.832
1970-07-22,15.493,NA,NA,NA,285.817
1970-07-23,15.807,NA,NA,NA,285.835
1970-07-24,16.122,NA,NA,NA,285.854
1970-07-25,16.017,NA,NA,NA,285.848
1970-07-26,15.912,NA,NA,NA,285.841
1970-07-27,15.86,NA,NA,NA,285.838
1970-07-28,15.755,NA,NA,NA,285.832
1970-07-29,15.702,NA,NA,NA,285.829
1970-07-30,15.807,NA,NA,NA,285.835
1970-07-31,15.86,NA,NA,NA,285.838
1970-08-01,15.86,NA,NA,NA,285.838
1970-08-02,15.86,NA,NA,NA,285.838
1970-08-03,15.86,NA,NA,NA,285.838
1970-08-04,15.86,NA,NA,NA,285.838
1970-08-05,15.86,NA,NA,NA,285.838
1970-08-06,15.807,NA,NA,NA,285.835
1970-08-07,15.702,NA,NA,NA,285.829
1970-08-08,15.86,NA,NA,NA,285.838
1970-08-09,16.017,NA,NA,NA,285.848
1970-08-10,16.122,NA,NA,NA,285.854
1970-08-11,16.017,NA,NA,NA,285.848
1970-08-12,15.86,NA,NA,NA,285.838
1970-08-13,15.86,NA,NA,NA,285.838
1970-08-14,15.755,NA,NA,NA,285.832
1970-08-15,15.441,NA,NA,NA,285.814
1970-08-16,15.126,NA,NA,NA,285.796
1970-08-17,14.916,NA,NA,NA,285.784
1970-08-18,15.65,NA,NA,NA,285.826
1970-08-19,16.331,NA,NA,NA,285.866
1970-08-20,15.597,NA,NA,NA,285.823
1970-08-21,15.073,NA,NA,NA,285.793
1970-08-22,15.073,NA,NA,NA,285.793
1970-08-23,15.073,NA,NA,NA,285.793
1970-08-24,15.073,NA,NA,NA,285.793
1970-08-25,14.863,NA,NA,NA,285.78
1970-08-26,14.759,NA,NA,NA,285.774
1970-08-27,14.916,NA,NA,NA,285.784
1970-08-28,15.126,NA,NA,NA,285.796
1970-08-29,15.702,NA,NA,NA,285.829
1970-08-30,16.226,NA,NA,NA,285.86
1970-08-31,16.751,NA,NA,NA,285.89
1970-09-01,16.175,NA,NA,NA,285.857
1970-09-02,15.65,NA,NA,NA,285.826
1970-09-03,15.755,NA,NA,NA,285.832
1970-09-04,15.807,NA,NA,NA,285.835
1970-09-05,15.546,NA,NA,NA,285.82
1970-09-06,15.283,NA,NA,NA,285.805
1970-09-07,14.968,NA,NA,NA,285.787
1970-09-08,14.707,NA,NA,NA,285.771
1970-09-09,14.863,NA,NA,NA,285.78
1970-09-10,14.968,NA,NA,NA,285.787
1970-09-11,15.073,NA,NA,NA,285.793
1970-09-12,15.178,NA,NA,NA,285.799
1970-09-13,15.231,NA,NA,NA,285.802
1970-09-14,15.336,NA,NA,NA,285.808
1970-09-15,15.388,NA,NA,NA,285.811
1970-09-16,15.493,NA,NA,NA,285.817
1970-09-17,15.546,NA,NA,NA,285.82
1970-09-18,15.597,NA,NA,NA,285.823
1970-09-19,15.493,NA,NA,NA,285.817
1970-09-20,15.441,NA,NA,NA,285.814
1970-09-21,15.336,NA,NA,NA,285.808
1970-09-22,15.231,NA,NA,NA,285.802
1970-09-23,15.178,NA,NA,NA,285.799
1970-09-24,15.126,NA,NA,NA,285.796
1970-09-25,15.073,NA,NA,NA,285.793
1970-09-26,15.073,NA,NA,NA,285.793
1970-09-27,15.073,NA,NA,NA,285.793
1970-09-28,15.021,NA,NA,NA,285.79
1970-09-29,15.021,NA,NA,NA,285.79
1970-09-30,15.021,NA,NA,NA,285.79
1970-10-01,15.178,NA,NA,NA,285.799
1970-10-02,15.388,NA,NA,NA,285.811
1970-10-03,15.441,NA,NA,NA,285.814
1970-10-04,15.493,NA,NA,NA,285.817
1970-10-05,15.546,NA,NA,NA,285.82
1970-10-06,15.702,NA,NA,NA,285.829
1970-10-07,16.175,NA,NA,NA,285.857
1970-10-08,16.699,NA,NA,NA,285.887
1970-10-09,17.269,NA,NA,NA,285.915
1970-10-10,16.541,NA,NA,NA,285.878
1970-10-11,15.965,NA,NA,NA,285.844
1970-10-12,15.388,NA,NA,NA,285.811
1970-10-13,15.388,NA,NA,NA,285.811
1970-10-14,15.388,NA,NA,NA,285.811
1970-10-15,15.388,NA,NA,NA,285.811
1970-10-16,15.388,NA,NA,NA,285.811
1970-10-17,15.441,NA,NA,NA,285.814
1970-10-18,15.441,NA,NA,NA,285.814
1970-10-19,15.441,NA,NA,NA,285.814
1970-10-20,15.283,NA,NA,NA,285.805
1970-10-21,15.231,NA,NA,NA,285.802
1970-10-22,15.546,NA,NA,NA,285.82
1970-10-23,15.807,NA,NA,NA,285.835
1970-10-24,15.86,NA,NA,NA,285.838
1970-10-25,15.965,NA,NA,NA,285.844
1970-10-26,16.07,NA,NA,NA,285.851
1970-10-27,16.175,NA,NA,NA,285.857
1970-10-28,16.226,NA,NA,NA,285.86
1970-10-29,16.331,NA,NA,NA,285.866
1970-10-30,16.436,NA,NA,NA,285.872
1970-10-31,16.226,NA,NA,NA,285.86
1970-11-01,16.07,NA,NA,NA,285.851
1970-11-02,15.912,NA,NA,NA,285.841
1970-11-03,16.122,NA,NA,NA,285.854
1970-11-04,16.331,NA,NA,NA,285.866
1970-11-05,16.541,NA,NA,NA,285.878
1970-11-06,16.751,NA,NA,NA,285.89
1970-11-07,17.115,NA,NA,NA,285.908
1970-11-08,17.501,NA,NA,NA,285.924
1970-11-09,17.963,NA,NA,NA,285.942
1970-11-10,18.348,NA,NA,NA,285.957
1970-11-11,18.734,NA,NA,NA,285.973
1970-11-12,19.042,NA,NA,NA,285.985
1970-11-13,19.119,NA,NA,NA,285.988
1970-11-14,19.119,NA,NA,NA,285.988
1970-11-15,19.119,NA,NA,NA,285.988
1970-11-16,19.119,NA,NA,NA,285.988
1970-11-17,19.119,NA,NA,NA,285.988
1970-11-18,19.119,NA,NA,NA,285.988
1970-11-19,19.119,NA,NA,NA,285.988
1970-11-20,19.119,NA,NA,NA,285.988
1970-11-21,19.119,NA,NA,NA,285.988
1970-11-22,19.119,NA,NA,NA,285.988
1970-11-23,19.119,NA,NA,NA,285.988
1970-11-24,18.965,NA,NA,NA,285.982
1970-11-25,18.811,NA,NA,NA,285.976
1970-11-26,18.965,NA,NA,NA,285.982
1970-11-27,19.119,NA,NA,NA,285.988
1970-11-28,19.042,NA,NA,NA,285.985
1970-11-29,19.042,NA,NA,NA,285.985
1970-11-30,18.965,NA,NA,NA,285.982
1970-12-01,18.888,NA,NA,NA,285.979
1970-12-02,18.888,NA,NA,NA,285.979
1970-12-03,18.811,NA,NA,NA,285.976
1970-12-04,18.734,NA,NA,NA,285.973
1970-12-05,18.656,NA,NA,NA,285.969
1970-12-06,18.58,NA,NA,NA,285.966
1970-12-07,18.426,NA,NA,NA,285.96
1970-12-08,18.272,NA,NA,NA,285.954
1970-12-09,17.963,NA,NA,NA,285.942
1970-12-10,17.192,NA,NA,NA,285.912
1970-12-11,16.804,NA,NA,NA,285.893
1970-12-12,16.804,NA,NA,NA,285.893
1970-12-13,16.804,NA,NA,NA,285.893
1970-12-14,16.751,NA,NA,NA,285.89
1970-12-15,16.699,NA,NA,NA,285.887
1970-12-16,16.594,NA,NA,NA,285.881
1970-12-17,16.594,NA,NA,NA,285.881
1970-12-18,16.594,NA,NA,NA,285.881
1970-12-19,16.541,NA,NA,NA,285.878
1970-12-20,16.489,NA,NA,NA,285.875
1970-12-21,16.489,NA,NA,NA,285.875
1970-12-22,16.436,NA,NA,NA,285.872
1970-12-23,16.436,NA,NA,NA,285.872
1970-12-24,16.331,NA,NA,NA,285.866
1970-12-25,16.279,NA,NA,NA,285.863
1970-12-26,16.226,NA,NA,NA,285.86
1970-12-27,16.122,NA,NA,NA,285.854
1970-12-28,16.07,NA,NA,NA,285.851
1970-12-29,16.017,NA,NA,NA,285.848
1970-12-30,15.965,NA,NA,NA,285.844
1970-12-31,15.965,NA,NA,NA,285.844
1971-01-01,15.912,NA,NA,NA,285.841
1971-01-02,15.912,NA,NA,NA,285.841
1971-01-03,15.86,NA,NA,NA,285.838
1971-01-04,15.86,NA,NA,NA,285.838
1971-01-05,15.86,NA,NA,NA,285.838
1971-01-06,15.86,NA,NA,NA,285.838
1971-01-07,15.807,NA,NA,NA,285.835
1971-01-08,15.807,NA,NA,NA,285.835
1971-01-09,15.807,NA,NA,NA,285.835
1971-01-10,15.807,NA,NA,NA,285.835
1971-01-11,15.807,NA,NA,NA,285.835
1971-01-12,15.807,NA,NA,NA,285.835
1971-01-13,15.807,NA,NA,NA,285.835
1971-01-14,15.807,NA,NA,NA,285.835
1971-01-15,15.807,NA,NA,NA,285.835
1971-01-16,15.755,NA,NA,NA,285.832
1971-01-17,15.755,NA,NA,NA,285.832
1971-01-18,15.755,NA,NA,NA,285.832
1971-01-19,15.755,NA,NA,NA,285.832
1971-01-20,15.755,NA,NA,NA,285.832
1971-01-21,15.755,NA,NA,NA,285.832
1971-01-22,15.755,NA,NA,NA,285.832
1971-01-23,15.755,NA,NA,NA,285.832
1971-01-24,15.755,NA,NA,NA,285.832
1971-01-25,15.807,NA,NA,NA,285.835
1971-01-26,15.807,NA,NA,NA,285.835
1971-01-27,15.807,NA,NA,NA,285.835
1971-01-28,15.702,NA,NA,NA,285.829
1971-01-29,15.65,NA,NA,NA,285.826
1971-01-30,15.65,NA,NA,NA,285.826
1971-01-31,15.597,NA,NA,NA,285.823
1971-02-01,15.597,NA,NA,NA,285.823
1971-02-02,15.65,NA,NA,NA,285.826
1971-02-03,15.702,NA,NA,NA,285.829
1971-02-04,15.702,NA,NA,NA,285.829
1971-02-05,15.702,NA,NA,NA,285.829
1971-02-06,15.702,NA,NA,NA,285.829
1971-02-07,15.65,NA,NA,NA,285.826
1971-02-08,15.597,NA,NA,NA,285.823
1971-02-09,15.597,NA,NA,NA,285.823
1971-02-10,15.597,NA,NA,NA,285.823
1971-02-11,15.597,NA,NA,NA,285.823
1971-02-12,15.597,NA,NA,NA,285.823
1971-02-13,15.597,NA,NA,NA,285.823
1971-02-14,15.597,NA,NA,NA,285.823
1971-02-15,15.597,NA,NA,NA,285.823
1971-02-16,15.65,NA,NA,NA,285.826
1971-02-17,15.65,NA,NA,NA,285.826
1971-02-18,15.807,NA,NA,NA,285.835
1971-02-19,15.965,NA,NA,NA,285.844
1971-02-20,15.912,NA,NA,NA,285.841
1971-02-21,15.86,NA,NA,NA,285.838
1971-02-22,15.86,NA,NA,NA,285.838
1971-02-23,15.912,NA,NA,NA,285.841
1971-02-24,15.965,NA,NA,NA,285.844
1971-02-25,16.07,NA,NA,NA,285.851
1971-02-26,16.122,NA,NA,NA,285.854
1971-02-27,16.175,NA,NA,NA,285.857
1971-02-28,16.226,NA,NA,NA,285.86
1971-03-01,16.226,NA,NA,NA,285.86
1971-03-02,16.226,NA,NA,NA,285.86
1971-03-03,16.226,NA,NA,NA,285.86
1971-03-04,16.226,NA,NA,NA,285.86
1971-03-05,16.226,NA,NA,NA,285.86
1971-03-06,16.384,NA,NA,NA,285.869
1971-03-07,16.594,NA,NA,NA,285.881
1971-03-08,16.646,NA,NA,NA,285.884
1971-03-09,16.436,NA,NA,NA,285.872
1971-03-10,16.226,NA,NA,NA,285.86
1971-03-11,16.226,NA,NA,NA,285.86
1971-03-12,16.279,NA,NA,NA,285.863
1971-03-13,16.646,NA,NA,NA,285.884
1971-03-14,17.885,NA,NA,NA,285.939
1971-03-15,20.044,NA,NA,NA,286.024
1971-03-16,20.584,NA,NA,NA,286.046
1971-03-17,24.67,NA,NA,NA,286.207
1971-03-18,27.8,NA,NA,NA,286.314
1971-03-19,29.052,NA,NA,NA,286.357
1971-03-20,29.32,NA,NA,NA,286.366
1971-03-21,29.589,NA,NA,NA,286.375
1971-03-22,29.41,NA,NA,NA,286.369
1971-03-23,29.141,NA,NA,NA,286.36
1971-03-24,27.531,NA,NA,NA,286.305
1971-03-25,26.995,NA,NA,NA,286.286
1971-03-26,26.727,NA,NA,NA,286.277
1971-03-27,26.458,NA,NA,NA,286.268
1971-03-28,26.458,NA,NA,NA,286.268
1971-03-29,26.458,NA,NA,NA,286.268
1971-03-30,26.727,NA,NA,NA,286.277
1971-03-31,27.352,NA,NA,NA,286.299
1971-04-01,29.141,NA,NA,NA,286.36
1971-04-02,29.141,NA,NA,NA,286.36
1971-04-03,28.337,NA,NA,NA,286.332
1971-04-04,25.564,NA,NA,NA,286.238
1971-04-05,26.458,NA,NA,NA,286.268
1971-04-06,26.279,NA,NA,NA,286.262
1971-04-07,26.19,NA,NA,NA,286.259
1971-04-08,25.564,NA,NA,NA,286.238
1971-04-09,25.027,NA,NA,NA,286.219
1971-04-10,24.593,NA,NA,NA,286.204
1971-04-11,24.285,NA,NA,NA,286.192
1971-04-12,23.899,NA,NA,NA,286.177
1971-04-13,23.36,NA,NA,NA,286.155
1971-04-14,23.282,NA,NA,NA,286.152
1971-04-15,22.511,NA,NA,NA,286.122
1971-04-16,22.665,NA,NA,NA,286.128
1971-04-17,22.511,NA,NA,NA,286.122
1971-04-18,22.435,NA,NA,NA,286.119
1971-04-19,22.28,NA,NA,NA,286.113
1971-04-20,21.432,NA,NA,NA,286.079
1971-04-21,21.047,NA,NA,NA,286.064
1971-04-22,22.126,NA,NA,NA,286.107
1971-04-23,22.974,NA,NA,NA,286.14
1971-04-24,22.203,NA,NA,NA,286.11
1971-04-25,21.432,NA,NA,NA,286.079
1971-04-26,20.815,NA,NA,NA,286.055
1971-04-27,21.047,NA,NA,NA,286.064
1971-04-28,21.278,NA,NA,NA,286.073
1971-04-29,21.894,NA,NA,NA,286.097
1971-04-30,22.28,NA,NA,NA,286.113
1971-05-01,21.894,NA,NA,NA,286.097
1971-05-02,21.509,NA,NA,NA,286.082
1971-05-03,21.123,NA,NA,NA,286.067
1971-05-04,21.047,NA,NA,NA,286.064
1971-05-05,20.969,NA,NA,NA,286.061
1971-05-06,20.893,NA,NA,NA,286.058
1971-05-07,20.815,NA,NA,NA,286.055
1971-05-08,20.198,NA,NA,NA,286.03
1971-05-09,19.659,NA,NA,NA,286.009
1971-05-10,19.042,NA,NA,NA,285.985
1971-05-11,18.348,NA,NA,NA,285.957
1971-05-12,18.194,NA,NA,NA,285.951
1971-05-13,17.963,NA,NA,NA,285.942
1971-05-14,17.885,NA,NA,NA,285.939
1971-05-15,18.272,NA,NA,NA,285.954
1971-05-16,18.734,NA,NA,NA,285.973
1971-05-17,19.197,NA,NA,NA,285.991
1971-05-18,20.507,NA,NA,NA,286.043
1971-05-19,20.815,NA,NA,NA,286.055
1971-05-20,18.272,NA,NA,NA,285.954
1971-05-21,16.489,NA,NA,NA,285.875
1971-05-22,16.856,NA,NA,NA,285.896
1971-05-23,17.423,NA,NA,NA,285.921
1971-05-24,17.963,NA,NA,NA,285.942
1971-05-25,18.194,NA,NA,NA,285.951
1971-05-26,18.426,NA,NA,NA,285.96
1971-05-27,18.04,NA,NA,NA,285.945
1971-05-28,17.655,NA,NA,NA,285.93
1971-05-29,17.655,NA,NA,NA,285.93
1971-05-30,17.731,NA,NA,NA,285.933
1971-05-31,17.577,NA,NA,NA,285.927
1971-06-01,19.273,NA,NA,NA,285.994
1971-06-02,19.042,NA,NA,NA,285.985
1971-06-03,19.119,NA,NA,NA,285.988
1971-06-04,19.197,NA,NA,NA,285.991
1971-06-05,20.044,NA,NA,NA,286.024
1971-06-06,20.815,NA,NA,NA,286.055
1971-06-07,21.432,NA,NA,NA,286.079
1971-06-08,20.584,NA,NA,NA,286.046
1971-06-09,19.813,NA,NA,NA,286.015
1971-06-10,20.276,NA,NA,NA,286.033
1971-06-11,20.738,NA,NA,NA,286.052
1971-06-12,20.661,NA,NA,NA,286.049
1971-06-13,20.507,NA,NA,NA,286.043
1971-06-14,20.352,NA,NA,NA,286.037
1971-06-15,20.198,NA,NA,NA,286.03
1971-06-16,19.968,NA,NA,NA,286.021
1971-06-17,19.659,NA,NA,NA,286.009
1971-06-18,19.427,NA,NA,NA,286
1971-06-19,19.351,NA,NA,NA,285.997
1971-06-20,19.273,NA,NA,NA,285.994
1971-06-21,19.273,NA,NA,NA,285.994
1971-06-22,19.427,NA,NA,NA,286
1971-06-23,19.659,NA,NA,NA,286.009
1971-06-24,19.813,NA,NA,NA,286.015
1971-06-25,20.044,NA,NA,NA,286.024
1971-06-26,20.044,NA,NA,NA,286.024
1971-06-27,20.044,NA,NA,NA,286.024
1971-06-28,20.044,NA,NA,NA,286.024
1971-06-29,21.894,NA,NA,NA,286.097
1971-06-30,23.436,NA,NA,NA,286.158
1971-07-01,23.36,NA,NA,NA,286.155
1971-07-02,23.128,NA,NA,NA,286.146
1971-07-03,24.67,NA,NA,NA,286.207
1971-07-04,24.67,NA,NA,NA,286.207
1971-07-05,24.76,NA,NA,NA,286.21
1971-07-06,25.564,NA,NA,NA,286.238
1971-07-07,26.458,NA,NA,NA,286.268
1971-07-08,26.012,NA,NA,NA,286.253
1971-07-09,25.654,NA,NA,NA,286.241
1971-07-10,25.296,NA,NA,NA,286.229
1971-07-11,24.938,NA,NA,NA,286.216
1971-07-12,24.593,NA,NA,NA,286.204
1971-07-13,24.131,NA,NA,NA,286.186
1971-07-14,23.668,NA,NA,NA,286.168
1971-07-15,23.668,NA,NA,NA,286.168
1971-07-16,23.59,NA,NA,NA,286.165
1971-07-17,23.051,NA,NA,NA,286.143
1971-07-18,22.435,NA,NA,NA,286.119
1971-07-19,21.894,NA,NA,NA,286.097
1971-07-20,21.74,NA,NA,NA,286.091
1971-07-21,21.586,NA,NA,NA,286.085
1971-07-22,21.355,NA,NA,NA,286.076
1971-07-23,21.047,NA,NA,NA,286.064
1971-07-24,20.969,NA,NA,NA,286.061
1971-07-25,20.893,NA,NA,NA,286.058
1971-07-26,20.738,NA,NA,NA,286.052
1971-07-27,20.352,NA,NA,NA,286.037
1971-07-28,19.968,NA,NA,NA,286.021
1971-07-29,19.505,NA,NA,NA,286.003
1971-07-30,19.197,NA,NA,NA,285.991
1971-07-31,19.042,NA,NA,NA,285.985
1971-08-01,18.965,NA,NA,NA,285.982
1971-08-02,18.811,NA,NA,NA,285.976
1971-08-03,18.348,NA,NA,NA,285.957
1971-08-04,17.885,NA,NA,NA,285.939
1971-08-05,17.731,NA,NA,NA,285.933
1971-08-06,17.577,NA,NA,NA,285.927
1971-08-07,17.731,NA,NA,NA,285.933
1971-08-08,17.885,NA,NA,NA,285.939
1971-08-09,18.04,NA,NA,NA,285.945
1971-08-10,16.96,NA,NA,NA,285.902
1971-08-11,16.331,NA,NA,NA,285.866
1971-08-12,15.86,NA,NA,NA,285.838
1971-08-13,15.493,NA,NA,NA,285.817
1971-08-14,15.597,NA,NA,NA,285.823
1971-08-15,15.86,NA,NA,NA,285.838
1971-08-16,16.175,NA,NA,NA,285.857
1971-08-17,16.279,NA,NA,NA,285.863
1971-08-18,16.384,NA,NA,NA,285.869
1971-08-19,16.489,NA,NA,NA,285.875
1971-08-20,16.541,NA,NA,NA,285.878
1971-08-21,16.331,NA,NA,NA,285.866
1971-08-22,16.07,NA,NA,NA,285.851
1971-08-23,15.965,NA,NA,NA,285.844
1971-08-24,16.436,NA,NA,NA,285.872
1971-08-25,16.856,NA,NA,NA,285.896
1971-08-26,16.384,NA,NA,NA,285.869
1971-08-27,15.86,NA,NA,NA,285.838
1971-08-28,16.122,NA,NA,NA,285.854
1971-08-29,16.279,NA,NA,NA,285.863
1971-08-30,16.384,NA,NA,NA,285.869
1971-08-31,16.541,NA,NA,NA,285.878
1971-09-01,16.384,NA,NA,NA,285.869
1971-09-02,16.384,NA,NA,NA,285.869
1971-09-03,16.384,NA,NA,NA,285.869
1971-09-04,16.541,NA,NA,NA,285.878
1971-09-05,16.699,NA,NA,NA,285.887
1971-09-06,16.96,NA,NA,NA,285.902
1971-09-07,16.699,NA,NA,NA,285.887
1971-09-08,16.699,NA,NA,NA,285.887
1971-09-09,16.856,NA,NA,NA,285.896
1971-09-10,16.909,NA,NA,NA,285.899
1971-09-11,16.804,NA,NA,NA,285.893
1971-09-12,16.699,NA,NA,NA,285.887
1971-09-13,16.646,NA,NA,NA,285.884
1971-09-14,16.804,NA,NA,NA,285.893
1971-09-15,16.909,NA,NA,NA,285.899
1971-09-16,16.909,NA,NA,NA,285.899
1971-09-17,16.909,NA,NA,NA,285.899
1971-09-18,16.751,NA,NA,NA,285.89
1971-09-19,16.541,NA,NA,NA,285.878
1971-09-20,16.384,NA,NA,NA,285.869
1971-09-21,16.384,NA,NA,NA,285.869
1971-09-22,16.331,NA,NA,NA,285.866
1971-09-23,16.384,NA,NA,NA,285.869
1971-09-24,16.436,NA,NA,NA,285.872
1971-09-25,16.436,NA,NA,NA,285.872
1971-09-26,16.436,NA,NA,NA,285.872
1971-09-27,16.384,NA,NA,NA,285.869
1971-09-28,16.122,NA,NA,NA,285.854
1971-09-29,15.86,NA,NA,NA,285.838
1971-09-30,16.122,NA,NA,NA,285.854
1971-10-01,16.436,NA,NA,NA,285.872
1971-10-02,16.436,NA,NA,NA,285.872
1971-10-03,16.436,NA,NA,NA,285.872
1971-10-04,16.436,NA,NA,NA,285.872
1971-10-05,16.541,NA,NA,NA,285.878
1971-10-06,16.699,NA,NA,NA,285.887
1971-10-07,16.804,NA,NA,NA,285.893
1971-10-08,16.909,NA,NA,NA,285.899
1971-10-09,16.489,NA,NA,NA,285.875
1971-10-10,16.017,NA,NA,NA,285.848
1971-10-11,15.546,NA,NA,NA,285.82
1971-10-12,15.126,NA,NA,NA,285.796
1971-10-13,16.226,NA,NA,NA,285.86
1971-10-14,16.017,NA,NA,NA,285.848
1971-10-15,15.807,NA,NA,NA,285.835
1971-10-16,15.807,NA,NA,NA,285.835
1971-10-17,15.86,NA,NA,NA,285.838
1971-10-18,15.912,NA,NA,NA,285.841
1971-10-19,17.269,NA,NA,NA,285.915
1971-10-20,18.58,NA,NA,NA,285.966
1971-10-21,18.502,NA,NA,NA,285.963
1971-10-22,18.426,NA,NA,NA,285.96
1971-10-23,18.426,NA,NA,NA,285.96
1971-10-24,18.502,NA,NA,NA,285.963
1971-10-25,18.502,NA,NA,NA,285.963
1971-10-26,18.426,NA,NA,NA,285.96
1971-10-27,21.432,NA,NA,NA,286.079
1971-10-28,20.122,NA,NA,NA,286.027
1971-10-29,18.811,NA,NA,NA,285.976
1971-10-30,19.581,NA,NA,NA,286.006
1971-10-31,20.352,NA,NA,NA,286.037
1971-11-01,21.047,NA,NA,NA,286.064
1971-11-02,22.048,NA,NA,NA,286.104
1971-11-03,23.128,NA,NA,NA,286.146
1971-11-04,22.589,NA,NA,NA,286.125
1971-11-05,25.027,NA,NA,NA,286.219
1971-11-06,23.436,NA,NA,NA,286.158
1971-11-07,22.819,NA,NA,NA,286.134
1971-11-08,22.357,NA,NA,NA,286.116
1971-11-09,21.586,NA,NA,NA,286.085
1971-11-10,21.586,NA,NA,NA,286.085
1971-11-11,21.509,NA,NA,NA,286.082
1971-11-12,21.432,NA,NA,NA,286.079
1971-11-13,21.201,NA,NA,NA,286.07
1971-11-14,21.047,NA,NA,NA,286.064
1971-11-15,20.969,NA,NA,NA,286.061
1971-11-16,21.278,NA,NA,NA,286.073
1971-11-17,21.586,NA,NA,NA,286.085
1971-11-18,21.894,NA,NA,NA,286.097
1971-11-19,22.203,NA,NA,NA,286.11
1971-11-20,22.203,NA,NA,NA,286.11
1971-11-21,22.28,NA,NA,NA,286.113
1971-11-22,22.435,NA,NA,NA,286.119
1971-11-23,23.36,NA,NA,NA,286.155
1971-11-24,24.285,NA,NA,NA,286.192
1971-11-25,24.285,NA,NA,NA,286.192
1971-11-26,24.207,NA,NA,NA,286.189
1971-11-27,23.822,NA,NA,NA,286.174
1971-11-28,23.436,NA,NA,NA,286.158
1971-11-29,23.128,NA,NA,NA,286.146
1971-11-30,22.819,NA,NA,NA,286.134
1971-12-01,22.511,NA,NA,NA,286.122
1971-12-02,22.357,NA,NA,NA,286.116
1971-12-03,22.203,NA,NA,NA,286.11
1971-12-04,22.203,NA,NA,NA,286.11
1971-12-05,22.28,NA,NA,NA,286.113
1971-12-06,22.357,NA,NA,NA,286.116
1971-12-07,22.357,NA,NA,NA,286.116
1971-12-08,22.28,NA,NA,NA,286.113
1971-12-09,21.74,NA,NA,NA,286.091
1971-12-10,21.201,NA,NA,NA,286.07
1971-12-11,21.047,NA,NA,NA,286.064
1971-12-12,20.969,NA,NA,NA,286.061
1971-12-13,20.815,NA,NA,NA,286.055
1971-12-14,20.584,NA,NA,NA,286.046
1971-12-15,20.352,NA,NA,NA,286.037
1971-12-16,20.122,NA,NA,NA,286.027
1971-12-17,19.968,NA,NA,NA,286.021
1971-12-18,19.968,NA,NA,NA,286.021
1971-12-19,19.968,NA,NA,NA,286.021
1971-12-20,19.968,NA,NA,NA,286.021
1971-12-21,19.813,NA,NA,NA,286.015
1971-12-22,19.659,NA,NA,NA,286.009
1971-12-23,19.581,NA,NA,NA,286.006
1971-12-24,19.505,NA,NA,NA,286.003
1971-12-25,19.427,NA,NA,NA,286
1971-12-26,19.351,NA,NA,NA,285.997
1971-12-27,19.351,NA,NA,NA,285.997
1971-12-28,19.273,NA,NA,NA,285.994
1971-12-29,19.273,NA,NA,NA,285.994
1971-12-30,19.273,NA,NA,NA,285.994
1971-12-31,19.042,NA,NA,NA,285.985
1972-01-01,18.811,NA,NA,NA,285.976
1972-01-02,18.656,NA,NA,NA,285.969
1972-01-03,18.426,NA,NA,NA,285.96
1972-01-04,18.348,NA,NA,NA,285.957
1972-01-05,18.272,NA,NA,NA,285.954
1972-01-06,18.194,NA,NA,NA,285.951
1972-01-07,18.117,NA,NA,NA,285.948
1972-01-08,18.117,NA,NA,NA,285.948
1972-01-09,18.117,NA,NA,NA,285.948
1972-01-10,18.117,NA,NA,NA,285.948
1972-01-11,18.117,NA,NA,NA,285.948
1972-01-12,18.117,NA,NA,NA,285.948
1972-01-13,18.04,NA,NA,NA,285.945
1972-01-14,17.963,NA,NA,NA,285.942
1972-01-15,17.963,NA,NA,NA,285.942
1972-01-16,17.963,NA,NA,NA,285.942
1972-01-17,17.963,NA,NA,NA,285.942
1972-01-18,17.885,NA,NA,NA,285.939
1972-01-19,17.809,NA,NA,NA,285.936
1972-01-20,17.731,NA,NA,NA,285.933
1972-01-21,17.731,NA,NA,NA,285.933
1972-01-22,17.655,NA,NA,NA,285.93
1972-01-23,17.577,NA,NA,NA,285.927
1972-01-24,17.501,NA,NA,NA,285.924
1972-01-25,17.423,NA,NA,NA,285.921
1972-01-26,17.346,NA,NA,NA,285.918
1972-01-27,17.346,NA,NA,NA,285.918
1972-01-28,17.269,NA,NA,NA,285.915
1972-01-29,17.038,NA,NA,NA,285.905
1972-01-30,16.856,NA,NA,NA,285.896
1972-01-31,16.751,NA,NA,NA,285.89
1972-02-01,16.804,NA,NA,NA,285.893
1972-02-02,16.909,NA,NA,NA,285.899
1972-02-03,16.96,NA,NA,NA,285.902
1972-02-04,17.115,NA,NA,NA,285.908
1972-02-05,17.038,NA,NA,NA,285.905
1972-02-06,17.038,NA,NA,NA,285.905
1972-02-07,17.038,NA,NA,NA,285.905
1972-02-08,16.96,NA,NA,NA,285.902
1972-02-09,16.96,NA,NA,NA,285.902
1972-02-10,16.96,NA,NA,NA,285.902
1972-02-11,16.909,NA,NA,NA,285.899
1972-02-12,16.909,NA,NA,NA,285.899
1972-02-13,16.909,NA,NA,NA,285.899
1972-02-14,16.856,NA,NA,NA,285.896
1972-02-15,16.856,NA,NA,NA,285.896
1972-02-16,16.804,NA,NA,NA,285.893
1972-02-17,16.804,NA,NA,NA,285.893
1972-02-18,16.804,NA,NA,NA,285.893
1972-02-19,16.751,NA,NA,NA,285.89
1972-02-20,16.751,NA,NA,NA,285.89
1972-02-21,16.751,NA,NA,NA,285.89
1972-02-22,16.699,NA,NA,NA,285.887
1972-02-23,16.699,NA,NA,NA,285.887
1972-02-24,16.699,NA,NA,NA,285.887
1972-02-25,16.646,NA,NA,NA,285.884
1972-02-26,16.646,NA,NA,NA,285.884
1972-02-27,16.646,NA,NA,NA,285.884
1972-02-28,16.699,NA,NA,NA,285.887
1972-02-29,16.699,NA,NA,NA,285.887
1972-03-01,16.699,NA,NA,NA,285.887
1972-03-02,16.699,NA,NA,NA,285.887
1972-03-03,16.751,NA,NA,NA,285.89
1972-03-04,16.751,NA,NA,NA,285.89
1972-03-05,16.751,NA,NA,NA,285.89
1972-03-06,16.751,NA,NA,NA,285.89
1972-03-07,16.804,NA,NA,NA,285.893
1972-03-08,16.804,NA,NA,NA,285.893
1972-03-09,16.804,NA,NA,NA,285.893
1972-03-10,16.856,NA,NA,NA,285.896
1972-03-11,17.346,NA,NA,NA,285.918
1972-03-12,17.963,NA,NA,NA,285.942
1972-03-13,18.58,NA,NA,NA,285.966
1972-03-14,19.197,NA,NA,NA,285.991
1972-03-15,20.584,NA,NA,NA,286.046
1972-03-16,23.051,NA,NA,NA,286.143
1972-03-17,27.889,NA,NA,NA,286.317
1972-03-18,35.333,NA,NA,NA,286.567
1972-03-19,38.871,NA,NA,NA,286.68
1972-03-20,41.26,NA,NA,NA,286.756
1972-03-21,41.738,NA,NA,NA,286.771
1972-03-22,42.216,NA,NA,NA,286.786
1972-03-23,43.172,NA,NA,NA,286.817
1972-03-24,44.282,NA,NA,NA,286.847
1972-03-25,44.837,NA,NA,NA,286.863
1972-03-26,44.837,NA,NA,NA,286.863
1972-03-27,42.216,NA,NA,NA,286.786
1972-03-28,40.304,NA,NA,NA,286.725
1972-03-29,39.157,NA,NA,NA,286.689
1972-03-30,38.201,NA,NA,NA,286.658
1972-03-31,38.679,NA,NA,NA,286.674
1972-04-01,38.201,NA,NA,NA,286.658
1972-04-02,37.245,NA,NA,NA,286.628
1972-04-03,34.856,NA,NA,NA,286.552
1972-04-04,34.759,NA,NA,NA,286.549
1972-04-05,34.568,NA,NA,NA,286.542
1972-04-06,34.186,NA,NA,NA,286.53
1972-04-07,33.804,NA,NA,NA,286.518
1972-04-08,33.345,NA,NA,NA,286.503
1972-04-09,32.897,NA,NA,NA,286.488
1972-04-10,32.45,NA,NA,NA,286.472
1972-04-11,32.718,NA,NA,NA,286.482
1972-04-12,33.076,NA,NA,NA,286.494
1972-04-13,33.433,NA,NA,NA,286.506
1972-04-14,34.282,NA,NA,NA,286.533
1972-04-15,35.62,NA,NA,NA,286.576
1972-04-16,37.532,NA,NA,NA,286.637
1972-04-17,39.635,NA,NA,NA,286.704
1972-04-18,40.018,NA,NA,NA,286.716
1972-04-19,39.539,NA,NA,NA,286.701
1972-04-20,39.348,NA,NA,NA,286.695
1972-04-21,39.348,NA,NA,NA,286.695
1972-04-22,39.827,NA,NA,NA,286.71
1972-04-23,40.304,NA,NA,NA,286.725
1972-04-24,37.818,NA,NA,NA,286.646
1972-04-25,37.915,NA,NA,NA,286.649
1972-04-26,38.01,NA,NA,NA,286.652
1972-04-27,37.627,NA,NA,NA,286.64
1972-04-28,37.054,NA,NA,NA,286.622
1972-04-29,35.524,NA,NA,NA,286.573
1972-04-30,34.951,NA,NA,NA,286.555
1972-05-01,34.473,NA,NA,NA,286.539
1972-05-02,34.282,NA,NA,NA,286.533
1972-05-03,33.995,NA,NA,NA,286.524
1972-05-04,35.047,NA,NA,NA,286.558
1972-05-05,35.907,NA,NA,NA,286.585
1972-05-06,36.003,NA,NA,NA,286.588
1972-05-07,36.003,NA,NA,NA,286.588
1972-05-08,36.098,NA,NA,NA,286.591
1972-05-09,35.333,NA,NA,NA,286.567
1972-05-10,34.568,NA,NA,NA,286.542
1972-05-11,34.091,NA,NA,NA,286.527
1972-05-12,33.804,NA,NA,NA,286.518
1972-05-13,33.345,NA,NA,NA,286.503
1972-05-14,33.166,NA,NA,NA,286.497
1972-05-15,32.897,NA,NA,NA,286.488
1972-05-16,33.255,NA,NA,NA,286.5
1972-05-17,33.612,NA,NA,NA,286.512
1972-05-18,33.255,NA,NA,NA,286.5
1972-05-19,33.076,NA,NA,NA,286.494
1972-05-20,34.282,NA,NA,NA,286.533
1972-05-21,36.003,NA,NA,NA,286.588
1972-05-22,37.627,NA,NA,NA,286.64
1972-05-23,38.871,NA,NA,NA,286.68
1972-05-24,39.062,NA,NA,NA,286.686
1972-05-25,39.827,NA,NA,NA,286.71
1972-05-26,39.348,NA,NA,NA,286.695
1972-05-27,38.871,NA,NA,NA,286.68
1972-05-28,41.451,NA,NA,NA,286.762
1972-05-29,43.172,NA,NA,NA,286.817
1972-05-30,44.282,NA,NA,NA,286.847
1972-05-31,47.057,NA,NA,NA,286.923
1972-06-01,50.277,NA,NA,NA,287.012
1972-06-02,52.719,NA,NA,NA,287.079
1972-06-03,52.497,NA,NA,NA,287.073
1972-06-04,51.165,NA,NA,NA,287.036
1972-06-05,48.722,NA,NA,NA,286.969
1972-06-06,44.06,NA,NA,NA,286.841
1972-06-07,42.789,NA,NA,NA,286.805
1972-06-08,41.547,NA,NA,NA,286.765
1972-06-09,40.4,NA,NA,NA,286.728
1972-06-10,39.348,NA,NA,NA,286.695
1972-06-11,38.201,NA,NA,NA,286.658
1972-06-12,36.863,NA,NA,NA,286.616
1972-06-13,34.282,NA,NA,NA,286.533
1972-06-14,32.629,NA,NA,NA,286.478
1972-06-15,32.718,NA,NA,NA,286.482
1972-06-16,32.629,NA,NA,NA,286.478
1972-06-17,32.45,NA,NA,NA,286.472
1972-06-18,32.272,NA,NA,NA,286.466
1972-06-19,32.093,NA,NA,NA,286.46
1972-06-20,31.377,NA,NA,NA,286.436
1972-06-21,30.751,NA,NA,NA,286.414
1972-06-22,29.946,NA,NA,NA,286.387
1972-06-23,29.231,NA,NA,NA,286.363
1972-06-24,28.783,NA,NA,NA,286.347
1972-06-25,28.426,NA,NA,NA,286.335
1972-06-26,27.979,NA,NA,NA,286.32
1972-06-27,27.621,NA,NA,NA,286.308
1972-06-28,27.264,NA,NA,NA,286.296
1972-06-29,27.531,NA,NA,NA,286.305
1972-06-30,27.8,NA,NA,NA,286.314
1972-07-01,27.174,NA,NA,NA,286.293
1972-07-02,25.922,NA,NA,NA,286.25
1972-07-03,25.296,NA,NA,NA,286.229
1972-07-04,25.117,NA,NA,NA,286.222
1972-07-05,24.361,NA,NA,NA,286.195
1972-07-06,23.899,NA,NA,NA,286.177
1972-07-07,23.36,NA,NA,NA,286.155
1972-07-08,23.668,NA,NA,NA,286.168
1972-07-09,23.976,NA,NA,NA,286.18
1972-07-10,24.285,NA,NA,NA,286.192
1972-07-11,24.131,NA,NA,NA,286.186
1972-07-12,24.053,NA,NA,NA,286.183
1972-07-13,24.207,NA,NA,NA,286.189
1972-07-14,24.131,NA,NA,NA,286.186
1972-07-15,23.514,NA,NA,NA,286.161
1972-07-16,23.051,NA,NA,NA,286.143
1972-07-17,22.665,NA,NA,NA,286.128
1972-07-18,22.203,NA,NA,NA,286.11
1972-07-19,21.894,NA,NA,NA,286.097
1972-07-20,22.28,NA,NA,NA,286.113
1972-07-21,22.665,NA,NA,NA,286.128
1972-07-22,23.205,NA,NA,NA,286.149
1972-07-23,23.976,NA,NA,NA,286.18
1972-07-24,24.67,NA,NA,NA,286.207
1972-07-25,23.282,NA,NA,NA,286.152
1972-07-26,25.296,NA,NA,NA,286.229
1972-07-27,26.637,NA,NA,NA,286.274
1972-07-28,28.247,NA,NA,NA,286.329
1972-07-29,29.499,NA,NA,NA,286.372
1972-07-30,30.035,NA,NA,NA,286.39
1972-07-31,31.108,NA,NA,NA,286.427
1972-08-01,30.93,NA,NA,NA,286.421
1972-08-02,30.035,NA,NA,NA,286.39
1972-08-03,30.214,NA,NA,NA,286.396
1972-08-04,30.483,NA,NA,NA,286.405
1972-08-05,30.572,NA,NA,NA,286.408
1972-08-06,30.751,NA,NA,NA,286.414
1972-08-07,30.841,NA,NA,NA,286.418
1972-08-08,29.589,NA,NA,NA,286.375
1972-08-09,28.516,NA,NA,NA,286.338
1972-08-10,28.783,NA,NA,NA,286.347
1972-08-11,28.962,NA,NA,NA,286.354
1972-08-12,27.889,NA,NA,NA,286.317
1972-08-13,27.085,NA,NA,NA,286.289
1972-08-14,26.458,NA,NA,NA,286.268
1972-08-15,26.279,NA,NA,NA,286.262
1972-08-16,26.1,NA,NA,NA,286.256
1972-08-17,25.117,NA,NA,NA,286.222
1972-08-18,24.207,NA,NA,NA,286.189
1972-08-19,23.436,NA,NA,NA,286.158
1972-08-20,22.819,NA,NA,NA,286.134
1972-08-21,22.435,NA,NA,NA,286.119
1972-08-22,22.048,NA,NA,NA,286.104
1972-08-23,21.74,NA,NA,NA,286.091
1972-08-24,21.509,NA,NA,NA,286.082
1972-08-25,21.278,NA,NA,NA,286.073
1972-08-26,21.201,NA,NA,NA,286.07
1972-08-27,21.047,NA,NA,NA,286.064
1972-08-28,20.893,NA,NA,NA,286.058
1972-08-29,20.352,NA,NA,NA,286.037
1972-08-30,19.813,NA,NA,NA,286.015
1972-08-31,19.89,NA,NA,NA,286.018
1972-09-01,20.044,NA,NA,NA,286.024
1972-09-02,19.89,NA,NA,NA,286.018
1972-09-03,19.581,NA,NA,NA,286.006
1972-09-04,19.89,NA,NA,NA,286.018
1972-09-05,19.813,NA,NA,NA,286.015
1972-09-06,19.659,NA,NA,NA,286.009
1972-09-07,19.351,NA,NA,NA,285.997
1972-09-08,19.042,NA,NA,NA,285.985
1972-09-09,19.042,NA,NA,NA,285.985
1972-09-10,19.119,NA,NA,NA,285.988
1972-09-11,19.119,NA,NA,NA,285.988
1972-09-12,19.119,NA,NA,NA,285.988
1972-09-13,19.197,NA,NA,NA,285.991
1972-09-14,19.197,NA,NA,NA,285.991
1972-09-15,19.119,NA,NA,NA,285.988
1972-09-16,18.426,NA,NA,NA,285.96
1972-09-17,18.04,NA,NA,NA,285.945
1972-09-18,17.963,NA,NA,NA,285.942
1972-09-19,19.042,NA,NA,NA,285.985
1972-09-20,21.201,NA,NA,NA,286.07
1972-09-21,19.89,NA,NA,NA,286.018
1972-09-22,16.541,NA,NA,NA,285.878
1972-09-23,16.594,NA,NA,NA,285.881
1972-09-24,16.699,NA,NA,NA,285.887
1972-09-25,16.699,NA,NA,NA,285.887
1972-09-26,16.489,NA,NA,NA,285.875
1972-09-27,16.279,NA,NA,NA,285.863
1972-09-28,17.963,NA,NA,NA,285.942
1972-09-29,19.968,NA,NA,NA,286.021
1972-09-30,18.811,NA,NA,NA,285.976
1972-10-01,17.655,NA,NA,NA,285.93
1972-10-02,16.856,NA,NA,NA,285.896
1972-10-03,16.856,NA,NA,NA,285.896
1972-10-04,16.856,NA,NA,NA,285.896
1972-10-05,17.346,NA,NA,NA,285.918
1972-10-06,17.885,NA,NA,NA,285.939
1972-10-07,17.963,NA,NA,NA,285.942
1972-10-08,18.117,NA,NA,NA,285.948
1972-10-09,18.272,NA,NA,NA,285.954
1972-10-10,18.348,NA,NA,NA,285.957
1972-10-11,18.502,NA,NA,NA,285.963
1972-10-12,18.04,NA,NA,NA,285.945
1972-10-13,17.809,NA,NA,NA,285.936
1972-10-14,18.811,NA,NA,NA,285.976
1972-10-15,19.89,NA,NA,NA,286.018
1972-10-16,20.661,NA,NA,NA,286.049
1972-10-17,18.888,NA,NA,NA,285.979
1972-10-18,17.192,NA,NA,NA,285.912
1972-10-19,16.699,NA,NA,NA,285.887
1972-10-20,16.331,NA,NA,NA,285.866
1972-10-21,16.436,NA,NA,NA,285.872
1972-10-22,16.541,NA,NA,NA,285.878
1972-10-23,16.646,NA,NA,NA,285.884
1972-10-24,16.751,NA,NA,NA,285.89
1972-10-25,17.346,NA,NA,NA,285.918
1972-10-26,18.04,NA,NA,NA,285.945
1972-10-27,18.58,NA,NA,NA,285.966
1972-10-28,18.117,NA,NA,NA,285.948
1972-10-29,17.731,NA,NA,NA,285.933
1972-10-30,17.269,NA,NA,NA,285.915
1972-10-31,17.501,NA,NA,NA,285.924
1972-11-01,17.731,NA,NA,NA,285.933
1972-11-02,18.272,NA,NA,NA,285.954
1972-11-03,18.811,NA,NA,NA,285.976
1972-11-04,19.427,NA,NA,NA,286
1972-11-05,20.044,NA,NA,NA,286.024
1972-11-06,20.507,NA,NA,NA,286.043
1972-11-07,19.427,NA,NA,NA,286
1972-11-08,18.58,NA,NA,NA,285.966
1972-11-09,19.197,NA,NA,NA,285.991
1972-11-10,19.659,NA,NA,NA,286.009
1972-11-11,19.427,NA,NA,NA,286
1972-11-12,19.197,NA,NA,NA,285.991
1972-11-13,19.042,NA,NA,NA,285.985
1972-11-14,18.965,NA,NA,NA,285.982
1972-11-15,18.888,NA,NA,NA,285.979
1972-11-16,18.888,NA,NA,NA,285.979
1972-11-17,19.119,NA,NA,NA,285.988
1972-11-18,19.042,NA,NA,NA,285.985
1972-11-19,18.965,NA,NA,NA,285.982
1972-11-20,18.888,NA,NA,NA,285.979
1972-11-21,18.811,NA,NA,NA,285.976
1972-11-22,18.734,NA,NA,NA,285.973
1972-11-23,18.734,NA,NA,NA,285.973
1972-11-24,18.656,NA,NA,NA,285.969
1972-11-25,18.734,NA,NA,NA,285.973
1972-11-26,18.811,NA,NA,NA,285.976
1972-11-27,18.811,NA,NA,NA,285.976
1972-11-28,18.348,NA,NA,NA,285.957
1972-11-29,17.885,NA,NA,NA,285.939
1972-11-30,17.885,NA,NA,NA,285.939
1972-12-01,17.885,NA,NA,NA,285.939
1972-12-02,17.809,NA,NA,NA,285.936
1972-12-03,17.731,NA,NA,NA,285.933
1972-12-04,17.731,NA,NA,NA,285.933
1972-12-05,17.809,NA,NA,NA,285.936
1972-12-06,17.885,NA,NA,NA,285.939
1972-12-07,17.809,NA,NA,NA,285.936
1972-12-08,17.809,NA,NA,NA,285.936
1972-12-09,17.731,NA,NA,NA,285.933
1972-12-10,17.655,NA,NA,NA,285.93
1972-12-11,17.577,NA,NA,NA,285.927
1972-12-12,17.423,NA,NA,NA,285.921
1972-12-13,17.269,NA,NA,NA,285.915
1972-12-14,17.269,NA,NA,NA,285.915
1972-12-15,17.269,NA,NA,NA,285.915
1972-12-16,17.269,NA,NA,NA,285.915
1972-12-17,17.269,NA,NA,NA,285.915
1972-12-18,17.192,NA,NA,NA,285.912
1972-12-19,17.192,NA,NA,NA,285.912
1972-12-20,17.192,NA,NA,NA,285.912
1972-12-21,17.192,NA,NA,NA,285.912
1972-12-22,17.115,NA,NA,NA,285.908
1972-12-23,17.038,NA,NA,NA,285.905
1972-12-24,16.96,NA,NA,NA,285.902
1972-12-25,16.96,NA,NA,NA,285.902
1972-12-26,16.909,NA,NA,NA,285.899
1972-12-27,16.909,NA,NA,NA,285.899
1972-12-28,16.96,NA,NA,NA,285.902
1972-12-29,17.038,NA,NA,NA,285.905
1972-12-30,17.115,NA,NA,NA,285.908
1972-12-31,17.192,NA,NA,NA,285.912
1973-01-01,17.346,NA,NA,NA,285.918
1973-01-02,17.346,NA,NA,NA,285.918
1973-01-03,17.192,NA,NA,NA,285.912
1973-01-04,17.115,NA,NA,NA,285.908
1973-01-05,16.96,NA,NA,NA,285.902
1973-01-06,16.96,NA,NA,NA,285.902
1973-01-07,16.96,NA,NA,NA,285.902
1973-01-08,16.909,NA,NA,NA,285.899
1973-01-09,16.856,NA,NA,NA,285.896
1973-01-10,16.856,NA,NA,NA,285.896
1973-01-11,16.856,NA,NA,NA,285.896
1973-01-12,16.856,NA,NA,NA,285.896
1973-01-13,16.804,NA,NA,NA,285.893
1973-01-14,16.804,NA,NA,NA,285.893
1973-01-15,16.804,NA,NA,NA,285.893
1973-01-16,16.804,NA,NA,NA,285.893
1973-01-17,16.804,NA,NA,NA,285.893
1973-01-18,16.804,NA,NA,NA,285.893
1973-01-19,16.856,NA,NA,NA,285.896
1973-01-20,17.038,NA,NA,NA,285.905
1973-01-21,17.192,NA,NA,NA,285.912
1973-01-22,17.423,NA,NA,NA,285.921
1973-01-23,17.423,NA,NA,NA,285.921
1973-01-24,17.501,NA,NA,NA,285.924
1973-01-25,17.731,NA,NA,NA,285.933
1973-01-26,17.885,NA,NA,NA,285.939
1973-01-27,17.963,NA,NA,NA,285.942
1973-01-28,17.963,NA,NA,NA,285.942
1973-01-29,18.04,NA,NA,NA,285.945
1973-01-30,18.04,NA,NA,NA,285.945
1973-01-31,18.117,NA,NA,NA,285.948
1973-02-01,18.272,NA,NA,NA,285.954
1973-02-02,18.348,NA,NA,NA,285.957
1973-02-03,18.426,NA,NA,NA,285.96
1973-02-04,18.426,NA,NA,NA,285.96
1973-02-05,18.502,NA,NA,NA,285.963
1973-02-06,18.348,NA,NA,NA,285.957
1973-02-07,18.272,NA,NA,NA,285.954
1973-02-08,18.272,NA,NA,NA,285.954
1973-02-09,18.272,NA,NA,NA,285.954
1973-02-10,18.272,NA,NA,NA,285.954
1973-02-11,18.272,NA,NA,NA,285.954
1973-02-12,18.272,NA,NA,NA,285.954
1973-02-13,18.348,NA,NA,NA,285.957
1973-02-14,18.348,NA,NA,NA,285.957
1973-02-15,18.272,NA,NA,NA,285.954
1973-02-16,18.194,NA,NA,NA,285.951
1973-02-17,18.194,NA,NA,NA,285.951
1973-02-18,18.194,NA,NA,NA,285.951
1973-02-19,18.194,NA,NA,NA,285.951
1973-02-20,18.194,NA,NA,NA,285.951
1973-02-21,18.194,NA,NA,NA,285.951
1973-02-22,18.194,NA,NA,NA,285.951
1973-02-23,18.194,NA,NA,NA,285.951
1973-02-24,18.194,NA,NA,NA,285.951
1973-02-25,18.194,NA,NA,NA,285.951
1973-02-26,18.272,NA,NA,NA,285.954
1973-02-27,18.502,NA,NA,NA,285.963
1973-02-28,18.811,NA,NA,NA,285.976
1973-03-01,19.273,NA,NA,NA,285.994
1973-03-02,19.659,NA,NA,NA,286.009
1973-03-03,20.276,NA,NA,NA,286.033
1973-03-04,20.893,NA,NA,NA,286.058
1973-03-05,21.355,NA,NA,NA,286.076
1973-03-06,22.357,NA,NA,NA,286.116
1973-03-07,23.36,NA,NA,NA,286.155
1973-03-08,24.053,NA,NA,NA,286.183
1973-03-09,24.848,NA,NA,NA,286.213
1973-03-10,26.1,NA,NA,NA,286.256
1973-03-11,27.442,NA,NA,NA,286.302
1973-03-12,28.783,NA,NA,NA,286.347
1973-03-13,30.483,NA,NA,NA,286.405
1973-03-14,32.718,NA,NA,NA,286.482
1973-03-15,34.856,NA,NA,NA,286.552
1973-03-16,36.003,NA,NA,NA,286.588
1973-03-17,36.768,NA,NA,NA,286.613
1973-03-18,37.245,NA,NA,NA,286.628
1973-03-19,37.245,NA,NA,NA,286.628
1973-03-20,36.959,NA,NA,NA,286.619
1973-03-21,36.289,NA,NA,NA,286.597
1973-03-22,35.62,NA,NA,NA,286.576
1973-03-23,34.951,NA,NA,NA,286.555
1973-03-24,34.473,NA,NA,NA,286.539
1973-03-25,33.9,NA,NA,NA,286.521
1973-03-26,33.433,NA,NA,NA,286.506
1973-03-27,33.612,NA,NA,NA,286.512
1973-03-28,32.629,NA,NA,NA,286.478
1973-03-29,32.181,NA,NA,NA,286.463
1973-03-30,31.735,NA,NA,NA,286.448
1973-03-31,31.735,NA,NA,NA,286.448
1973-04-01,31.824,NA,NA,NA,286.451
1973-04-02,31.735,NA,NA,NA,286.448
1973-04-03,30.93,NA,NA,NA,286.421
1973-04-04,30.035,NA,NA,NA,286.39
1973-04-05,29.41,NA,NA,NA,286.369
1973-04-06,28.783,NA,NA,NA,286.347
1973-04-07,28.604,NA,NA,NA,286.341
1973-04-08,28.426,NA,NA,NA,286.335
1973-04-09,28.158,NA,NA,NA,286.326
1973-04-10,27.264,NA,NA,NA,286.296
1973-04-11,26.369,NA,NA,NA,286.265
1973-04-12,25.027,NA,NA,NA,286.219
1973-04-13,23.899,NA,NA,NA,286.177
1973-04-14,23.822,NA,NA,NA,286.174
1973-04-15,23.668,NA,NA,NA,286.168
1973-04-16,23.59,NA,NA,NA,286.165
1973-04-17,22.743,NA,NA,NA,286.131
1973-04-18,21.818,NA,NA,NA,286.094
1973-04-19,20.893,NA,NA,NA,286.058
1973-04-20,20.122,NA,NA,NA,286.027
1973-04-21,20.893,NA,NA,NA,286.058
1973-04-22,21.586,NA,NA,NA,286.085
1973-04-23,22.28,NA,NA,NA,286.113
1973-04-24,21.972,NA,NA,NA,286.101
1973-04-25,21.664,NA,NA,NA,286.088
1973-04-26,21.586,NA,NA,NA,286.085
1973-04-27,21.586,NA,NA,NA,286.085
1973-04-28,21.123,NA,NA,NA,286.067
1973-04-29,20.738,NA,NA,NA,286.052
1973-04-30,20.507,NA,NA,NA,286.043
1973-05-01,21.74,NA,NA,NA,286.091
1973-05-02,22.974,NA,NA,NA,286.14
1973-05-03,22.357,NA,NA,NA,286.116
1973-05-04,21.74,NA,NA,NA,286.091
1973-05-05,22.28,NA,NA,NA,286.113
1973-05-06,22.897,NA,NA,NA,286.137
1973-05-07,24.285,NA,NA,NA,286.192
1973-05-08,24.207,NA,NA,NA,286.189
1973-05-09,24.361,NA,NA,NA,286.195
1973-05-10,25.027,NA,NA,NA,286.219
1973-05-11,25.654,NA,NA,NA,286.241
1973-05-12,24.67,NA,NA,NA,286.207
1973-05-13,23.899,NA,NA,NA,286.177
1973-05-14,23.051,NA,NA,NA,286.143
1973-05-15,22.665,NA,NA,NA,286.128
1973-05-16,22.357,NA,NA,NA,286.116
1973-05-17,21.972,NA,NA,NA,286.101
1973-05-18,21.432,NA,NA,NA,286.079
1973-05-19,20.738,NA,NA,NA,286.052
1973-05-20,20.122,NA,NA,NA,286.027
1973-05-21,19.427,NA,NA,NA,286
1973-05-22,19.119,NA,NA,NA,285.988
1973-05-23,18.811,NA,NA,NA,285.976
1973-05-24,20.815,NA,NA,NA,286.055
1973-05-25,22.897,NA,NA,NA,286.137
1973-05-26,23.744,NA,NA,NA,286.171
1973-05-27,24.593,NA,NA,NA,286.204
1973-05-28,25.564,NA,NA,NA,286.238
1973-05-29,25.385,NA,NA,NA,286.232
1973-05-30,26.816,NA,NA,NA,286.28
1973-05-31,26.816,NA,NA,NA,286.28
1973-06-01,26.906,NA,NA,NA,286.283
1973-06-02,26.906,NA,NA,NA,286.283
1973-06-03,26.906,NA,NA,NA,286.283
1973-06-04,26.906,NA,NA,NA,286.283
1973-06-05,26.816,NA,NA,NA,286.28
1973-06-06,26.816,NA,NA,NA,286.28
1973-06-07,26.637,NA,NA,NA,286.274
1973-06-08,26.548,NA,NA,NA,286.271
1973-06-09,26.1,NA,NA,NA,286.256
1973-06-10,25.654,NA,NA,NA,286.241
1973-06-11,25.296,NA,NA,NA,286.229
1973-06-12,24.67,NA,NA,NA,286.207
1973-06-13,24.131,NA,NA,NA,286.186
1973-06-14,23.59,NA,NA,NA,286.165
1973-06-15,23.051,NA,NA,NA,286.143
1973-06-16,22.589,NA,NA,NA,286.125
1973-06-17,22.048,NA,NA,NA,286.104
1973-06-18,21.509,NA,NA,NA,286.082
1973-06-19,21.509,NA,NA,NA,286.082
1973-06-20,21.509,NA,NA,NA,286.082
1973-06-21,20.122,NA,NA,NA,286.027
1973-06-22,18.888,NA,NA,NA,285.979
1973-06-23,18.656,NA,NA,NA,285.969
1973-06-24,18.348,NA,NA,NA,285.957
1973-06-25,18.117,NA,NA,NA,285.948
1973-06-26,18.348,NA,NA,NA,285.957
1973-06-27,18.502,NA,NA,NA,285.963
1973-06-28,17.655,NA,NA,NA,285.93
1973-06-29,16.96,NA,NA,NA,285.902
1973-06-30,16.594,NA,NA,NA,285.881
1973-07-01,16.331,NA,NA,NA,285.866
1973-07-02,16.96,NA,NA,NA,285.902
1973-07-03,16.96,NA,NA,NA,285.902
1973-07-04,16.856,NA,NA,NA,285.896
1973-07-05,16.279,NA,NA,NA,285.863
1973-07-06,15.965,NA,NA,NA,285.844
1973-07-07,15.755,NA,NA,NA,285.832
1973-07-08,15.546,NA,NA,NA,285.82
1973-07-09,15.388,NA,NA,NA,285.811
1973-07-10,15.283,NA,NA,NA,285.805
1973-07-11,15.231,NA,NA,NA,285.802
1973-07-12,15.546,NA,NA,NA,285.82
1973-07-13,15.912,NA,NA,NA,285.841
1973-07-14,15.65,NA,NA,NA,285.826
1973-07-15,15.388,NA,NA,NA,285.811
1973-07-16,15.126,NA,NA,NA,285.796
1973-07-17,15.126,NA,NA,NA,285.796
1973-07-18,15.126,NA,NA,NA,285.796
1973-07-19,15.126,NA,NA,NA,285.796
1973-07-20,15.126,NA,NA,NA,285.796
1973-07-21,15.126,NA,NA,NA,285.796
1973-07-22,15.126,NA,NA,NA,285.796
1973-07-23,15.126,NA,NA,NA,285.796
1973-07-24,15.388,NA,NA,NA,285.811
1973-07-25,15.65,NA,NA,NA,285.826
1973-07-26,15.86,NA,NA,NA,285.838
1973-07-27,16.017,NA,NA,NA,285.848
1973-07-28,15.807,NA,NA,NA,285.835
1973-07-29,15.65,NA,NA,NA,285.826
1973-07-30,15.493,NA,NA,NA,285.817
1973-07-31,15.493,NA,NA,NA,285.817
1973-08-01,15.441,NA,NA,NA,285.814
1973-08-02,15.283,NA,NA,NA,285.805
1973-08-03,15.073,NA,NA,NA,285.793
1973-08-04,15.178,NA,NA,NA,285.799
1973-08-05,15.283,NA,NA,NA,285.805
1973-08-06,15.388,NA,NA,NA,285.811
1973-08-07,15.231,NA,NA,NA,285.802
1973-08-08,15.126,NA,NA,NA,285.796
1973-08-09,15.178,NA,NA,NA,285.799
1973-08-10,15.231,NA,NA,NA,285.802
1973-08-11,15.283,NA,NA,NA,285.805
1973-08-12,15.336,NA,NA,NA,285.808
1973-08-13,15.388,NA,NA,NA,285.811
1973-08-14,15.231,NA,NA,NA,285.802
1973-08-15,15.126,NA,NA,NA,285.796
1973-08-16,15.073,NA,NA,NA,285.793
1973-08-17,15.073,NA,NA,NA,285.793
1973-08-18,15.021,NA,NA,NA,285.79
1973-08-19,14.968,NA,NA,NA,285.787
1973-08-20,14.916,NA,NA,NA,285.784
1973-08-21,14.654,NA,NA,NA,285.768
1973-08-22,14.392,NA,NA,NA,285.753
1973-08-23,14.549,NA,NA,NA,285.762
1973-08-24,14.707,NA,NA,NA,285.771
1973-08-25,14.863,NA,NA,NA,285.78
1973-08-26,14.968,NA,NA,NA,285.787
1973-08-27,15.126,NA,NA,NA,285.796
1973-08-28,15.283,NA,NA,NA,285.805
1973-08-29,15.388,NA,NA,NA,285.811
1973-08-30,15.178,NA,NA,NA,285.799
1973-08-31,14.968,NA,NA,NA,285.787
1973-09-01,14.863,NA,NA,NA,285.78
1973-09-02,14.916,NA,NA,NA,285.784
1973-09-03,14.968,NA,NA,NA,285.787
1973-09-04,15.021,NA,NA,NA,285.79
1973-09-05,15.283,NA,NA,NA,285.805
1973-09-06,14.863,NA,NA,NA,285.78
1973-09-07,14.549,NA,NA,NA,285.762
1973-09-08,14.863,NA,NA,NA,285.78
1973-09-09,15.126,NA,NA,NA,285.796
1973-09-10,15.336,NA,NA,NA,285.808
1973-09-11,15.126,NA,NA,NA,285.796
1973-09-12,14.968,NA,NA,NA,285.787
1973-09-13,14.968,NA,NA,NA,285.787
1973-09-14,15.021,NA,NA,NA,285.79
1973-09-15,14.968,NA,NA,NA,285.787
1973-09-16,14.968,NA,NA,NA,285.787
1973-09-17,14.916,NA,NA,NA,285.784
1973-09-18,14.812,NA,NA,NA,285.777
1973-09-19,14.707,NA,NA,NA,285.771
1973-09-20,14.602,NA,NA,NA,285.765
1973-09-21,14.497,NA,NA,NA,285.759
1973-09-22,14.549,NA,NA,NA,285.762
1973-09-23,14.602,NA,NA,NA,285.765
1973-09-24,14.654,NA,NA,NA,285.768
1973-09-25,14.707,NA,NA,NA,285.771
1973-09-26,14.759,NA,NA,NA,285.774
1973-09-27,14.812,NA,NA,NA,285.777
1973-09-28,14.863,NA,NA,NA,285.78
1973-09-29,14.968,NA,NA,NA,285.787
1973-09-30,15.073,NA,NA,NA,285.793
1973-10-01,15.178,NA,NA,NA,285.799
1973-10-02,15.231,NA,NA,NA,285.802
1973-10-03,15.231,NA,NA,NA,285.802
1973-10-04,15.231,NA,NA,NA,285.802
1973-10-05,15.231,NA,NA,NA,285.802
1973-10-06,15.441,NA,NA,NA,285.814
1973-10-07,15.65,NA,NA,NA,285.826
1973-10-08,15.912,NA,NA,NA,285.841
1973-10-09,16.122,NA,NA,NA,285.854
1973-10-10,16.331,NA,NA,NA,285.866
1973-10-11,16.541,NA,NA,NA,285.878
1973-10-12,16.804,NA,NA,NA,285.893
1973-10-13,16.646,NA,NA,NA,285.884
1973-10-14,16.541,NA,NA,NA,285.878
1973-10-15,16.384,NA,NA,NA,285.869
1973-10-16,16.279,NA,NA,NA,285.863
1973-10-17,16.175,NA,NA,NA,285.857
1973-10-18,16.017,NA,NA,NA,285.848
1973-10-19,15.912,NA,NA,NA,285.841
1973-10-20,15.965,NA,NA,NA,285.844
1973-10-21,15.965,NA,NA,NA,285.844
1973-10-22,16.017,NA,NA,NA,285.848
1973-10-23,16.017,NA,NA,NA,285.848
1973-10-24,16.07,NA,NA,NA,285.851
1973-10-25,16.122,NA,NA,NA,285.854
1973-10-26,16.122,NA,NA,NA,285.854
1973-10-27,16.175,NA,NA,NA,285.857
1973-10-28,16.175,NA,NA,NA,285.857
1973-10-29,16.226,NA,NA,NA,285.86
1973-10-30,16.226,NA,NA,NA,285.86
1973-10-31,16.279,NA,NA,NA,285.863
1973-11-01,16.279,NA,NA,NA,285.863
1973-11-02,16.175,NA,NA,NA,285.857
1973-11-03,16.122,NA,NA,NA,285.854
1973-11-04,16.017,NA,NA,NA,285.848
1973-11-05,15.912,NA,NA,NA,285.841
1973-11-06,15.965,NA,NA,NA,285.844
1973-11-07,15.965,NA,NA,NA,285.844
1973-11-08,16.017,NA,NA,NA,285.848
1973-11-09,16.017,NA,NA,NA,285.848
1973-11-10,16.017,NA,NA,NA,285.848
1973-11-11,16.017,NA,NA,NA,285.848
1973-11-12,16.017,NA,NA,NA,285.848
1973-11-13,16.017,NA,NA,NA,285.848
1973-11-14,16.017,NA,NA,NA,285.848
1973-11-15,16.017,NA,NA,NA,285.848
1973-11-16,15.965,NA,NA,NA,285.844
1973-11-17,16.017,NA,NA,NA,285.848
1973-11-18,16.07,NA,NA,NA,285.851
1973-11-19,16.122,NA,NA,NA,285.854
1973-11-20,16.175,NA,NA,NA,285.857
1973-11-21,16.226,NA,NA,NA,285.86
1973-11-22,16.279,NA,NA,NA,285.863
1973-11-23,16.331,NA,NA,NA,285.866
1973-11-24,16.331,NA,NA,NA,285.866
1973-11-25,16.331,NA,NA,NA,285.866
1973-11-26,16.331,NA,NA,NA,285.866
1973-11-27,16.331,NA,NA,NA,285.866
1973-11-28,16.384,NA,NA,NA,285.869
1973-11-29,16.384,NA,NA,NA,285.869
1973-11-30,16.331,NA,NA,NA,285.866
1973-12-01,16.279,NA,NA,NA,285.863
1973-12-02,16.279,NA,NA,NA,285.863
1973-12-03,16.226,NA,NA,NA,285.86
1973-12-04,16.226,NA,NA,NA,285.86
1973-12-05,16.175,NA,NA,NA,285.857
1973-12-06,16.122,NA,NA,NA,285.854
1973-12-07,16.122,NA,NA,NA,285.854
1973-12-08,16.122,NA,NA,NA,285.854
1973-12-09,16.175,NA,NA,NA,285.857
1973-12-10,16.175,NA,NA,NA,285.857
1973-12-11,16.226,NA,NA,NA,285.86
1973-12-12,16.226,NA,NA,NA,285.86
1973-12-13,16.279,NA,NA,NA,285.863
1973-12-14,16.279,NA,NA,NA,285.863
1973-12-15,16.226,NA,NA,NA,285.86
1973-12-16,16.226,NA,NA,NA,285.86
1973-12-17,16.175,NA,NA,NA,285.857
1973-12-18,16.122,NA,NA,NA,285.854
1973-12-19,16.07,NA,NA,NA,285.851
1973-12-20,16.07,NA,NA,NA,285.851
1973-12-21,16.017,NA,NA,NA,285.848
1973-12-22,16.07,NA,NA,NA,285.851
1973-12-23,16.07,NA,NA,NA,285.851
1973-12-24,16.122,NA,NA,NA,285.854
1973-12-25,16.175,NA,NA,NA,285.857
1973-12-26,16.175,NA,NA,NA,285.857
1973-12-27,16.226,NA,NA,NA,285.86
1973-12-28,16.226,NA,NA,NA,285.86
1973-12-29,16.175,NA,NA,NA,285.857
1973-12-30,16.122,NA,NA,NA,285.854
1973-12-31,16.017,NA,NA,NA,285.848
1974-01-01,15.965,NA,NA,NA,285.844
1974-01-02,15.86,NA,NA,NA,285.838
1974-01-03,15.807,NA,NA,NA,285.835
1974-01-04,15.755,NA,NA,NA,285.832
1974-01-05,15.702,NA,NA,NA,285.829
1974-01-06,15.702,NA,NA,NA,285.829
1974-01-07,15.702,NA,NA,NA,285.829
1974-01-08,15.65,NA,NA,NA,285.826
1974-01-09,15.65,NA,NA,NA,285.826
1974-01-10,15.597,NA,NA,NA,285.823
1974-01-11,15.597,NA,NA,NA,285.823
1974-01-12,15.597,NA,NA,NA,285.823
1974-01-13,15.597,NA,NA,NA,285.823
1974-01-14,15.597,NA,NA,NA,285.823
1974-01-15,15.597,NA,NA,NA,285.823
1974-01-16,15.597,NA,NA,NA,285.823
1974-01-17,15.597,NA,NA,NA,285.823
1974-01-18,15.597,NA,NA,NA,285.823
1974-01-19,15.65,NA,NA,NA,285.826
1974-01-20,15.65,NA,NA,NA,285.826
1974-01-21,15.702,NA,NA,NA,285.829
1974-01-22,15.702,NA,NA,NA,285.829
1974-01-23,15.755,NA,NA,NA,285.832
1974-01-24,15.755,NA,NA,NA,285.832
1974-01-25,15.755,NA,NA,NA,285.832
1974-01-26,15.755,NA,NA,NA,285.832
1974-01-27,15.755,NA,NA,NA,285.832
1974-01-28,15.755,NA,NA,NA,285.832
1974-01-29,15.807,NA,NA,NA,285.835
1974-01-30,15.807,NA,NA,NA,285.835
1974-01-31,15.807,NA,NA,NA,285.835
1974-02-01,15.807,NA,NA,NA,285.835
1974-02-02,15.807,NA,NA,NA,285.835
1974-02-03,15.86,NA,NA,NA,285.838
1974-02-04,15.86,NA,NA,NA,285.838
1974-02-05,15.86,NA,NA,NA,285.838
1974-02-06,15.912,NA,NA,NA,285.841
1974-02-07,15.912,NA,NA,NA,285.841
1974-02-08,15.912,NA,NA,NA,285.841
1974-02-09,15.912,NA,NA,NA,285.841
1974-02-10,15.912,NA,NA,NA,285.841
1974-02-11,15.912,NA,NA,NA,285.841
1974-02-12,15.912,NA,NA,NA,285.841
1974-02-13,15.912,NA,NA,NA,285.841
1974-02-14,15.912,NA,NA,NA,285.841
1974-02-15,15.912,NA,NA,NA,285.841
1974-02-16,15.965,NA,NA,NA,285.844
1974-02-17,15.965,NA,NA,NA,285.844
1974-02-18,16.017,NA,NA,NA,285.848
1974-02-19,16.017,NA,NA,NA,285.848
1974-02-20,16.017,NA,NA,NA,285.848
1974-02-21,16.07,NA,NA,NA,285.851
1974-02-22,16.07,NA,NA,NA,285.851
1974-02-23,16.017,NA,NA,NA,285.848
1974-02-24,16.017,NA,NA,NA,285.848
1974-02-25,15.965,NA,NA,NA,285.844
1974-02-26,15.965,NA,NA,NA,285.844
1974-02-27,15.912,NA,NA,NA,285.841
1974-02-28,15.912,NA,NA,NA,285.841
1974-03-01,16.017,NA,NA,NA,285.848
1974-03-02,16.175,NA,NA,NA,285.857
1974-03-03,16.279,NA,NA,NA,285.863
1974-03-04,16.436,NA,NA,NA,285.872
1974-03-05,16.541,NA,NA,NA,285.878
1974-03-06,16.646,NA,NA,NA,285.884
1974-03-07,16.751,NA,NA,NA,285.89
1974-03-08,16.804,NA,NA,NA,285.893
1974-03-09,16.909,NA,NA,NA,285.899
1974-03-10,16.96,NA,NA,NA,285.902
1974-03-11,17.115,NA,NA,NA,285.908
1974-03-12,17.192,NA,NA,NA,285.912
1974-03-13,17.346,NA,NA,NA,285.918
1974-03-14,17.423,NA,NA,NA,285.921
1974-03-15,17.501,NA,NA,NA,285.924
1974-03-16,17.423,NA,NA,NA,285.921
1974-03-17,17.269,NA,NA,NA,285.915
1974-03-18,17.115,NA,NA,NA,285.908
1974-03-19,16.96,NA,NA,NA,285.902
1974-03-20,16.856,NA,NA,NA,285.896
1974-03-21,16.804,NA,NA,NA,285.893
1974-03-22,16.699,NA,NA,NA,285.887
1974-03-23,16.804,NA,NA,NA,285.893
1974-03-24,16.909,NA,NA,NA,285.899
1974-03-25,17.038,NA,NA,NA,285.905
1974-03-26,17.192,NA,NA,NA,285.912
1974-03-27,17.346,NA,NA,NA,285.918
1974-03-28,17.501,NA,NA,NA,285.924
1974-03-29,17.577,NA,NA,NA,285.927
1974-03-30,17.731,NA,NA,NA,285.933
1974-03-31,17.809,NA,NA,NA,285.936
1974-04-01,17.885,NA,NA,NA,285.939
1974-04-02,17.809,NA,NA,NA,285.936
1974-04-03,17.809,NA,NA,NA,285.936
1974-04-04,17.655,NA,NA,NA,285.93
1974-04-05,17.501,NA,NA,NA,285.924
1974-04-06,17.346,NA,NA,NA,285.918
1974-04-07,17.192,NA,NA,NA,285.912
1974-04-08,17.038,NA,NA,NA,285.905
1974-04-09,16.856,NA,NA,NA,285.896
1974-04-10,16.751,NA,NA,NA,285.89
1974-04-11,16.804,NA,NA,NA,285.893
1974-04-12,17.269,NA,NA,NA,285.915
1974-04-13,17.731,NA,NA,NA,285.933
1974-04-14,18.194,NA,NA,NA,285.951
1974-04-15,18.656,NA,NA,NA,285.969
1974-04-16,19.197,NA,NA,NA,285.991
1974-04-17,19.659,NA,NA,NA,286.009
1974-04-18,20.044,NA,NA,NA,286.024
1974-04-19,20.198,NA,NA,NA,286.03
1974-04-20,20.352,NA,NA,NA,286.037
1974-04-21,20.507,NA,NA,NA,286.043
1974-04-22,20.584,NA,NA,NA,286.046
1974-04-23,20.738,NA,NA,NA,286.052
1974-04-24,20.893,NA,NA,NA,286.058
1974-04-25,21.047,NA,NA,NA,286.064
1974-04-26,20.969,NA,NA,NA,286.061
1974-04-27,20.815,NA,NA,NA,286.055
1974-04-28,20.661,NA,NA,NA,286.049
1974-04-29,20.507,NA,NA,NA,286.043
1974-04-30,20.352,NA,NA,NA,286.037
1974-05-01,20.198,NA,NA,NA,286.03
1974-05-02,19.968,NA,NA,NA,286.021
1974-05-03,19.581,NA,NA,NA,286.006
1974-05-04,19.119,NA,NA,NA,285.988
1974-05-05,18.656,NA,NA,NA,285.969
1974-05-06,18.426,NA,NA,NA,285.96
1974-05-07,18.348,NA,NA,NA,285.957
1974-05-08,18.348,NA,NA,NA,285.957
1974-05-09,18.272,NA,NA,NA,285.954
1974-05-10,18.58,NA,NA,NA,285.966
1974-05-11,18.888,NA,NA,NA,285.979
1974-05-12,19.197,NA,NA,NA,285.991
1974-05-13,19.505,NA,NA,NA,286.003
1974-05-14,19.736,NA,NA,NA,286.012
1974-05-15,19.89,NA,NA,NA,286.018
1974-05-16,19.736,NA,NA,NA,286.012
1974-05-17,19.659,NA,NA,NA,286.009
1974-05-18,19.659,NA,NA,NA,286.009
1974-05-19,19.351,NA,NA,NA,285.997
1974-05-20,20.044,NA,NA,NA,286.024
1974-05-21,21.355,NA,NA,NA,286.076
1974-05-22,22.357,NA,NA,NA,286.116
1974-05-23,22.357,NA,NA,NA,286.116
1974-05-24,20.815,NA,NA,NA,286.055
1974-05-25,19.659,NA,NA,NA,286.009
1974-05-26,19.659,NA,NA,NA,286.009
1974-05-27,19.736,NA,NA,NA,286.012
1974-05-28,20.276,NA,NA,NA,286.033
1974-05-29,20.738,NA,NA,NA,286.052
1974-05-30,20.507,NA,NA,NA,286.043
1974-05-31,20.276,NA,NA,NA,286.033
1974-06-01,20.044,NA,NA,NA,286.024
1974-06-02,19.813,NA,NA,NA,286.015
1974-06-03,19.581,NA,NA,NA,286.006
1974-06-04,19.351,NA,NA,NA,285.997
1974-06-05,19.119,NA,NA,NA,285.988
1974-06-06,18.888,NA,NA,NA,285.979
1974-06-07,18.965,NA,NA,NA,285.982
1974-06-08,19.042,NA,NA,NA,285.985
1974-06-09,19.119,NA,NA,NA,285.988
1974-06-10,19.197,NA,NA,NA,285.991
1974-06-11,19.197,NA,NA,NA,285.991
1974-06-12,19.273,NA,NA,NA,285.994
1974-06-13,19.119,NA,NA,NA,285.988
1974-06-14,19.042,NA,NA,NA,285.985
1974-06-15,18.888,NA,NA,NA,285.979
1974-06-16,18.811,NA,NA,NA,285.976
1974-06-17,18.656,NA,NA,NA,285.969
1974-06-18,18.58,NA,NA,NA,285.966
1974-06-19,18.426,NA,NA,NA,285.96
1974-06-20,18.117,NA,NA,NA,285.948
1974-06-21,17.885,NA,NA,NA,285.939
1974-06-22,17.655,NA,NA,NA,285.93
1974-06-23,17.423,NA,NA,NA,285.921
1974-06-24,17.192,NA,NA,NA,285.912
1974-06-25,16.909,NA,NA,NA,285.899
1974-06-26,16.856,NA,NA,NA,285.896
1974-06-27,16.804,NA,NA,NA,285.893
1974-06-28,16.751,NA,NA,NA,285.89
1974-06-29,16.699,NA,NA,NA,285.887
1974-06-30,16.646,NA,NA,NA,285.884
1974-07-01,16.594,NA,NA,NA,285.881
1974-07-02,16.541,NA,NA,NA,285.878
1974-07-03,16.541,NA,NA,NA,285.878
1974-07-04,16.384,NA,NA,NA,285.869
1974-07-05,16.331,NA,NA,NA,285.866
1974-07-06,16.226,NA,NA,NA,285.86
1974-07-07,16.122,NA,NA,NA,285.854
1974-07-08,16.07,NA,NA,NA,285.851
1974-07-09,15.965,NA,NA,NA,285.844
1974-07-10,15.807,NA,NA,NA,285.835
1974-07-11,15.65,NA,NA,NA,285.826
1974-07-12,15.493,NA,NA,NA,285.817
1974-07-13,15.441,NA,NA,NA,285.814
1974-07-14,15.336,NA,NA,NA,285.808
1974-07-15,15.283,NA,NA,NA,285.805
1974-07-16,15.231,NA,NA,NA,285.802
1974-07-17,15.493,NA,NA,NA,285.817
1974-07-18,15.65,NA,NA,NA,285.826
1974-07-19,15.546,NA,NA,NA,285.82
1974-07-20,15.441,NA,NA,NA,285.814
1974-07-21,15.336,NA,NA,NA,285.808
1974-07-22,15.231,NA,NA,NA,285.802
1974-07-23,15.126,NA,NA,NA,285.796
1974-07-24,15.021,NA,NA,NA,285.79
1974-07-25,15.021,NA,NA,NA,285.79
1974-07-26,14.968,NA,NA,NA,285.787
1974-07-27,14.968,NA,NA,NA,285.787
1974-07-28,14.916,NA,NA,NA,285.784
1974-07-29,14.916,NA,NA,NA,285.784
1974-07-30,14.863,NA,NA,NA,285.78
1974-07-31,14.812,NA,NA,NA,285.777
1974-08-01,14.654,NA,NA,NA,285.768
1974-08-02,14.497,NA,NA,NA,285.759
1974-08-03,14.287,NA,NA,NA,285.747
1974-08-04,14.13,NA,NA,NA,285.738
1974-08-05,13.973,NA,NA,NA,285.729
1974-08-06,13.763,NA,NA,NA,285.716
1974-08-07,13.605,NA,NA,NA,285.707
1974-08-08,13.553,NA,NA,NA,285.704
1974-08-09,13.763,NA,NA,NA,285.716
1974-08-10,13.92,NA,NA,NA,285.726
1974-08-11,14.13,NA,NA,NA,285.738
1974-08-12,14.339,NA,NA,NA,285.75
1974-08-13,14.549,NA,NA,NA,285.762
1974-08-14,14.759,NA,NA,NA,285.774
1974-08-15,14.968,NA,NA,NA,285.787
1974-08-16,15.126,NA,NA,NA,285.796
1974-08-17,15.126,NA,NA,NA,285.796
1974-08-18,15.126,NA,NA,NA,285.796
1974-08-19,15.126,NA,NA,NA,285.796
1974-08-20,15.126,NA,NA,NA,285.796
1974-08-21,15.126,NA,NA,NA,285.796
1974-08-22,15.126,NA,NA,NA,285.796
1974-08-23,15.073,NA,NA,NA,285.793
1974-08-24,15.073,NA,NA,NA,285.793
1974-08-25,15.073,NA,NA,NA,285.793
1974-08-26,15.021,NA,NA,NA,285.79
1974-08-27,15.021,NA,NA,NA,285.79
1974-08-28,14.916,NA,NA,NA,285.784
1974-08-29,14.812,NA,NA,NA,285.777
1974-08-30,14.759,NA,NA,NA,285.774
1974-08-31,14.654,NA,NA,NA,285.768
1974-09-01,14.602,NA,NA,NA,285.765
1974-09-02,14.497,NA,NA,NA,285.759
1974-09-03,14.392,NA,NA,NA,285.753
1974-09-04,14.13,NA,NA,NA,285.738
1974-09-05,13.973,NA,NA,NA,285.729
1974-09-06,14.183,NA,NA,NA,285.741
1974-09-07,14.392,NA,NA,NA,285.753
1974-09-08,14.549,NA,NA,NA,285.762
1974-09-09,14.759,NA,NA,NA,285.774
1974-09-10,14.968,NA,NA,NA,285.787
1974-09-11,15.178,NA,NA,NA,285.799
1974-09-12,15.336,NA,NA,NA,285.808
1974-09-13,15.126,NA,NA,NA,285.796
1974-09-14,14.916,NA,NA,NA,285.784
1974-09-15,14.707,NA,NA,NA,285.771
1974-09-16,14.497,NA,NA,NA,285.759
1974-09-17,14.287,NA,NA,NA,285.747
1974-09-18,14.13,NA,NA,NA,285.738
1974-09-19,14.183,NA,NA,NA,285.741
1974-09-20,14.234,NA,NA,NA,285.744
1974-09-21,14.234,NA,NA,NA,285.744
1974-09-22,14.287,NA,NA,NA,285.747
1974-09-23,14.287,NA,NA,NA,285.747
1974-09-24,14.234,NA,NA,NA,285.744
1974-09-25,13.868,NA,NA,NA,285.723
1974-09-26,13.5,NA,NA,NA,285.701
1974-09-27,13.291,NA,NA,NA,285.689
1974-09-28,13.081,NA,NA,NA,285.677
1974-09-29,12.871,NA,NA,NA,285.665
1974-09-30,12.662,NA,NA,NA,285.652
1974-10-01,12.452,NA,NA,NA,285.64
1974-10-02,12.19,NA,NA,NA,285.625
1974-10-03,12.295,NA,NA,NA,285.631
1974-10-04,12.4,NA,NA,NA,285.637
1974-10-05,12.505,NA,NA,NA,285.643
1974-10-06,12.61,NA,NA,NA,285.649
1974-10-07,12.767,NA,NA,NA,285.659
1974-10-08,12.871,NA,NA,NA,285.665
1974-10-09,12.976,NA,NA,NA,285.671
1974-10-10,13.081,NA,NA,NA,285.677
1974-10-11,13.134,NA,NA,NA,285.68
1974-10-12,13.029,NA,NA,NA,285.674
1974-10-13,12.976,NA,NA,NA,285.671
1974-10-14,12.871,NA,NA,NA,285.665
1974-10-15,12.82,NA,NA,NA,285.662
1974-10-16,12.767,NA,NA,NA,285.659
1974-10-17,12.871,NA,NA,NA,285.665
1974-10-18,12.976,NA,NA,NA,285.671
1974-10-19,12.976,NA,NA,NA,285.671
1974-10-20,12.976,NA,NA,NA,285.671
1974-10-21,12.976,NA,NA,NA,285.671
1974-10-22,13.029,NA,NA,NA,285.674
1974-10-23,12.767,NA,NA,NA,285.659
1974-10-24,12.767,NA,NA,NA,285.659
1974-10-25,12.767,NA,NA,NA,285.659
1974-10-26,12.82,NA,NA,NA,285.662
1974-10-27,12.82,NA,NA,NA,285.662
1974-10-28,12.82,NA,NA,NA,285.662
1974-10-29,12.871,NA,NA,NA,285.665
1974-10-30,12.871,NA,NA,NA,285.665
1974-10-31,12.871,NA,NA,NA,285.665
1974-11-01,13.029,NA,NA,NA,285.674
1974-11-02,13.186,NA,NA,NA,285.683
1974-11-03,13.344,NA,NA,NA,285.692
1974-11-04,13.5,NA,NA,NA,285.701
1974-11-05,13.605,NA,NA,NA,285.707
1974-11-06,13.763,NA,NA,NA,285.716
1974-11-07,13.763,NA,NA,NA,285.716
1974-11-08,13.763,NA,NA,NA,285.716
1974-11-09,13.815,NA,NA,NA,285.72
1974-11-10,13.815,NA,NA,NA,285.72
1974-11-11,13.815,NA,NA,NA,285.72
1974-11-12,13.868,NA,NA,NA,285.723
1974-11-13,13.868,NA,NA,NA,285.723
1974-11-14,13.868,NA,NA,NA,285.723
1974-11-15,13.92,NA,NA,NA,285.726
1974-11-16,13.973,NA,NA,NA,285.729
1974-11-17,14.078,NA,NA,NA,285.735
1974-11-18,14.13,NA,NA,NA,285.738
1974-11-19,14.234,NA,NA,NA,285.744
1974-11-20,14.339,NA,NA,NA,285.75
1974-11-21,14.392,NA,NA,NA,285.753
1974-11-22,14.392,NA,NA,NA,285.753
1974-11-23,14.392,NA,NA,NA,285.753
1974-11-24,14.392,NA,NA,NA,285.753
1974-11-25,14.392,NA,NA,NA,285.753
1974-11-26,14.444,NA,NA,NA,285.756
1974-11-27,14.497,NA,NA,NA,285.759
1974-11-28,14.549,NA,NA,NA,285.762
1974-11-29,14.602,NA,NA,NA,285.765
1974-11-30,14.654,NA,NA,NA,285.768
1974-12-01,14.707,NA,NA,NA,285.771
1974-12-02,14.759,NA,NA,NA,285.774
1974-12-03,14.812,NA,NA,NA,285.777
1974-12-04,14.863,NA,NA,NA,285.78
1974-12-05,14.916,NA,NA,NA,285.784
1974-12-06,14.968,NA,NA,NA,285.787
1974-12-07,14.968,NA,NA,NA,285.787
1974-12-08,15.021,NA,NA,NA,285.79
1974-12-09,15.021,NA,NA,NA,285.79
1974-12-10,15.073,NA,NA,NA,285.793
1974-12-11,15.073,NA,NA,NA,285.793
1974-12-12,15.126,NA,NA,NA,285.796
1974-12-13,15.126,NA,NA,NA,285.796
1974-12-14,15.178,NA,NA,NA,285.799
1974-12-15,15.231,NA,NA,NA,285.802
1974-12-16,15.231,NA,NA,NA,285.802
1974-12-17,15.283,NA,NA,NA,285.805
1974-12-18,15.336,NA,NA,NA,285.808
1974-12-19,15.388,NA,NA,NA,285.811
1974-12-20,15.388,NA,NA,NA,285.811
1974-12-21,15.388,NA,NA,NA,285.811
1974-12-22,15.388,NA,NA,NA,285.811
1974-12-23,15.388,NA,NA,NA,285.811
1974-12-24,15.388,NA,NA,NA,285.811
1974-12-25,15.388,NA,NA,NA,285.811
1974-12-26,15.441,NA,NA,NA,285.814
1974-12-27,15.388,NA,NA,NA,285.811
1974-12-28,15.388,NA,NA,NA,285.811
1974-12-29,15.388,NA,NA,NA,285.811
1974-12-30,15.388,NA,NA,NA,285.811
1974-12-31,15.388,NA,NA,NA,285.811
1975-01-01,15.388,NA,NA,NA,285.811
1975-01-02,15.388,NA,NA,NA,285.811
1975-01-03,15.388,NA,NA,NA,285.811
1975-01-04,15.441,NA,NA,NA,285.814
1975-01-05,15.493,NA,NA,NA,285.817
1975-01-06,15.546,NA,NA,NA,285.82
1975-01-07,15.597,NA,NA,NA,285.823
1975-01-08,15.65,NA,NA,NA,285.826
1975-01-09,15.65,NA,NA,NA,285.826
1975-01-10,15.65,NA,NA,NA,285.826
1975-01-11,15.597,NA,NA,NA,285.823
1975-01-12,15.597,NA,NA,NA,285.823
1975-01-13,15.546,NA,NA,NA,285.82
1975-01-14,15.546,NA,NA,NA,285.82
1975-01-15,15.493,NA,NA,NA,285.817
1975-01-16,15.493,NA,NA,NA,285.817
1975-01-17,15.493,NA,NA,NA,285.817
1975-01-18,15.493,NA,NA,NA,285.817
1975-01-19,15.546,NA,NA,NA,285.82
1975-01-20,15.546,NA,NA,NA,285.82
1975-01-21,15.597,NA,NA,NA,285.823
1975-01-22,15.597,NA,NA,NA,285.823
1975-01-23,15.597,NA,NA,NA,285.823
1975-01-24,15.546,NA,NA,NA,285.82
1975-01-25,15.493,NA,NA,NA,285.817
1975-01-26,15.441,NA,NA,NA,285.814
1975-01-27,15.388,NA,NA,NA,285.811
1975-01-28,15.388,NA,NA,NA,285.811
1975-01-29,15.441,NA,NA,NA,285.814
1975-01-30,15.546,NA,NA,NA,285.82
1975-01-31,15.597,NA,NA,NA,285.823
1975-02-01,15.597,NA,NA,NA,285.823
1975-02-02,15.493,NA,NA,NA,285.817
1975-02-03,15.441,NA,NA,NA,285.814
1975-02-04,15.388,NA,NA,NA,285.811
1975-02-05,15.493,NA,NA,NA,285.817
1975-02-06,15.597,NA,NA,NA,285.823
1975-02-07,15.702,NA,NA,NA,285.829
1975-02-08,15.807,NA,NA,NA,285.835
1975-02-09,15.965,NA,NA,NA,285.844
1975-02-10,16.07,NA,NA,NA,285.851
1975-02-11,16.175,NA,NA,NA,285.857
1975-02-12,16.279,NA,NA,NA,285.863
1975-02-13,16.122,NA,NA,NA,285.854
1975-02-14,16.017,NA,NA,NA,285.848
1975-02-15,15.86,NA,NA,NA,285.838
1975-02-16,15.755,NA,NA,NA,285.832
1975-02-17,15.597,NA,NA,NA,285.823
1975-02-18,15.493,NA,NA,NA,285.817
1975-02-19,15.336,NA,NA,NA,285.808
1975-02-20,15.231,NA,NA,NA,285.802
1975-02-21,15.231,NA,NA,NA,285.802
1975-02-22,15.178,NA,NA,NA,285.799
1975-02-23,15.178,NA,NA,NA,285.799
1975-02-24,15.178,NA,NA,NA,285.799
1975-02-25,15.126,NA,NA,NA,285.796
1975-02-26,15.126,NA,NA,NA,285.796
1975-02-27,15.073,NA,NA,NA,285.793
1975-02-28,15.021,NA,NA,NA,285.79
1975-03-01,14.968,NA,NA,NA,285.787
1975-03-02,14.863,NA,NA,NA,285.78
1975-03-03,14.812,NA,NA,NA,285.777
1975-03-04,14.863,NA,NA,NA,285.78
1975-03-05,14.863,NA,NA,NA,285.78
1975-03-06,14.916,NA,NA,NA,285.784
1975-03-07,14.916,NA,NA,NA,285.784
1975-03-08,14.916,NA,NA,NA,285.784
1975-03-09,14.968,NA,NA,NA,285.787
1975-03-10,14.968,NA,NA,NA,285.787
1975-03-11,14.968,NA,NA,NA,285.787
1975-03-12,14.968,NA,NA,NA,285.787
1975-03-13,15.021,NA,NA,NA,285.79
1975-03-14,15.021,NA,NA,NA,285.79
1975-03-15,15.021,NA,NA,NA,285.79
1975-03-16,15.021,NA,NA,NA,285.79
1975-03-17,15.021,NA,NA,NA,285.79
1975-03-18,15.021,NA,NA,NA,285.79
1975-03-19,15.178,NA,NA,NA,285.799
1975-03-20,15.388,NA,NA,NA,285.811
1975-03-21,15.493,NA,NA,NA,285.817
1975-03-22,15.597,NA,NA,NA,285.823
1975-03-23,15.755,NA,NA,NA,285.832
1975-03-24,15.86,NA,NA,NA,285.838
1975-03-25,16.017,NA,NA,NA,285.848
1975-03-26,16.122,NA,NA,NA,285.854
1975-03-27,16.122,NA,NA,NA,285.854
1975-03-28,16.175,NA,NA,NA,285.857
1975-03-29,16.175,NA,NA,NA,285.857
1975-03-30,16.175,NA,NA,NA,285.857
1975-03-31,16.175,NA,NA,NA,285.857
1975-04-01,16.175,NA,NA,NA,285.857
1975-04-02,16.175,NA,NA,NA,285.857
1975-04-03,16.175,NA,NA,NA,285.857
1975-04-04,16.226,NA,NA,NA,285.86
1975-04-05,16.279,NA,NA,NA,285.863
1975-04-06,16.331,NA,NA,NA,285.866
1975-04-07,16.384,NA,NA,NA,285.869
1975-04-08,16.436,NA,NA,NA,285.872
1975-04-09,16.489,NA,NA,NA,285.875
1975-04-10,16.541,NA,NA,NA,285.878
1975-04-11,16.96,NA,NA,NA,285.902
1975-04-12,17.577,NA,NA,NA,285.927
1975-04-13,18.194,NA,NA,NA,285.951
1975-04-14,18.811,NA,NA,NA,285.976
1975-04-15,19.505,NA,NA,NA,286.003
1975-04-16,20.122,NA,NA,NA,286.027
1975-04-17,20.815,NA,NA,NA,286.055
1975-04-18,22.435,NA,NA,NA,286.119
1975-04-19,23.899,NA,NA,NA,286.177
1975-04-20,25.296,NA,NA,NA,286.229
1975-04-21,26.1,NA,NA,NA,286.256
1975-04-22,26.727,NA,NA,NA,286.277
1975-04-23,27.352,NA,NA,NA,286.299
1975-04-24,27.264,NA,NA,NA,286.296
1975-04-25,27.442,NA,NA,NA,286.302
1975-04-26,26.1,NA,NA,NA,286.256
1975-04-27,24.67,NA,NA,NA,286.207
1975-04-28,26.012,NA,NA,NA,286.253
1975-04-29,28.694,NA,NA,NA,286.344
1975-04-30,30.483,NA,NA,NA,286.405
1975-05-01,29.589,NA,NA,NA,286.375
1975-05-02,29.499,NA,NA,NA,286.372
1975-05-03,29.678,NA,NA,NA,286.378
1975-05-04,29.856,NA,NA,NA,286.384
1975-05-05,30.035,NA,NA,NA,286.39
1975-05-06,27.174,NA,NA,NA,286.293
1975-05-07,28.694,NA,NA,NA,286.344
1975-05-08,31.377,NA,NA,NA,286.436
1975-05-09,31.645,NA,NA,NA,286.445
1975-05-10,31.377,NA,NA,NA,286.436
1975-05-11,31.198,NA,NA,NA,286.43
1975-05-12,31.02,NA,NA,NA,286.424
1975-05-13,31.824,NA,NA,NA,286.451
1975-05-14,33.612,NA,NA,NA,286.512
1975-05-15,30.93,NA,NA,NA,286.421
1975-05-16,30.572,NA,NA,NA,286.408
1975-05-17,30.393,NA,NA,NA,286.402
1975-05-18,30.035,NA,NA,NA,286.39
1975-05-19,29.946,NA,NA,NA,286.387
1975-05-20,29.589,NA,NA,NA,286.375
1975-05-21,30.035,NA,NA,NA,286.39
1975-05-22,28.426,NA,NA,NA,286.335
1975-05-23,26.727,NA,NA,NA,286.277
1975-05-24,27.8,NA,NA,NA,286.314
1975-05-25,29.141,NA,NA,NA,286.36
1975-05-26,28.247,NA,NA,NA,286.329
1975-05-27,25.117,NA,NA,NA,286.222
1975-05-28,25.206,NA,NA,NA,286.225
1975-05-29,24.76,NA,NA,NA,286.21
1975-05-30,24.361,NA,NA,NA,286.195
1975-05-31,23.514,NA,NA,NA,286.161
1975-06-01,22.665,NA,NA,NA,286.128
1975-06-02,21.972,NA,NA,NA,286.101
1975-06-03,21.355,NA,NA,NA,286.076
1975-06-04,21.047,NA,NA,NA,286.064
1975-06-05,21.201,NA,NA,NA,286.07
1975-06-06,21.432,NA,NA,NA,286.079
1975-06-07,20.352,NA,NA,NA,286.037
1975-06-08,19.351,NA,NA,NA,285.997
1975-06-09,18.426,NA,NA,NA,285.96
1975-06-10,19.119,NA,NA,NA,285.988
1975-06-11,19.659,NA,NA,NA,286.009
1975-06-12,19.659,NA,NA,NA,286.009
1975-06-13,19.659,NA,NA,NA,286.009
1975-06-14,19.813,NA,NA,NA,286.015
1975-06-15,19.968,NA,NA,NA,286.021
1975-06-16,20.122,NA,NA,NA,286.027
1975-06-17,20.276,NA,NA,NA,286.033
1975-06-18,20.352,NA,NA,NA,286.037
1975-06-19,20.43,NA,NA,NA,286.04
1975-06-20,20.507,NA,NA,NA,286.043
1975-06-21,21.047,NA,NA,NA,286.064
1975-06-22,21.509,NA,NA,NA,286.082
1975-06-23,21.972,NA,NA,NA,286.101
1975-06-24,22.435,NA,NA,NA,286.119
1975-06-25,22.974,NA,NA,NA,286.14
1975-06-26,23.205,NA,NA,NA,286.149
1975-06-27,23.514,NA,NA,NA,286.161
1975-06-28,23.514,NA,NA,NA,286.161
1975-06-29,23.514,NA,NA,NA,286.161
1975-06-30,23.514,NA,NA,NA,286.161
1975-07-01,23.976,NA,NA,NA,286.18
1975-07-02,24.053,NA,NA,NA,286.183
1975-07-03,24.361,NA,NA,NA,286.195
1975-07-04,24.67,NA,NA,NA,286.207
1975-07-05,25.117,NA,NA,NA,286.222
1975-07-06,25.117,NA,NA,NA,286.222
1975-07-07,24.593,NA,NA,NA,286.204
1975-07-08,24.285,NA,NA,NA,286.192
1975-07-09,23.976,NA,NA,NA,286.18
1975-07-10,23.744,NA,NA,NA,286.171
1975-07-11,23.59,NA,NA,NA,286.165
1975-07-12,23.128,NA,NA,NA,286.146
1975-07-13,22.665,NA,NA,NA,286.128
1975-07-14,22.203,NA,NA,NA,286.11
1975-07-15,21.74,NA,NA,NA,286.091
1975-07-16,21.432,NA,NA,NA,286.079
1975-07-17,21.509,NA,NA,NA,286.082
1975-07-18,21.586,NA,NA,NA,286.085
1975-07-19,21.278,NA,NA,NA,286.073
1975-07-20,20.969,NA,NA,NA,286.061
1975-07-21,20.661,NA,NA,NA,286.049
1975-07-22,20.352,NA,NA,NA,286.037
1975-07-23,20.044,NA,NA,NA,286.024
1975-07-24,19.581,NA,NA,NA,286.006
1975-07-25,19.042,NA,NA,NA,285.985
1975-07-26,18.502,NA,NA,NA,285.963
1975-07-27,17.885,NA,NA,NA,285.939
1975-07-28,17.423,NA,NA,NA,285.921
1975-07-29,17.423,NA,NA,NA,285.921
1975-07-30,17.577,NA,NA,NA,285.927
1975-07-31,17.809,NA,NA,NA,285.936
1975-08-01,18.117,NA,NA,NA,285.948
1975-08-02,17.963,NA,NA,NA,285.942
1975-08-03,17.809,NA,NA,NA,285.936
1975-08-04,17.655,NA,NA,NA,285.93
1975-08-05,17.038,NA,NA,NA,285.905
1975-08-06,16.646,NA,NA,NA,285.884
1975-08-07,16.804,NA,NA,NA,285.893
1975-08-08,16.909,NA,NA,NA,285.899
1975-08-09,16.856,NA,NA,NA,285.896
1975-08-10,16.751,NA,NA,NA,285.89
1975-08-11,16.646,NA,NA,NA,285.884
1975-08-12,16.489,NA,NA,NA,285.875
1975-08-13,16.384,NA,NA,NA,285.869
1975-08-14,16.384,NA,NA,NA,285.869
1975-08-15,16.384,NA,NA,NA,285.869
1975-08-16,16.279,NA,NA,NA,285.863
1975-08-17,16.175,NA,NA,NA,285.857
1975-08-18,16.07,NA,NA,NA,285.851
1975-08-19,15.965,NA,NA,NA,285.844
1975-08-20,15.86,NA,NA,NA,285.838
1975-08-21,15.965,NA,NA,NA,285.844
1975-08-22,16.122,NA,NA,NA,285.854
1975-08-23,16.436,NA,NA,NA,285.872
1975-08-24,16.751,NA,NA,NA,285.89
1975-08-25,17.038,NA,NA,NA,285.905
1975-08-26,16.226,NA,NA,NA,285.86
1975-08-27,15.597,NA,NA,NA,285.823
1975-08-28,16.175,NA,NA,NA,285.857
1975-08-29,16.699,NA,NA,NA,285.887
1975-08-30,16.804,NA,NA,NA,285.893
1975-08-31,16.804,NA,NA,NA,285.893
1975-09-01,17.885,NA,NA,NA,285.939
1975-09-02,16.226,NA,NA,NA,285.86
1975-09-03,16.489,NA,NA,NA,285.875
1975-09-04,16.751,NA,NA,NA,285.89
1975-09-05,16.594,NA,NA,NA,285.881
1975-09-06,16.489,NA,NA,NA,285.875
1975-09-07,16.384,NA,NA,NA,285.869
1975-09-08,16.279,NA,NA,NA,285.863
1975-09-09,16.279,NA,NA,NA,285.863
1975-09-10,16.279,NA,NA,NA,285.863
1975-09-11,16.226,NA,NA,NA,285.86
1975-09-12,16.175,NA,NA,NA,285.857
1975-09-13,16.07,NA,NA,NA,285.851
1975-09-14,15.912,NA,NA,NA,285.841
1975-09-15,15.755,NA,NA,NA,285.832
1975-09-16,15.283,NA,NA,NA,285.805
1975-09-17,15.021,NA,NA,NA,285.79
1975-09-18,16.122,NA,NA,NA,285.854
1975-09-19,17.269,NA,NA,NA,285.915
1975-09-20,16.646,NA,NA,NA,285.884
1975-09-21,16.122,NA,NA,NA,285.854
1975-09-22,15.65,NA,NA,NA,285.826
1975-09-23,15.493,NA,NA,NA,285.817
1975-09-24,15.388,NA,NA,NA,285.811
1975-09-25,15.441,NA,NA,NA,285.814
1975-09-26,15.493,NA,NA,NA,285.817
1975-09-27,15.546,NA,NA,NA,285.82
1975-09-28,15.597,NA,NA,NA,285.823
1975-09-29,15.65,NA,NA,NA,285.826
1975-09-30,15.702,NA,NA,NA,285.829
1975-10-01,15.755,NA,NA,NA,285.832
1975-10-02,15.86,NA,NA,NA,285.838
1975-10-03,15.912,NA,NA,NA,285.841
1975-10-04,15.65,NA,NA,NA,285.826
1975-10-05,15.388,NA,NA,NA,285.811
1975-10-06,15.126,NA,NA,NA,285.796
1975-10-07,15.178,NA,NA,NA,285.799
1975-10-08,15.283,NA,NA,NA,285.805
1975-10-09,15.388,NA,NA,NA,285.811
1975-10-10,15.493,NA,NA,NA,285.817
1975-10-11,15.597,NA,NA,NA,285.823
1975-10-12,15.702,NA,NA,NA,285.829
1975-10-13,15.807,NA,NA,NA,285.835
1975-10-14,15.912,NA,NA,NA,285.841
1975-10-15,15.965,NA,NA,NA,285.844
1975-10-16,15.493,NA,NA,NA,285.817
1975-10-17,15.073,NA,NA,NA,285.793
1975-10-18,15.073,NA,NA,NA,285.793
1975-10-19,15.126,NA,NA,NA,285.796
1975-10-20,15.178,NA,NA,NA,285.799
1975-10-21,15.178,NA,NA,NA,285.799
1975-10-22,15.231,NA,NA,NA,285.802
1975-10-23,15.283,NA,NA,NA,285.805
1975-10-24,15.283,NA,NA,NA,285.805
1975-10-25,15.336,NA,NA,NA,285.808
1975-10-26,15.388,NA,NA,NA,285.811
1975-10-27,15.441,NA,NA,NA,285.814
1975-10-28,15.388,NA,NA,NA,285.811
1975-10-29,15.021,NA,NA,NA,285.79
1975-10-30,15.073,NA,NA,NA,285.793
1975-10-31,15.126,NA,NA,NA,285.796
1975-11-01,15.178,NA,NA,NA,285.799
1975-11-02,15.231,NA,NA,NA,285.802
1975-11-03,15.283,NA,NA,NA,285.805
1975-11-04,15.388,NA,NA,NA,285.811
1975-11-05,15.493,NA,NA,NA,285.817
1975-11-06,15.283,NA,NA,NA,285.805
1975-11-07,15.073,NA,NA,NA,285.793
1975-11-08,15.336,NA,NA,NA,285.808
1975-11-09,15.546,NA,NA,NA,285.82
1975-11-10,15.86,NA,NA,NA,285.838
1975-11-11,16.279,NA,NA,NA,285.863
1975-11-12,16.646,NA,NA,NA,285.884
1975-11-13,16.489,NA,NA,NA,285.875
1975-11-14,16.331,NA,NA,NA,285.866
1975-11-15,16.175,NA,NA,NA,285.857
1975-11-16,16.017,NA,NA,NA,285.848
1975-11-17,15.912,NA,NA,NA,285.841
1975-11-18,15.86,NA,NA,NA,285.838
1975-11-19,15.86,NA,NA,NA,285.838
1975-11-20,15.86,NA,NA,NA,285.838
1975-11-21,15.807,NA,NA,NA,285.835
1975-11-22,15.807,NA,NA,NA,285.835
1975-11-23,15.807,NA,NA,NA,285.835
1975-11-24,15.807,NA,NA,NA,285.835
1975-11-25,15.755,NA,NA,NA,285.832
1975-11-26,15.755,NA,NA,NA,285.832
1975-11-27,15.702,NA,NA,NA,285.829
1975-11-28,15.702,NA,NA,NA,285.829
1975-11-29,15.702,NA,NA,NA,285.829
1975-11-30,15.755,NA,NA,NA,285.832
1975-12-01,15.755,NA,NA,NA,285.832
1975-12-02,15.807,NA,NA,NA,285.835
1975-12-03,15.807,NA,NA,NA,285.835
1975-12-04,15.807,NA,NA,NA,285.835
1975-12-05,15.807,NA,NA,NA,285.835
1975-12-06,15.807,NA,NA,NA,285.835
1975-12-07,15.807,NA,NA,NA,285.835
1975-12-08,15.807,NA,NA,NA,285.835
1975-12-09,15.807,NA,NA,NA,285.835
1975-12-10,15.807,NA,NA,NA,285.835
1975-12-11,15.807,NA,NA,NA,285.835
1975-12-12,15.755,NA,NA,NA,285.832
1975-12-13,15.755,NA,NA,NA,285.832
1975-12-14,15.755,NA,NA,NA,285.832
1975-12-15,15.702,NA,NA,NA,285.829
1975-12-16,15.702,NA,NA,NA,285.829
1975-12-17,15.702,NA,NA,NA,285.829
1975-12-18,15.65,NA,NA,NA,285.826
1975-12-19,15.65,NA,NA,NA,285.826
1975-12-20,15.65,NA,NA,NA,285.826
1975-12-21,15.597,NA,NA,NA,285.823
1975-12-22,15.65,NA,NA,NA,285.826
1975-12-23,15.807,NA,NA,NA,285.835
1975-12-24,15.807,NA,NA,NA,285.835
1975-12-25,15.807,NA,NA,NA,285.835
1975-12-26,15.807,NA,NA,NA,285.835
1975-12-27,15.807,NA,NA,NA,285.835
1975-12-28,15.807,NA,NA,NA,285.835
1975-12-29,15.807,NA,NA,NA,285.835
1975-12-30,15.807,NA,NA,NA,285.835
1975-12-31,15.807,NA,NA,NA,285.835
1976-01-01,15.807,NA,NA,NA,285.835
1976-01-02,15.807,NA,NA,NA,285.835
1976-01-03,15.807,NA,NA,NA,285.835
1976-01-04,15.807,NA,NA,NA,285.835
1976-01-05,15.807,NA,NA,NA,285.835
1976-01-06,15.807,NA,NA,NA,285.835
1976-01-07,15.86,NA,NA,NA,285.838
1976-01-08,15.86,NA,NA,NA,285.838
1976-01-09,15.912,NA,NA,NA,285.841
1976-01-10,15.912,NA,NA,NA,285.841
1976-01-11,15.912,NA,NA,NA,285.841
1976-01-12,15.912,NA,NA,NA,285.841
1976-01-13,15.912,NA,NA,NA,285.841
1976-01-14,15.912,NA,NA,NA,285.841
1976-01-15,15.912,NA,NA,NA,285.841
1976-01-16,15.912,NA,NA,NA,285.841
1976-01-17,15.912,NA,NA,NA,285.841
1976-01-18,15.912,NA,NA,NA,285.841
1976-01-19,15.86,NA,NA,NA,285.838
1976-01-20,15.86,NA,NA,NA,285.838
1976-01-21,15.86,NA,NA,NA,285.838
1976-01-22,15.807,NA,NA,NA,285.835
1976-01-23,15.807,NA,NA,NA,285.835
1976-01-24,15.807,NA,NA,NA,285.835
1976-01-25,15.755,NA,NA,NA,285.832
1976-01-26,15.755,NA,NA,NA,285.832
1976-01-27,15.755,NA,NA,NA,285.832
1976-01-28,15.755,NA,NA,NA,285.832
1976-01-29,15.755,NA,NA,NA,285.832
1976-01-30,15.755,NA,NA,NA,285.832
1976-01-31,15.755,NA,NA,NA,285.832
1976-02-01,15.755,NA,NA,NA,285.832
1976-02-02,15.807,NA,NA,NA,285.835
1976-02-03,15.807,NA,NA,NA,285.835
1976-02-04,15.807,NA,NA,NA,285.835
1976-02-05,15.755,NA,NA,NA,285.832
1976-02-06,15.755,NA,NA,NA,285.832
1976-02-07,15.702,NA,NA,NA,285.829
1976-02-08,15.702,NA,NA,NA,285.829
1976-02-09,15.65,NA,NA,NA,285.826
1976-02-10,15.65,NA,NA,NA,285.826
1976-02-11,15.65,NA,NA,NA,285.826
1976-02-12,15.702,NA,NA,NA,285.829
1976-02-13,15.807,NA,NA,NA,285.835
1976-02-14,15.807,NA,NA,NA,285.835
1976-02-15,15.807,NA,NA,NA,285.835
1976-02-16,15.807,NA,NA,NA,285.835
1976-02-17,15.86,NA,NA,NA,285.838
1976-02-18,15.86,NA,NA,NA,285.838
1976-02-19,15.912,NA,NA,NA,285.841
1976-02-20,16.017,NA,NA,NA,285.848
1976-02-21,16.07,NA,NA,NA,285.851
1976-02-22,16.175,NA,NA,NA,285.857
1976-02-23,16.279,NA,NA,NA,285.863
1976-02-24,16.384,NA,NA,NA,285.869
1976-02-25,16.489,NA,NA,NA,285.875
1976-02-26,16.594,NA,NA,NA,285.881
1976-02-27,16.751,NA,NA,NA,285.89
1976-02-28,16.856,NA,NA,NA,285.896
1976-02-29,16.96,NA,NA,NA,285.902
1976-03-01,17.192,NA,NA,NA,285.912
1976-03-02,17.346,NA,NA,NA,285.918
1976-03-03,17.501,NA,NA,NA,285.924
1976-03-04,17.577,NA,NA,NA,285.927
1976-03-05,17.655,NA,NA,NA,285.93
1976-03-06,17.731,NA,NA,NA,285.933
1976-03-07,17.731,NA,NA,NA,285.933
1976-03-08,17.809,NA,NA,NA,285.936
1976-03-09,17.885,NA,NA,NA,285.939
1976-03-10,17.963,NA,NA,NA,285.942
1976-03-11,17.885,NA,NA,NA,285.939
1976-03-12,17.809,NA,NA,NA,285.936
1976-03-13,17.731,NA,NA,NA,285.933
1976-03-14,17.655,NA,NA,NA,285.93
1976-03-15,17.655,NA,NA,NA,285.93
1976-03-16,17.577,NA,NA,NA,285.927
1976-03-17,17.577,NA,NA,NA,285.927
1976-03-18,17.963,NA,NA,NA,285.942
1976-03-19,18.348,NA,NA,NA,285.957
1976-03-20,18.734,NA,NA,NA,285.973
1976-03-21,19.119,NA,NA,NA,285.988
1976-03-22,19.427,NA,NA,NA,286
1976-03-23,20.044,NA,NA,NA,286.024
1976-03-24,21.74,NA,NA,NA,286.091
1976-03-25,22.511,NA,NA,NA,286.122
1976-03-26,23.36,NA,NA,NA,286.155
1976-03-27,24.207,NA,NA,NA,286.189
1976-03-28,25.117,NA,NA,NA,286.222
1976-03-29,26.1,NA,NA,NA,286.256
1976-03-30,26.548,NA,NA,NA,286.271
1976-03-31,26.548,NA,NA,NA,286.271
1976-04-01,25.743,NA,NA,NA,286.244
1976-04-02,25.475,NA,NA,NA,286.235
1976-04-03,25.206,NA,NA,NA,286.225
1976-04-04,24.938,NA,NA,NA,286.216
1976-04-05,24.67,NA,NA,NA,286.207
1976-04-06,24.439,NA,NA,NA,286.198
1976-04-07,24.131,NA,NA,NA,286.186
1976-04-08,23.744,NA,NA,NA,286.171
1976-04-09,23.36,NA,NA,NA,286.155
1976-04-10,22.974,NA,NA,NA,286.14
1976-04-11,22.589,NA,NA,NA,286.125
1976-04-12,22.203,NA,NA,NA,286.11
1976-04-13,21.894,NA,NA,NA,286.097
1976-04-14,21.509,NA,NA,NA,286.082
1976-04-15,20.815,NA,NA,NA,286.055
1976-04-16,20.122,NA,NA,NA,286.027
1976-04-17,20.43,NA,NA,NA,286.04
1976-04-18,20.738,NA,NA,NA,286.052
1976-04-19,21.123,NA,NA,NA,286.067
1976-04-20,21.818,NA,NA,NA,286.094
1976-04-21,22.28,NA,NA,NA,286.113
1976-04-22,22.048,NA,NA,NA,286.104
1976-04-23,21.818,NA,NA,NA,286.094
1976-04-24,21.509,NA,NA,NA,286.082
1976-04-25,21.278,NA,NA,NA,286.073
1976-04-26,21.047,NA,NA,NA,286.064
1976-04-27,20.815,NA,NA,NA,286.055
1976-04-28,20.893,NA,NA,NA,286.058
1976-04-29,20.893,NA,NA,NA,286.058
1976-04-30,20.738,NA,NA,NA,286.052
1976-05-01,20.507,NA,NA,NA,286.043
1976-05-02,20.352,NA,NA,NA,286.037
1976-05-03,20.198,NA,NA,NA,286.03
1976-05-04,20.507,NA,NA,NA,286.043
1976-05-05,20.738,NA,NA,NA,286.052
1976-05-06,20.352,NA,NA,NA,286.037
1976-05-07,19.968,NA,NA,NA,286.021
1976-05-08,19.581,NA,NA,NA,286.006
1976-05-09,19.119,NA,NA,NA,285.988
1976-05-10,18.734,NA,NA,NA,285.973
1976-05-11,17.963,NA,NA,NA,285.942
1976-05-12,17.192,NA,NA,NA,285.912
1976-05-13,17.423,NA,NA,NA,285.921
1976-05-14,17.731,NA,NA,NA,285.933
1976-05-15,17.885,NA,NA,NA,285.939
1976-05-16,18.272,NA,NA,NA,285.954
1976-05-17,16.804,NA,NA,NA,285.893
1976-05-18,16.699,NA,NA,NA,285.887
1976-05-19,16.646,NA,NA,NA,285.884
1976-05-20,16.436,NA,NA,NA,285.872
1976-05-21,16.175,NA,NA,NA,285.857
1976-05-22,16.226,NA,NA,NA,285.86
1976-05-23,16.331,NA,NA,NA,285.866
1976-05-24,16.436,NA,NA,NA,285.872
1976-05-25,16.384,NA,NA,NA,285.869
1976-05-26,16.384,NA,NA,NA,285.869
1976-05-27,16.279,NA,NA,NA,285.863
1976-05-28,16.017,NA,NA,NA,285.848
1976-05-29,15.65,NA,NA,NA,285.826
1976-05-30,16.175,NA,NA,NA,285.857
1976-05-31,16.122,NA,NA,NA,285.854
1976-06-01,15.702,NA,NA,NA,285.829
1976-06-02,15.336,NA,NA,NA,285.808
1976-06-03,15.231,NA,NA,NA,285.802
1976-06-04,15.178,NA,NA,NA,285.799
1976-06-05,15.336,NA,NA,NA,285.808
1976-06-06,15.493,NA,NA,NA,285.817
1976-06-07,15.597,NA,NA,NA,285.823
1976-06-08,15.546,NA,NA,NA,285.82
1976-06-09,15.493,NA,NA,NA,285.817
1976-06-10,15.283,NA,NA,NA,285.805
1976-06-11,15.073,NA,NA,NA,285.793
1976-06-12,15.073,NA,NA,NA,285.793
1976-06-13,15.073,NA,NA,NA,285.793
1976-06-14,15.073,NA,NA,NA,285.793
1976-06-15,15.073,NA,NA,NA,285.793
1976-06-16,15.126,NA,NA,NA,285.796
1976-06-17,15.178,NA,NA,NA,285.799
1976-06-18,15.178,NA,NA,NA,285.799
1976-06-19,14.812,NA,NA,NA,285.777
1976-06-20,14.444,NA,NA,NA,285.756
1976-06-21,14.13,NA,NA,NA,285.738
1976-06-22,13.868,NA,NA,NA,285.723
1976-06-23,13.71,NA,NA,NA,285.713
1976-06-24,13.92,NA,NA,NA,285.726
1976-06-25,14.183,NA,NA,NA,285.741
1976-06-26,14.654,NA,NA,NA,285.768
1976-06-27,15.126,NA,NA,NA,285.796
1976-06-28,15.493,NA,NA,NA,285.817
1976-06-29,14.863,NA,NA,NA,285.78
1976-06-30,14.759,NA,NA,NA,285.774
1976-07-01,14.602,NA,NA,NA,285.765
1976-07-02,14.549,NA,NA,NA,285.762
1976-07-03,14.183,NA,NA,NA,285.741
1976-07-04,14.183,NA,NA,NA,285.741
1976-07-05,14.13,NA,NA,NA,285.738
1976-07-06,14.13,NA,NA,NA,285.738
1976-07-07,13.973,NA,NA,NA,285.729
1976-07-08,12.295,NA,NA,NA,285.631
1976-07-09,12.505,NA,NA,NA,285.643
1976-07-10,12.767,NA,NA,NA,285.659
1976-07-11,13.029,NA,NA,NA,285.674
1976-07-12,13.239,NA,NA,NA,285.686
1976-07-13,13.239,NA,NA,NA,285.686
1976-07-14,13.291,NA,NA,NA,285.689
1976-07-15,13.658,NA,NA,NA,285.71
1976-07-16,13.868,NA,NA,NA,285.723
1976-07-17,13.658,NA,NA,NA,285.71
1976-07-18,13.396,NA,NA,NA,285.695
1976-07-19,13.239,NA,NA,NA,285.686
1976-07-20,13.344,NA,NA,NA,285.692
1976-07-21,13.186,NA,NA,NA,285.683
1976-07-22,12.976,NA,NA,NA,285.671
1976-07-23,12.767,NA,NA,NA,285.659
1976-07-24,12.557,NA,NA,NA,285.646
1976-07-25,12.4,NA,NA,NA,285.637
1976-07-26,12.19,NA,NA,NA,285.625
1976-07-27,12.242,NA,NA,NA,285.628
1976-07-28,12.295,NA,NA,NA,285.631
1976-07-29,12.242,NA,NA,NA,285.628
1976-07-30,12.19,NA,NA,NA,285.625
1976-07-31,12.033,NA,NA,NA,285.616
1976-08-01,11.876,NA,NA,NA,285.607
1976-08-02,11.675,NA,NA,NA,285.595
1976-08-03,11.459,NA,NA,NA,285.579
1976-08-04,11.286,NA,NA,NA,285.567
1976-08-05,11.33,NA,NA,NA,285.57
1976-08-06,11.33,NA,NA,NA,285.57
1976-08-07,11.027,NA,NA,NA,285.549
1976-08-08,10.768,NA,NA,NA,285.531
1976-08-09,10.509,NA,NA,NA,285.512
1976-08-10,10.596,NA,NA,NA,285.518
1976-08-11,10.596,NA,NA,NA,285.518
1976-08-12,10.552,NA,NA,NA,285.515
1976-08-13,10.509,NA,NA,NA,285.512
1976-08-14,10.293,NA,NA,NA,285.497
1976-08-15,10.121,NA,NA,NA,285.485
1976-08-16,9.948,NA,NA,NA,285.473
1976-08-17,9.862,NA,NA,NA,285.467
1976-08-18,9.862,NA,NA,NA,285.467
1976-08-19,9.862,NA,NA,NA,285.467
1976-08-20,9.862,NA,NA,NA,285.467
1976-08-21,9.948,NA,NA,NA,285.473
1976-08-22,9.991,NA,NA,NA,285.476
1976-08-23,9.819,NA,NA,NA,285.463
1976-08-24,8.955,NA,NA,NA,285.403
1976-08-25,8.264,NA,NA,NA,285.354
1976-08-26,8.48,NA,NA,NA,285.369
1976-08-27,8.653,NA,NA,NA,285.381
1976-08-28,8.61,NA,NA,NA,285.378
1976-08-29,8.523,NA,NA,NA,285.372
1976-08-30,8.437,NA,NA,NA,285.366
1976-08-31,8.48,NA,NA,NA,285.369
1976-09-01,8.567,NA,NA,NA,285.375
1976-09-02,9.214,NA,NA,NA,285.421
1976-09-03,9.775,NA,NA,NA,285.46
1976-09-04,7.962,NA,NA,NA,285.332
1976-09-05,7.919,NA,NA,NA,285.329
1976-09-06,7.228,NA,NA,NA,285.278
1976-09-07,7.056,NA,NA,NA,285.262
1976-09-08,7.125,NA,NA,NA,285.268
1976-09-09,7.159,NA,NA,NA,285.271
1976-09-10,7.228,NA,NA,NA,285.278
1976-09-11,7.056,NA,NA,NA,285.262
1976-09-12,6.883,NA,NA,NA,285.247
1976-09-13,6.745,NA,NA,NA,285.235
1976-09-14,6.572,NA,NA,NA,285.22
1976-09-15,6.468,NA,NA,NA,285.211
1976-09-16,6.607,NA,NA,NA,285.223
1976-09-17,6.779,NA,NA,NA,285.238
1976-09-18,6.917,NA,NA,NA,285.25
1976-09-19,7.056,NA,NA,NA,285.262
1976-09-20,7.228,NA,NA,NA,285.278
1976-09-21,7.263,NA,NA,NA,285.281
1976-09-22,7.332,NA,NA,NA,285.287
1976-09-23,7.366,NA,NA,NA,285.29
1976-09-24,7.444,NA,NA,NA,285.296
1976-09-25,7.53,NA,NA,NA,285.302
1976-09-26,7.574,NA,NA,NA,285.305
1976-09-27,7.617,NA,NA,NA,285.308
1976-09-28,7.297,NA,NA,NA,285.284
1976-09-29,7.09,NA,NA,NA,285.265
1976-09-30,7.53,NA,NA,NA,285.302
1976-10-01,8.005,NA,NA,NA,285.335
1976-10-02,7.876,NA,NA,NA,285.326
1976-10-03,7.746,NA,NA,NA,285.317
1976-10-04,7.574,NA,NA,NA,285.305
1976-10-05,7.09,NA,NA,NA,285.265
1976-10-06,6.676,NA,NA,NA,285.229
1976-10-07,6.503,NA,NA,NA,285.214
1976-10-08,6.33,NA,NA,NA,285.198
1976-10-09,6.434,NA,NA,NA,285.207
1976-10-10,6.503,NA,NA,NA,285.214
1976-10-11,6.607,NA,NA,NA,285.223
1976-10-12,6.641,NA,NA,NA,285.226
1976-10-13,6.468,NA,NA,NA,285.211
1976-10-14,6.296,NA,NA,NA,285.195
1976-10-15,6.123,NA,NA,NA,285.18
1976-10-16,5.95,NA,NA,NA,285.165
1976-10-17,5.778,NA,NA,NA,285.15
1976-10-18,5.743,NA,NA,NA,285.146
1976-10-19,6.572,NA,NA,NA,285.22
1976-10-20,7.263,NA,NA,NA,285.281
1976-10-21,6.641,NA,NA,NA,285.226
1976-10-22,6.019,NA,NA,NA,285.171
1976-10-23,6.192,NA,NA,NA,285.186
1976-10-24,6.296,NA,NA,NA,285.195
1976-10-25,6.365,NA,NA,NA,285.201
1976-10-26,6.399,NA,NA,NA,285.204
1976-10-27,6.33,NA,NA,NA,285.198
1976-10-28,6.296,NA,NA,NA,285.195
1976-10-29,6.261,NA,NA,NA,285.192
1976-10-30,6.227,NA,NA,NA,285.189
1976-10-31,6.227,NA,NA,NA,285.189
1976-11-01,6.192,NA,NA,NA,285.186
1976-11-02,6.192,NA,NA,NA,285.186
1976-11-03,6.158,NA,NA,NA,285.183
1976-11-04,6.158,NA,NA,NA,285.183
1976-11-05,6.123,NA,NA,NA,285.18
1976-11-06,6.088,NA,NA,NA,285.177
1976-11-07,6.054,NA,NA,NA,285.174
1976-11-08,6.019,NA,NA,NA,285.171
1976-11-09,5.985,NA,NA,NA,285.168
1976-11-10,5.95,NA,NA,NA,285.165
1976-11-11,6.088,NA,NA,NA,285.177
1976-11-12,6.192,NA,NA,NA,285.186
1976-11-13,6.227,NA,NA,NA,285.189
1976-11-14,6.261,NA,NA,NA,285.192
1976-11-15,6.33,NA,NA,NA,285.198
1976-11-16,6.33,NA,NA,NA,285.198
1976-11-17,6.365,NA,NA,NA,285.201
1976-11-18,6.365,NA,NA,NA,285.201
1976-11-19,6.365,NA,NA,NA,285.201
1976-11-20,6.434,NA,NA,NA,285.207
1976-11-21,6.537,NA,NA,NA,285.217
1976-11-22,6.607,NA,NA,NA,285.223
1976-11-23,6.572,NA,NA,NA,285.22
1976-11-24,6.537,NA,NA,NA,285.217
1976-11-25,6.607,NA,NA,NA,285.223
1976-11-26,6.641,NA,NA,NA,285.226
1976-11-27,6.71,NA,NA,NA,285.232
1976-11-28,6.779,NA,NA,NA,285.238
1976-11-29,6.814,NA,NA,NA,285.241
1976-11-30,6.848,NA,NA,NA,285.244
1976-12-01,6.883,NA,NA,NA,285.247
1976-12-02,6.917,NA,NA,NA,285.25
1976-12-03,6.952,NA,NA,NA,285.253
1976-12-04,6.986,NA,NA,NA,285.256
1976-12-05,7.021,NA,NA,NA,285.259
1976-12-06,7.056,NA,NA,NA,285.262
1976-12-07,7.09,NA,NA,NA,285.265
1976-12-08,7.125,NA,NA,NA,285.268
1976-12-09,7.159,NA,NA,NA,285.271
1976-12-10,7.228,NA,NA,NA,285.278
1976-12-11,7.263,NA,NA,NA,285.281
1976-12-12,7.297,NA,NA,NA,285.284
1976-12-13,7.332,NA,NA,NA,285.287
1976-12-14,7.366,NA,NA,NA,285.29
1976-12-15,7.444,NA,NA,NA,285.296
1976-12-16,7.487,NA,NA,NA,285.299
1976-12-17,7.53,NA,NA,NA,285.302
1976-12-18,7.617,NA,NA,NA,285.308
1976-12-19,7.66,NA,NA,NA,285.311
1976-12-20,7.703,NA,NA,NA,285.314
1976-12-21,7.789,NA,NA,NA,285.32
1976-12-22,7.833,NA,NA,NA,285.323
1976-12-23,7.876,NA,NA,NA,285.326
1976-12-24,7.962,NA,NA,NA,285.332
1976-12-25,8.005,NA,NA,NA,285.335
1976-12-26,8.048,NA,NA,NA,285.339
1976-12-27,8.135,NA,NA,NA,285.345
1976-12-28,8.178,NA,NA,NA,285.348
1976-12-29,8.264,NA,NA,NA,285.354
1976-12-30,8.307,NA,NA,NA,285.357
1976-12-31,8.394,NA,NA,NA,285.363
1977-01-01,8.437,NA,NA,NA,285.366
1977-01-02,8.523,NA,NA,NA,285.372
1977-01-03,8.567,NA,NA,NA,285.375
1977-01-04,8.653,NA,NA,NA,285.381
1977-01-05,8.696,NA,NA,NA,285.384
1977-01-06,8.782,NA,NA,NA,285.39
1977-01-07,8.826,NA,NA,NA,285.393
1977-01-08,8.912,NA,NA,NA,285.399
1977-01-09,8.955,NA,NA,NA,285.403
1977-01-10,9.041,NA,NA,NA,285.409
1977-01-11,9.085,NA,NA,NA,285.412
1977-01-12,9.171,NA,NA,NA,285.418
1977-01-13,9.214,NA,NA,NA,285.421
1977-01-14,9.3,NA,NA,NA,285.427
1977-01-15,9.344,NA,NA,NA,285.43
1977-01-16,9.43,NA,NA,NA,285.436
1977-01-17,9.473,NA,NA,NA,285.439
1977-01-18,9.559,NA,NA,NA,285.445
1977-01-19,9.646,NA,NA,NA,285.451
1977-01-20,9.689,NA,NA,NA,285.454
1977-01-21,9.775,NA,NA,NA,285.46
1977-01-22,9.819,NA,NA,NA,285.463
1977-01-23,9.905,NA,NA,NA,285.47
1977-01-24,9.991,NA,NA,NA,285.476
1977-01-25,10.034,NA,NA,NA,285.479
1977-01-26,10.121,NA,NA,NA,285.485
1977-01-27,10.207,NA,NA,NA,285.491
1977-01-28,10.25,NA,NA,NA,285.494
1977-01-29,10.337,NA,NA,NA,285.5
1977-01-30,10.423,NA,NA,NA,285.506
1977-01-31,10.466,NA,NA,NA,285.509
1977-02-01,10.552,NA,NA,NA,285.515
1977-02-02,10.596,NA,NA,NA,285.518
1977-02-03,10.682,NA,NA,NA,285.524
1977-02-04,10.768,NA,NA,NA,285.531
1977-02-05,10.811,NA,NA,NA,285.534
1977-02-06,10.898,NA,NA,NA,285.54
1977-02-07,10.984,NA,NA,NA,285.546
1977-02-08,11.027,NA,NA,NA,285.549
1977-02-09,11.114,NA,NA,NA,285.555
1977-02-10,11.2,NA,NA,NA,285.561
1977-02-11,11.243,NA,NA,NA,285.564
1977-02-12,11.33,NA,NA,NA,285.57
1977-02-13,11.416,NA,NA,NA,285.576
1977-02-14,11.545,NA,NA,NA,285.585
1977-02-15,11.589,NA,NA,NA,285.588
1977-02-16,11.675,NA,NA,NA,285.595
1977-02-17,11.823,NA,NA,NA,285.604
1977-02-18,11.928,NA,NA,NA,285.61
1977-02-19,12.033,NA,NA,NA,285.616
1977-02-20,12.137,NA,NA,NA,285.622
1977-02-21,12.242,NA,NA,NA,285.628
1977-02-22,12.347,NA,NA,NA,285.634
1977-02-23,12.452,NA,NA,NA,285.64
1977-02-24,12.557,NA,NA,NA,285.646
1977-02-25,12.662,NA,NA,NA,285.652
1977-02-26,12.767,NA,NA,NA,285.659
1977-02-27,12.871,NA,NA,NA,285.665
1977-02-28,13.029,NA,NA,NA,285.674
1977-03-01,13.134,NA,NA,NA,285.68
1977-03-02,13.291,NA,NA,NA,285.689
1977-03-03,13.449,NA,NA,NA,285.698
1977-03-04,13.553,NA,NA,NA,285.704
1977-03-05,13.71,NA,NA,NA,285.713
1977-03-06,13.815,NA,NA,NA,285.72
1977-03-07,13.973,NA,NA,NA,285.729
1977-03-08,14.078,NA,NA,NA,285.735
1977-03-09,14.234,NA,NA,NA,285.744
1977-03-10,14.392,NA,NA,NA,285.753
1977-03-11,14.497,NA,NA,NA,285.759
1977-03-12,14.602,NA,NA,NA,285.765
1977-03-13,15.388,NA,NA,NA,285.811
1977-03-14,14.968,NA,NA,NA,285.787
1977-03-15,18.117,NA,NA,NA,285.948
1977-03-16,16.436,NA,NA,NA,285.872
1977-03-17,16.017,NA,NA,NA,285.848
1977-03-18,18.117,NA,NA,NA,285.948
1977-03-19,18.502,NA,NA,NA,285.963
1977-03-20,18.58,NA,NA,NA,285.966
1977-03-21,18.734,NA,NA,NA,285.973
1977-03-22,18.811,NA,NA,NA,285.976
1977-03-23,18.656,NA,NA,NA,285.969
1977-03-24,17.423,NA,NA,NA,285.921
1977-03-25,18.426,NA,NA,NA,285.96
1977-03-26,18.348,NA,NA,NA,285.957
1977-03-27,18.194,NA,NA,NA,285.951
1977-03-28,18.117,NA,NA,NA,285.948
1977-03-29,18.502,NA,NA,NA,285.963
1977-03-30,18.348,NA,NA,NA,285.957
1977-03-31,18.502,NA,NA,NA,285.963
1977-04-01,18.117,NA,NA,NA,285.948
1977-04-02,18.272,NA,NA,NA,285.954
1977-04-03,18.348,NA,NA,NA,285.957
1977-04-04,18.426,NA,NA,NA,285.96
1977-04-05,17.655,NA,NA,NA,285.93
1977-04-06,16.909,NA,NA,NA,285.899
1977-04-07,16.541,NA,NA,NA,285.878
1977-04-08,16.226,NA,NA,NA,285.86
1977-04-09,16.122,NA,NA,NA,285.854
1977-04-10,16.017,NA,NA,NA,285.848
1977-04-11,15.912,NA,NA,NA,285.841
1977-04-12,16.331,NA,NA,NA,285.866
1977-04-13,16.699,NA,NA,NA,285.887
1977-04-14,16.856,NA,NA,NA,285.896
1977-04-15,16.96,NA,NA,NA,285.902
1977-04-16,17.115,NA,NA,NA,285.908
1977-04-17,17.192,NA,NA,NA,285.912
1977-04-18,17.346,NA,NA,NA,285.918
1977-04-19,17.501,NA,NA,NA,285.924
1977-04-20,17.731,NA,NA,NA,285.933
1977-04-21,17.501,NA,NA,NA,285.924
1977-04-22,17.346,NA,NA,NA,285.918
1977-04-23,17.501,NA,NA,NA,285.924
1977-04-24,17.577,NA,NA,NA,285.927
1977-04-25,17.731,NA,NA,NA,285.933
1977-04-26,17.809,NA,NA,NA,285.936
1977-04-27,17.885,NA,NA,NA,285.939
1977-04-28,18.04,NA,NA,NA,285.945
1977-04-29,18.04,NA,NA,NA,285.945
1977-04-30,17.655,NA,NA,NA,285.93
1977-05-01,17.269,NA,NA,NA,285.915
1977-05-02,16.909,NA,NA,NA,285.899
1977-05-03,16.489,NA,NA,NA,285.875
1977-05-04,16.122,NA,NA,NA,285.854
1977-05-05,16.541,NA,NA,NA,285.878
1977-05-06,16.909,NA,NA,NA,285.899
1977-05-07,16.699,NA,NA,NA,285.887
1977-05-08,16.489,NA,NA,NA,285.875
1977-05-09,16.331,NA,NA,NA,285.866
1977-05-10,16.226,NA,NA,NA,285.86
1977-05-11,16.122,NA,NA,NA,285.854
1977-05-12,16.122,NA,NA,NA,285.854
1977-05-13,16.175,NA,NA,NA,285.857
1977-05-14,15.283,NA,NA,NA,285.805
1977-05-15,15.86,NA,NA,NA,285.838
1977-05-16,15.912,NA,NA,NA,285.841
1977-05-17,15.965,NA,NA,NA,285.844
1977-05-18,16.017,NA,NA,NA,285.848
1977-05-19,16.07,NA,NA,NA,285.851
1977-05-20,16.175,NA,NA,NA,285.857
1977-05-21,16.226,NA,NA,NA,285.86
1977-05-22,16.331,NA,NA,NA,285.866
1977-05-23,16.384,NA,NA,NA,285.869
1977-05-24,15.912,NA,NA,NA,285.841
1977-05-25,15.493,NA,NA,NA,285.817
1977-05-26,15.336,NA,NA,NA,285.808
1977-05-27,15.231,NA,NA,NA,285.802
1977-05-28,15.388,NA,NA,NA,285.811
1977-05-29,15.546,NA,NA,NA,285.82
1977-05-30,15.65,NA,NA,NA,285.826
1977-05-31,15.86,NA,NA,NA,285.838
1977-06-01,15.702,NA,NA,NA,285.829
1977-06-02,15.493,NA,NA,NA,285.817
1977-06-03,15.388,NA,NA,NA,285.811
1977-06-04,15.441,NA,NA,NA,285.814
1977-06-05,15.546,NA,NA,NA,285.82
1977-06-06,15.597,NA,NA,NA,285.823
1977-06-07,15.493,NA,NA,NA,285.817
1977-06-08,15.388,NA,NA,NA,285.811
1977-06-09,14.863,NA,NA,NA,285.78
1977-06-10,14.339,NA,NA,NA,285.75
1977-06-11,14.444,NA,NA,NA,285.756
1977-06-12,14.549,NA,NA,NA,285.762
1977-06-13,14.759,NA,NA,NA,285.774
1977-06-14,14.863,NA,NA,NA,285.78
1977-06-15,14.916,NA,NA,NA,285.784
1977-06-16,14.968,NA,NA,NA,285.787
1977-06-17,15.021,NA,NA,NA,285.79
1977-06-18,15.021,NA,NA,NA,285.79
1977-06-19,15.073,NA,NA,NA,285.793
1977-06-20,15.073,NA,NA,NA,285.793
1977-06-21,14.602,NA,NA,NA,285.765
1977-06-22,14.183,NA,NA,NA,285.741
1977-06-23,14.707,NA,NA,NA,285.771
1977-06-24,15.178,NA,NA,NA,285.799
1977-06-25,15.073,NA,NA,NA,285.793
1977-06-26,14.968,NA,NA,NA,285.787
1977-06-27,14.863,NA,NA,NA,285.78
1977-06-28,14.549,NA,NA,NA,285.762
1977-06-29,14.392,NA,NA,NA,285.753
1977-06-30,14.759,NA,NA,NA,285.774
1977-07-01,15.126,NA,NA,NA,285.796
1977-07-02,13.605,NA,NA,NA,285.707
1977-07-03,14.339,NA,NA,NA,285.75
1977-07-04,14.234,NA,NA,NA,285.744
1977-07-05,14.025,NA,NA,NA,285.732
1977-07-06,14.13,NA,NA,NA,285.738
1977-07-07,14.183,NA,NA,NA,285.741
1977-07-08,14.287,NA,NA,NA,285.747
1977-07-09,14.183,NA,NA,NA,285.741
1977-07-10,14.13,NA,NA,NA,285.738
1977-07-11,13.815,NA,NA,NA,285.72
1977-07-12,13.029,NA,NA,NA,285.674
1977-07-13,12.295,NA,NA,NA,285.631
1977-07-14,12.871,NA,NA,NA,285.665
1977-07-15,13.396,NA,NA,NA,285.695
1977-07-16,13.239,NA,NA,NA,285.686
1977-07-17,13.029,NA,NA,NA,285.674
1977-07-18,12.871,NA,NA,NA,285.665
1977-07-19,12.924,NA,NA,NA,285.668
1977-07-20,12.976,NA,NA,NA,285.671
1977-07-21,12.767,NA,NA,NA,285.659
1977-07-22,12.505,NA,NA,NA,285.643
1977-07-23,12.4,NA,NA,NA,285.637
1977-07-24,12.295,NA,NA,NA,285.631
1977-07-25,12.137,NA,NA,NA,285.622
1977-07-26,11.876,NA,NA,NA,285.607
1977-07-27,11.589,NA,NA,NA,285.588
1977-07-28,11.545,NA,NA,NA,285.585
1977-07-29,11.502,NA,NA,NA,285.582
1977-07-30,11.632,NA,NA,NA,285.592
1977-07-31,11.771,NA,NA,NA,285.601
1977-08-01,11.928,NA,NA,NA,285.61
1977-08-02,12.137,NA,NA,NA,285.622
1977-08-03,12.242,NA,NA,NA,285.628
1977-08-04,12.19,NA,NA,NA,285.625
1977-08-05,12.033,NA,NA,NA,285.616
1977-08-06,11.675,NA,NA,NA,285.595
1977-08-07,11.373,NA,NA,NA,285.573
1977-08-08,11.157,NA,NA,NA,285.558
1977-08-09,11.243,NA,NA,NA,285.564
1977-08-10,11.2,NA,NA,NA,285.561
1977-08-11,10.855,NA,NA,NA,285.537
1977-08-12,10.596,NA,NA,NA,285.518
1977-08-13,10.596,NA,NA,NA,285.518
1977-08-14,10.596,NA,NA,NA,285.518
1977-08-15,10.596,NA,NA,NA,285.518
1977-08-16,10.552,NA,NA,NA,285.515
1977-08-17,10.466,NA,NA,NA,285.509
1977-08-18,10.25,NA,NA,NA,285.494
1977-08-19,10.034,NA,NA,NA,285.479
1977-08-20,10.034,NA,NA,NA,285.479
1977-08-21,9.991,NA,NA,NA,285.476
1977-08-22,9.905,NA,NA,NA,285.47
1977-08-23,9.257,NA,NA,NA,285.424
1977-08-24,8.696,NA,NA,NA,285.384
1977-08-25,8.696,NA,NA,NA,285.384
1977-08-26,8.653,NA,NA,NA,285.381
1977-08-27,8.653,NA,NA,NA,285.381
1977-08-28,8.653,NA,NA,NA,285.381
1977-08-29,8.696,NA,NA,NA,285.384
1977-08-30,9.516,NA,NA,NA,285.442
1977-08-31,10.121,NA,NA,NA,285.485
1977-09-01,9.775,NA,NA,NA,285.46
1977-09-02,9.473,NA,NA,NA,285.439
1977-09-03,9.559,NA,NA,NA,285.445
1977-09-04,9.214,NA,NA,NA,285.421
1977-09-05,8.912,NA,NA,NA,285.399
1977-09-06,9.646,NA,NA,NA,285.451
1977-09-07,9.819,NA,NA,NA,285.463
1977-09-08,9.991,NA,NA,NA,285.476
1977-09-09,10.164,NA,NA,NA,285.488
1977-09-10,9.516,NA,NA,NA,285.442
1977-09-11,8.739,NA,NA,NA,285.387
1977-09-12,8.178,NA,NA,NA,285.348
1977-09-13,8.307,NA,NA,NA,285.357
1977-09-14,8.394,NA,NA,NA,285.363
1977-09-15,7.833,NA,NA,NA,285.323
1977-09-16,7.444,NA,NA,NA,285.296
1977-09-17,7.703,NA,NA,NA,285.314
1977-09-18,7.962,NA,NA,NA,285.332
1977-09-19,8.221,NA,NA,NA,285.351
1977-09-20,7.617,NA,NA,NA,285.308
1977-09-21,7.194,NA,NA,NA,285.275
1977-09-22,7.125,NA,NA,NA,285.268
1977-09-23,7.056,NA,NA,NA,285.262
1977-09-24,7.401,NA,NA,NA,285.293
1977-09-25,7.876,NA,NA,NA,285.326
1977-09-26,8.221,NA,NA,NA,285.351
1977-09-27,8.394,NA,NA,NA,285.363
1977-09-28,8.523,NA,NA,NA,285.372
1977-09-29,8.696,NA,NA,NA,285.384
1977-09-30,8.826,NA,NA,NA,285.393
1977-10-01,8.912,NA,NA,NA,285.399
1977-10-02,9.041,NA,NA,NA,285.409
1977-10-03,9.214,NA,NA,NA,285.421
1977-10-04,10.034,NA,NA,NA,285.479
1977-10-05,10.855,NA,NA,NA,285.537
1977-10-06,10.984,NA,NA,NA,285.546
1977-10-07,11.2,NA,NA,NA,285.561
1977-10-08,11.928,NA,NA,NA,285.61
1977-10-09,12.767,NA,NA,NA,285.659
1977-10-10,13.658,NA,NA,NA,285.71
1977-10-11,14.13,NA,NA,NA,285.738
1977-10-12,13.291,NA,NA,NA,285.689
1977-10-13,12.4,NA,NA,NA,285.637
1977-10-14,11.632,NA,NA,NA,285.592
1977-10-15,11.981,NA,NA,NA,285.613
1977-10-16,12.4,NA,NA,NA,285.637
1977-10-17,12.61,NA,NA,NA,285.649
1977-10-18,12.19,NA,NA,NA,285.625
1977-10-19,11.876,NA,NA,NA,285.607
1977-10-20,12.242,NA,NA,NA,285.628
1977-10-21,12.505,NA,NA,NA,285.643
1977-10-22,12.347,NA,NA,NA,285.634
1977-10-23,12.242,NA,NA,NA,285.628
1977-10-24,12.137,NA,NA,NA,285.622
1977-10-25,12.033,NA,NA,NA,285.616
1977-10-26,12.242,NA,NA,NA,285.628
1977-10-27,12.452,NA,NA,NA,285.64
1977-10-28,12.662,NA,NA,NA,285.652
1977-10-29,13.186,NA,NA,NA,285.683
1977-10-30,13.71,NA,NA,NA,285.713
1977-10-31,14.183,NA,NA,NA,285.741
1977-11-01,14.234,NA,NA,NA,285.744
1977-11-02,14.287,NA,NA,NA,285.747
1977-11-03,13.973,NA,NA,NA,285.729
1977-11-04,13.763,NA,NA,NA,285.716
1977-11-05,14.287,NA,NA,NA,285.747
1977-11-06,14.863,NA,NA,NA,285.78
1977-11-07,15.388,NA,NA,NA,285.811
1977-11-08,15.388,NA,NA,NA,285.811
1977-11-09,15.388,NA,NA,NA,285.811
1977-11-10,15.388,NA,NA,NA,285.811
1977-11-11,15.388,NA,NA,NA,285.811
1977-11-12,15.546,NA,NA,NA,285.82
1977-11-13,15.702,NA,NA,NA,285.829
1977-11-14,15.86,NA,NA,NA,285.838
1977-11-15,15.86,NA,NA,NA,285.838
1977-11-16,15.965,NA,NA,NA,285.844
1977-11-17,16.384,NA,NA,NA,285.869
1977-11-18,16.751,NA,NA,NA,285.89
1977-11-19,16.856,NA,NA,NA,285.896
1977-11-20,16.909,NA,NA,NA,285.899
1977-11-21,16.96,NA,NA,NA,285.902
1977-11-22,17.192,NA,NA,NA,285.912
1977-11-23,17.346,NA,NA,NA,285.918
1977-11-24,17.577,NA,NA,NA,285.927
1977-11-25,17.731,NA,NA,NA,285.933
1977-11-26,17.577,NA,NA,NA,285.927
1977-11-27,17.501,NA,NA,NA,285.924
1977-11-28,17.501,NA,NA,NA,285.924
1977-11-29,17.885,NA,NA,NA,285.939
1977-11-30,18.272,NA,NA,NA,285.954
1977-12-01,18.272,NA,NA,NA,285.954
1977-12-02,18.194,NA,NA,NA,285.951
1977-12-03,17.809,NA,NA,NA,285.936
1977-12-04,17.501,NA,NA,NA,285.924
1977-12-05,17.192,NA,NA,NA,285.912
1977-12-06,17.192,NA,NA,NA,285.912
1977-12-07,17.192,NA,NA,NA,285.912
1977-12-08,17.423,NA,NA,NA,285.921
1977-12-09,17.655,NA,NA,NA,285.93
1977-12-10,17.577,NA,NA,NA,285.927
1977-12-11,17.423,NA,NA,NA,285.921
1977-12-12,17.346,NA,NA,NA,285.918
1977-12-13,17.731,NA,NA,NA,285.933
1977-12-14,18.117,NA,NA,NA,285.948
1977-12-15,18.04,NA,NA,NA,285.945
1977-12-16,17.963,NA,NA,NA,285.942
1977-12-17,17.809,NA,NA,NA,285.936
1977-12-18,17.731,NA,NA,NA,285.933
1977-12-19,17.655,NA,NA,NA,285.93
1977-12-20,17.501,NA,NA,NA,285.924
1977-12-21,17.423,NA,NA,NA,285.921
1977-12-22,17.346,NA,NA,NA,285.918
1977-12-23,17.346,NA,NA,NA,285.918
1977-12-24,17.346,NA,NA,NA,285.918
1977-12-25,17.346,NA,NA,NA,285.918
1977-12-26,17.346,NA,NA,NA,285.918
1977-12-27,17.346,NA,NA,NA,285.918
1977-12-28,17.269,NA,NA,NA,285.915
1977-12-29,17.192,NA,NA,NA,285.912
1977-12-30,17.115,NA,NA,NA,285.908
1977-12-31,17.115,NA,NA,NA,285.908
1978-01-01,17.192,NA,NA,NA,285.912
1978-01-02,17.192,NA,NA,NA,285.912
1978-01-03,17.192,NA,NA,NA,285.912
1978-01-04,17.192,NA,NA,NA,285.912
1978-01-05,17.192,NA,NA,NA,285.912
1978-01-06,17.115,NA,NA,NA,285.908
1978-01-07,16.96,NA,NA,NA,285.902
1978-01-08,16.909,NA,NA,NA,285.899
1978-01-09,16.856,NA,NA,NA,285.896
1978-01-10,16.856,NA,NA,NA,285.896
1978-01-11,16.909,NA,NA,NA,285.899
1978-01-12,16.909,NA,NA,NA,285.899
1978-01-13,16.96,NA,NA,NA,285.902
1978-01-14,16.96,NA,NA,NA,285.902
1978-01-15,16.96,NA,NA,NA,285.902
1978-01-16,16.96,NA,NA,NA,285.902
1978-01-17,16.909,NA,NA,NA,285.899
1978-01-18,16.909,NA,NA,NA,285.899
1978-01-19,16.856,NA,NA,NA,285.896
1978-01-20,16.856,NA,NA,NA,285.896
1978-01-21,16.804,NA,NA,NA,285.893
1978-01-22,16.804,NA,NA,NA,285.893
1978-01-23,16.751,NA,NA,NA,285.89
1978-01-24,16.751,NA,NA,NA,285.89
1978-01-25,16.751,NA,NA,NA,285.89
1978-01-26,16.751,NA,NA,NA,285.89
1978-01-27,16.751,NA,NA,NA,285.89
1978-01-28,16.699,NA,NA,NA,285.887
1978-01-29,16.646,NA,NA,NA,285.884
1978-01-30,16.594,NA,NA,NA,285.881
1978-01-31,16.541,NA,NA,NA,285.878
1978-02-01,16.436,NA,NA,NA,285.872
1978-02-02,16.279,NA,NA,NA,285.863
1978-02-03,16.175,NA,NA,NA,285.857
1978-02-04,16.017,NA,NA,NA,285.848
1978-02-05,15.912,NA,NA,NA,285.841
1978-02-06,15.807,NA,NA,NA,285.835
1978-02-07,15.65,NA,NA,NA,285.826
1978-02-08,15.597,NA,NA,NA,285.823
1978-02-09,15.493,NA,NA,NA,285.817
1978-02-10,15.441,NA,NA,NA,285.814
1978-02-11,15.493,NA,NA,NA,285.817
1978-02-12,15.493,NA,NA,NA,285.817
1978-02-13,15.546,NA,NA,NA,285.82
1978-02-14,15.597,NA,NA,NA,285.823
1978-02-15,15.546,NA,NA,NA,285.82
1978-02-16,15.493,NA,NA,NA,285.817
1978-02-17,15.493,NA,NA,NA,285.817
1978-02-18,15.441,NA,NA,NA,285.814
1978-02-19,15.441,NA,NA,NA,285.814
1978-02-20,15.388,NA,NA,NA,285.811
1978-02-21,15.388,NA,NA,NA,285.811
1978-02-22,15.388,NA,NA,NA,285.811
1978-02-23,15.388,NA,NA,NA,285.811
1978-02-24,15.388,NA,NA,NA,285.811
1978-02-25,15.388,NA,NA,NA,285.811
1978-02-26,15.388,NA,NA,NA,285.811
1978-02-27,15.388,NA,NA,NA,285.811
1978-02-28,15.388,NA,NA,NA,285.811
1978-03-01,15.388,NA,NA,NA,285.811
1978-03-02,15.388,NA,NA,NA,285.811
1978-03-03,15.388,NA,NA,NA,285.811
1978-03-04,15.283,NA,NA,NA,285.805
1978-03-05,15.231,NA,NA,NA,285.802
1978-03-06,15.126,NA,NA,NA,285.796
1978-03-07,15.073,NA,NA,NA,285.793
1978-03-08,15.073,NA,NA,NA,285.793
1978-03-09,15.073,NA,NA,NA,285.793
1978-03-10,15.073,NA,NA,NA,285.793
1978-03-11,15.021,NA,NA,NA,285.79
1978-03-12,14.968,NA,NA,NA,285.787
1978-03-13,14.916,NA,NA,NA,285.784
1978-03-14,14.968,NA,NA,NA,285.787
1978-03-15,15.021,NA,NA,NA,285.79
1978-03-16,15.126,NA,NA,NA,285.796
1978-03-17,15.021,NA,NA,NA,285.79
1978-03-18,15.441,NA,NA,NA,285.814
1978-03-19,16.07,NA,NA,NA,285.851
1978-03-20,16.96,NA,NA,NA,285.902
1978-03-21,19.427,NA,NA,NA,286
1978-03-22,21.586,NA,NA,NA,286.085
1978-03-23,23.899,NA,NA,NA,286.177
1978-03-24,26.637,NA,NA,NA,286.274
1978-03-25,28.962,NA,NA,NA,286.354
1978-03-26,30.751,NA,NA,NA,286.414
1978-03-27,33.166,NA,NA,NA,286.497
1978-03-28,34.856,NA,NA,NA,286.552
1978-03-29,36.959,NA,NA,NA,286.619
1978-03-30,40.018,NA,NA,NA,286.716
1978-03-31,43.505,NA,NA,NA,286.826
1978-04-01,46.502,NA,NA,NA,286.908
1978-04-02,48.167,NA,NA,NA,286.954
1978-04-03,50.388,NA,NA,NA,287.015
1978-04-04,51.498,NA,NA,NA,287.045
1978-04-05,51.498,NA,NA,NA,287.045
1978-04-06,52.275,NA,NA,NA,287.067
1978-04-07,50.943,NA,NA,NA,287.03
1978-04-08,49.833,NA,NA,NA,287
1978-04-09,50.388,NA,NA,NA,287.015
1978-04-10,50.277,NA,NA,NA,287.012
1978-04-11,49.833,NA,NA,NA,287
1978-04-12,45.17,NA,NA,NA,286.872
1978-04-13,48.611,NA,NA,NA,286.966
1978-04-14,47.723,NA,NA,NA,286.942
1978-04-15,46.391,NA,NA,NA,286.905
1978-04-16,45.059,NA,NA,NA,286.869
1978-04-17,44.06,NA,NA,NA,286.841
1978-04-18,44.06,NA,NA,NA,286.841
1978-04-19,44.504,NA,NA,NA,286.853
1978-04-20,46.391,NA,NA,NA,286.905
1978-04-21,42.789,NA,NA,NA,286.805
1978-04-22,42.789,NA,NA,NA,286.805
1978-04-23,42.694,NA,NA,NA,286.802
1978-04-24,42.407,NA,NA,NA,286.792
1978-04-25,41.451,NA,NA,NA,286.762
1978-04-26,40.591,NA,NA,NA,286.735
1978-04-27,40.304,NA,NA,NA,286.725
1978-04-28,40.113,NA,NA,NA,286.719
1978-04-29,40.018,NA,NA,NA,286.716
1978-04-30,39.827,NA,NA,NA,286.71
1978-05-01,39.827,NA,NA,NA,286.71
1978-05-02,39.635,NA,NA,NA,286.704
1978-05-03,38.488,NA,NA,NA,286.667
1978-05-04,37.915,NA,NA,NA,286.649
1978-05-05,37.341,NA,NA,NA,286.631
1978-05-06,37.054,NA,NA,NA,286.622
1978-05-07,36.863,NA,NA,NA,286.616
1978-05-08,36.385,NA,NA,NA,286.6
1978-05-09,34.186,NA,NA,NA,286.53
1978-05-10,32.181,NA,NA,NA,286.463
1978-05-11,31.645,NA,NA,NA,286.445
1978-05-12,31.108,NA,NA,NA,286.427
1978-05-13,30.572,NA,NA,NA,286.408
1978-05-14,29.946,NA,NA,NA,286.387
1978-05-15,29.41,NA,NA,NA,286.369
1978-05-16,28.604,NA,NA,NA,286.341
1978-05-17,27.8,NA,NA,NA,286.314
1978-05-18,27.264,NA,NA,NA,286.296
1978-05-19,26.727,NA,NA,NA,286.277
1978-05-20,25.922,NA,NA,NA,286.25
1978-05-21,25.027,NA,NA,NA,286.219
1978-05-22,24.207,NA,NA,NA,286.189
1978-05-23,23.59,NA,NA,NA,286.165
1978-05-24,22.974,NA,NA,NA,286.14
1978-05-25,23.36,NA,NA,NA,286.155
1978-05-26,24.053,NA,NA,NA,286.183
1978-05-27,24.285,NA,NA,NA,286.192
1978-05-28,23.514,NA,NA,NA,286.161
1978-05-29,24.67,NA,NA,NA,286.207
1978-05-30,24.593,NA,NA,NA,286.204
1978-05-31,24.439,NA,NA,NA,286.198
1978-06-01,24.285,NA,NA,NA,286.192
1978-06-02,24.131,NA,NA,NA,286.186
1978-06-03,24.285,NA,NA,NA,286.192
1978-06-04,24.439,NA,NA,NA,286.198
1978-06-05,24.593,NA,NA,NA,286.204
1978-06-06,24.76,NA,NA,NA,286.21
1978-06-07,24.76,NA,NA,NA,286.21
1978-06-08,23.976,NA,NA,NA,286.18
1978-06-09,23.36,NA,NA,NA,286.155
1978-06-10,23.128,NA,NA,NA,286.146
1978-06-11,22.897,NA,NA,NA,286.137
1978-06-12,22.665,NA,NA,NA,286.128
1978-06-13,22.435,NA,NA,NA,286.119
1978-06-14,22.203,NA,NA,NA,286.11
1978-06-15,21.972,NA,NA,NA,286.101
1978-06-16,21.74,NA,NA,NA,286.091
1978-06-17,21.509,NA,NA,NA,286.082
1978-06-18,21.278,NA,NA,NA,286.073
1978-06-19,21.123,NA,NA,NA,286.067
1978-06-20,20.969,NA,NA,NA,286.061
1978-06-21,20.815,NA,NA,NA,286.055
1978-06-22,20.661,NA,NA,NA,286.049
1978-06-23,20.815,NA,NA,NA,286.055
1978-06-24,21.972,NA,NA,NA,286.101
1978-06-25,23.128,NA,NA,NA,286.146
1978-06-26,24.285,NA,NA,NA,286.192
1978-06-27,23.051,NA,NA,NA,286.143
1978-06-28,21.972,NA,NA,NA,286.101
1978-06-29,21.894,NA,NA,NA,286.097
1978-06-30,21.818,NA,NA,NA,286.094
1978-07-01,22.511,NA,NA,NA,286.122
1978-07-02,22.743,NA,NA,NA,286.131
1978-07-03,22.974,NA,NA,NA,286.14
1978-07-04,22.819,NA,NA,NA,286.134
1978-07-05,23.128,NA,NA,NA,286.146
1978-07-06,23.59,NA,NA,NA,286.165
1978-07-07,23.899,NA,NA,NA,286.177
1978-07-08,23.744,NA,NA,NA,286.171
1978-07-09,23.59,NA,NA,NA,286.165
1978-07-10,23.514,NA,NA,NA,286.161
1978-07-11,23.436,NA,NA,NA,286.158
1978-07-12,23.36,NA,NA,NA,286.155
1978-07-13,23.822,NA,NA,NA,286.174
1978-07-14,24.285,NA,NA,NA,286.192
1978-07-15,24.67,NA,NA,NA,286.207
1978-07-16,25.117,NA,NA,NA,286.222
1978-07-17,25.475,NA,NA,NA,286.235
1978-07-18,25.296,NA,NA,NA,286.229
1978-07-19,25.117,NA,NA,NA,286.222
1978-07-20,25.564,NA,NA,NA,286.238
1978-07-21,25.922,NA,NA,NA,286.25
1978-07-22,25.833,NA,NA,NA,286.247
1978-07-23,25.654,NA,NA,NA,286.241
1978-07-24,25.564,NA,NA,NA,286.238
1978-07-25,25.743,NA,NA,NA,286.244
1978-07-26,25.922,NA,NA,NA,286.25
1978-07-27,24.515,NA,NA,NA,286.201
1978-07-28,23.514,NA,NA,NA,286.161
1978-07-29,23.436,NA,NA,NA,286.158
1978-07-30,23.36,NA,NA,NA,286.155
1978-07-31,23.282,NA,NA,NA,286.152
1978-08-01,23.205,NA,NA,NA,286.149
1978-08-02,23.051,NA,NA,NA,286.143
1978-08-03,22.511,NA,NA,NA,286.122
1978-08-04,21.972,NA,NA,NA,286.101
1978-08-05,21.664,NA,NA,NA,286.088
1978-08-06,21.355,NA,NA,NA,286.076
1978-08-07,21.047,NA,NA,NA,286.064
1978-08-08,20.815,NA,NA,NA,286.055
1978-08-09,20.584,NA,NA,NA,286.046
1978-08-10,19.89,NA,NA,NA,286.018
1978-08-11,19.197,NA,NA,NA,285.991
1978-08-12,19.351,NA,NA,NA,285.997
1978-08-13,19.505,NA,NA,NA,286.003
1978-08-14,19.581,NA,NA,NA,286.006
1978-08-15,19.581,NA,NA,NA,286.006
1978-08-16,19.659,NA,NA,NA,286.009
1978-08-17,20.276,NA,NA,NA,286.033
1978-08-18,20.738,NA,NA,NA,286.052
1978-08-19,19.581,NA,NA,NA,286.006
1978-08-20,18.426,NA,NA,NA,285.96
1978-08-21,17.346,NA,NA,NA,285.918
1978-08-22,17.346,NA,NA,NA,285.918
1978-08-23,17.346,NA,NA,NA,285.918
1978-08-24,17.423,NA,NA,NA,285.921
1978-08-25,17.577,NA,NA,NA,285.927
1978-08-26,18.04,NA,NA,NA,285.945
1978-08-27,18.426,NA,NA,NA,285.96
1978-08-28,18.888,NA,NA,NA,285.979
1978-08-29,18.117,NA,NA,NA,285.948
1978-08-30,17.423,NA,NA,NA,285.921
1978-08-31,17.192,NA,NA,NA,285.912
1978-09-01,16.96,NA,NA,NA,285.902
1978-09-02,16.856,NA,NA,NA,285.896
1978-09-03,16.856,NA,NA,NA,285.896
1978-09-04,16.699,NA,NA,NA,285.887
1978-09-05,16.96,NA,NA,NA,285.902
1978-09-06,16.804,NA,NA,NA,285.893
1978-09-07,16.594,NA,NA,NA,285.881
1978-09-08,16.436,NA,NA,NA,285.872
1978-09-09,16.331,NA,NA,NA,285.866
1978-09-10,16.226,NA,NA,NA,285.86
1978-09-11,16.175,NA,NA,NA,285.857
1978-09-12,16.175,NA,NA,NA,285.857
1978-09-13,16.175,NA,NA,NA,285.857
1978-09-14,16.699,NA,NA,NA,285.887
1978-09-15,16.96,NA,NA,NA,285.902
1978-09-16,16.751,NA,NA,NA,285.89
1978-09-17,16.489,NA,NA,NA,285.875
1978-09-18,16.331,NA,NA,NA,285.866
1978-09-19,16.699,NA,NA,NA,285.887
1978-09-20,16.699,NA,NA,NA,285.887
1978-09-21,16.646,NA,NA,NA,285.884
1978-09-22,16.594,NA,NA,NA,285.881
1978-09-23,16.436,NA,NA,NA,285.872
1978-09-24,16.279,NA,NA,NA,285.863
1978-09-25,16.175,NA,NA,NA,285.857
1978-09-26,16.331,NA,NA,NA,285.866
1978-09-27,16.436,NA,NA,NA,285.872
1978-09-28,16.856,NA,NA,NA,285.896
1978-09-29,17.346,NA,NA,NA,285.918
1978-09-30,17.346,NA,NA,NA,285.918
1978-10-01,17.346,NA,NA,NA,285.918
1978-10-02,17.346,NA,NA,NA,285.918
1978-10-03,16.541,NA,NA,NA,285.878
1978-10-04,16.017,NA,NA,NA,285.848
1978-10-05,16.226,NA,NA,NA,285.86
1978-10-06,16.436,NA,NA,NA,285.872
1978-10-07,16.331,NA,NA,NA,285.866
1978-10-08,16.226,NA,NA,NA,285.86
1978-10-09,16.175,NA,NA,NA,285.857
1978-10-10,16.07,NA,NA,NA,285.851
1978-10-11,16.017,NA,NA,NA,285.848
1978-10-12,15.965,NA,NA,NA,285.844
1978-10-13,15.912,NA,NA,NA,285.841
1978-10-14,15.86,NA,NA,NA,285.838
1978-10-15,15.807,NA,NA,NA,285.835
1978-10-16,15.807,NA,NA,NA,285.835
1978-10-17,15.86,NA,NA,NA,285.838
1978-10-18,15.912,NA,NA,NA,285.841
1978-10-19,15.912,NA,NA,NA,285.841
1978-10-20,15.912,NA,NA,NA,285.841
1978-10-21,15.86,NA,NA,NA,285.838
1978-10-22,15.807,NA,NA,NA,285.835
1978-10-23,15.807,NA,NA,NA,285.835
1978-10-24,16.017,NA,NA,NA,285.848
1978-10-25,16.175,NA,NA,NA,285.857
1978-10-26,16.331,NA,NA,NA,285.866
1978-10-27,16.436,NA,NA,NA,285.872
1978-10-28,16.226,NA,NA,NA,285.86
1978-10-29,16.017,NA,NA,NA,285.848
1978-10-30,15.86,NA,NA,NA,285.838
1978-10-31,15.702,NA,NA,NA,285.829
1978-11-01,15.912,NA,NA,NA,285.841
1978-11-02,15.912,NA,NA,NA,285.841
1978-11-03,15.912,NA,NA,NA,285.841
1978-11-04,15.912,NA,NA,NA,285.841
1978-11-05,15.912,NA,NA,NA,285.841
1978-11-06,15.912,NA,NA,NA,285.841
1978-11-07,16.07,NA,NA,NA,285.851
1978-11-08,16.175,NA,NA,NA,285.857
1978-11-09,16.331,NA,NA,NA,285.866
1978-11-10,16.489,NA,NA,NA,285.875
1978-11-11,16.646,NA,NA,NA,285.884
1978-11-12,16.804,NA,NA,NA,285.893
1978-11-13,16.96,NA,NA,NA,285.902
1978-11-14,16.856,NA,NA,NA,285.896
1978-11-15,16.804,NA,NA,NA,285.893
1978-11-16,16.804,NA,NA,NA,285.893
1978-11-17,16.856,NA,NA,NA,285.896
1978-11-18,16.751,NA,NA,NA,285.89
1978-11-19,16.646,NA,NA,NA,285.884
1978-11-20,16.541,NA,NA,NA,285.878
1978-11-21,16.489,NA,NA,NA,285.875
1978-11-22,16.489,NA,NA,NA,285.875
1978-11-23,16.436,NA,NA,NA,285.872
1978-11-24,16.436,NA,NA,NA,285.872
1978-11-25,16.489,NA,NA,NA,285.875
1978-11-26,16.594,NA,NA,NA,285.881
1978-11-27,16.646,NA,NA,NA,285.884
1978-11-28,16.646,NA,NA,NA,285.884
1978-11-29,16.594,NA,NA,NA,285.881
1978-11-30,16.594,NA,NA,NA,285.881
1978-12-01,16.594,NA,NA,NA,285.881
1978-12-02,16.541,NA,NA,NA,285.878
1978-12-03,16.489,NA,NA,NA,285.875
1978-12-04,16.436,NA,NA,NA,285.872
1978-12-05,16.175,NA,NA,NA,285.857
1978-12-06,16.175,NA,NA,NA,285.857
1978-12-07,16.122,NA,NA,NA,285.854
1978-12-08,16.122,NA,NA,NA,285.854
1978-12-09,16.226,NA,NA,NA,285.86
1978-12-10,16.331,NA,NA,NA,285.866
1978-12-11,16.436,NA,NA,NA,285.872
1978-12-12,16.541,NA,NA,NA,285.878
1978-12-13,16.489,NA,NA,NA,285.875
1978-12-14,16.489,NA,NA,NA,285.875
1978-12-15,16.436,NA,NA,NA,285.872
1978-12-16,16.436,NA,NA,NA,285.872
1978-12-17,16.436,NA,NA,NA,285.872
1978-12-18,16.436,NA,NA,NA,285.872
1978-12-19,16.436,NA,NA,NA,285.872
1978-12-20,16.489,NA,NA,NA,285.875
1978-12-21,16.594,NA,NA,NA,285.881
1978-12-22,16.594,NA,NA,NA,285.881
1978-12-23,16.594,NA,NA,NA,285.881
1978-12-24,16.594,NA,NA,NA,285.881
1978-12-25,16.594,NA,NA,NA,285.881
1978-12-26,16.594,NA,NA,NA,285.881
1978-12-27,16.541,NA,NA,NA,285.878
1978-12-28,16.489,NA,NA,NA,285.875
1978-12-29,16.436,NA,NA,NA,285.872
1978-12-30,16.436,NA,NA,NA,285.872
1978-12-31,16.436,NA,NA,NA,285.872
1979-01-01,16.436,NA,NA,NA,285.872
1979-01-02,16.436,NA,NA,NA,285.872
1979-01-03,16.384,NA,NA,NA,285.869
1979-01-04,16.331,NA,NA,NA,285.866
1979-01-05,16.279,NA,NA,NA,285.863
1979-01-06,16.226,NA,NA,NA,285.86
1979-01-07,16.226,NA,NA,NA,285.86
1979-01-08,16.175,NA,NA,NA,285.857
1979-01-09,16.175,NA,NA,NA,285.857
1979-01-10,16.175,NA,NA,NA,285.857
1979-01-11,16.175,NA,NA,NA,285.857
1979-01-12,16.175,NA,NA,NA,285.857
1979-01-13,16.07,NA,NA,NA,285.851
1979-01-14,16.017,NA,NA,NA,285.848
1979-01-15,15.912,NA,NA,NA,285.841
1979-01-16,15.86,NA,NA,NA,285.838
1979-01-17,15.807,NA,NA,NA,285.835
1979-01-18,15.755,NA,NA,NA,285.832
1979-01-19,15.702,NA,NA,NA,285.829
1979-01-20,15.702,NA,NA,NA,285.829
1979-01-21,15.702,NA,NA,NA,285.829
1979-01-22,15.702,NA,NA,NA,285.829
1979-01-23,15.702,NA,NA,NA,285.829
1979-01-24,15.702,NA,NA,NA,285.829
1979-01-25,15.702,NA,NA,NA,285.829
1979-01-26,15.755,NA,NA,NA,285.832
1979-01-27,15.755,NA,NA,NA,285.832
1979-01-28,15.755,NA,NA,NA,285.832
1979-01-29,15.755,NA,NA,NA,285.832
1979-01-30,15.755,NA,NA,NA,285.832
1979-01-31,15.597,NA,NA,NA,285.823
1979-02-01,15.493,NA,NA,NA,285.817
1979-02-02,15.336,NA,NA,NA,285.808
1979-02-03,15.178,NA,NA,NA,285.799
1979-02-04,14.968,NA,NA,NA,285.787
1979-02-05,14.863,NA,NA,NA,285.78
1979-02-06,14.916,NA,NA,NA,285.784
1979-02-07,14.968,NA,NA,NA,285.787
1979-02-08,15.021,NA,NA,NA,285.79
1979-02-09,15.126,NA,NA,NA,285.796
1979-02-10,15.126,NA,NA,NA,285.796
1979-02-11,15.178,NA,NA,NA,285.799
1979-02-12,15.178,NA,NA,NA,285.799
1979-02-13,15.231,NA,NA,NA,285.802
1979-02-14,15.178,NA,NA,NA,285.799
1979-02-15,15.126,NA,NA,NA,285.796
1979-02-16,15.073,NA,NA,NA,285.793
1979-02-17,15.073,NA,NA,NA,285.793
1979-02-18,15.021,NA,NA,NA,285.79
1979-02-19,15.021,NA,NA,NA,285.79
1979-02-20,15.021,NA,NA,NA,285.79
1979-02-21,15.021,NA,NA,NA,285.79
1979-02-22,15.073,NA,NA,NA,285.793
1979-02-23,15.126,NA,NA,NA,285.796
1979-02-24,15.126,NA,NA,NA,285.796
1979-02-25,15.178,NA,NA,NA,285.799
1979-02-26,15.178,NA,NA,NA,285.799
1979-02-27,15.126,NA,NA,NA,285.796
1979-02-28,15.073,NA,NA,NA,285.793
1979-03-01,15.073,NA,NA,NA,285.793
1979-03-02,15.126,NA,NA,NA,285.796
1979-03-03,15.178,NA,NA,NA,285.799
1979-03-04,15.283,NA,NA,NA,285.805
1979-03-05,15.336,NA,NA,NA,285.808
1979-03-06,15.441,NA,NA,NA,285.814
1979-03-07,15.283,NA,NA,NA,285.805
1979-03-08,15.178,NA,NA,NA,285.799
1979-03-09,15.126,NA,NA,NA,285.796
1979-03-10,15.126,NA,NA,NA,285.796
1979-03-11,15.073,NA,NA,NA,285.793
1979-03-12,15.073,NA,NA,NA,285.793
1979-03-13,15.073,NA,NA,NA,285.793
1979-03-14,15.126,NA,NA,NA,285.796
1979-03-15,15.178,NA,NA,NA,285.799
1979-03-16,15.283,NA,NA,NA,285.805
1979-03-17,15.441,NA,NA,NA,285.814
1979-03-18,15.597,NA,NA,NA,285.823
1979-03-19,15.755,NA,NA,NA,285.832
1979-03-20,15.86,NA,NA,NA,285.838
1979-03-21,16.07,NA,NA,NA,285.851
1979-03-22,16.541,NA,NA,NA,285.878
1979-03-23,16.909,NA,NA,NA,285.899
1979-03-24,17.885,NA,NA,NA,285.939
1979-03-25,18.888,NA,NA,NA,285.979
1979-03-26,19.89,NA,NA,NA,286.018
1979-03-27,20.661,NA,NA,NA,286.049
1979-03-28,21.278,NA,NA,NA,286.073
1979-03-29,21.818,NA,NA,NA,286.094
1979-03-30,22.28,NA,NA,NA,286.113
1979-03-31,22.819,NA,NA,NA,286.134
1979-04-01,23.36,NA,NA,NA,286.155
1979-04-02,23.899,NA,NA,NA,286.177
1979-04-03,24.67,NA,NA,NA,286.207
1979-04-04,27.352,NA,NA,NA,286.299
1979-04-05,30.93,NA,NA,NA,286.421
1979-04-06,32.003,NA,NA,NA,286.457
1979-04-07,32.36,NA,NA,NA,286.469
1979-04-08,32.718,NA,NA,NA,286.482
1979-04-09,33.255,NA,NA,NA,286.5
1979-04-10,33.612,NA,NA,NA,286.512
1979-04-11,34.377,NA,NA,NA,286.536
1979-04-12,36.48,NA,NA,NA,286.603
1979-04-13,38.392,NA,NA,NA,286.664
1979-04-14,41.738,NA,NA,NA,286.771
1979-04-15,45.947,NA,NA,NA,286.893
1979-04-16,49.278,NA,NA,NA,286.984
1979-04-17,48.167,NA,NA,NA,286.954
1979-04-18,49.833,NA,NA,NA,287
1979-04-19,49.389,NA,NA,NA,286.987
1979-04-20,49.833,NA,NA,NA,287
1979-04-21,49.278,NA,NA,NA,286.984
1979-04-22,49.833,NA,NA,NA,287
1979-04-23,49.278,NA,NA,NA,286.984
1979-04-24,49.278,NA,NA,NA,286.984
1979-04-25,49.833,NA,NA,NA,287
1979-04-26,48.278,NA,NA,NA,286.957
1979-04-27,47.39,NA,NA,NA,286.933
1979-04-28,46.613,NA,NA,NA,286.911
1979-04-29,45.947,NA,NA,NA,286.893
1979-04-30,45.392,NA,NA,NA,286.878
1979-05-01,44.06,NA,NA,NA,286.841
1979-05-02,45.17,NA,NA,NA,286.872
1979-05-03,45.392,NA,NA,NA,286.878
1979-05-04,42.407,NA,NA,NA,286.792
1979-05-05,41.738,NA,NA,NA,286.771
1979-05-06,40.974,NA,NA,NA,286.747
1979-05-07,40.304,NA,NA,NA,286.725
1979-05-08,39.348,NA,NA,NA,286.695
1979-05-09,39.253,NA,NA,NA,286.692
1979-05-10,39.348,NA,NA,NA,286.695
1979-05-11,40.304,NA,NA,NA,286.725
1979-05-12,38.488,NA,NA,NA,286.667
1979-05-13,36.959,NA,NA,NA,286.619
1979-05-14,37.436,NA,NA,NA,286.634
1979-05-15,35.524,NA,NA,NA,286.573
1979-05-16,34.568,NA,NA,NA,286.542
1979-05-17,34.091,NA,NA,NA,286.527
1979-05-18,33.433,NA,NA,NA,286.506
1979-05-19,32.539,NA,NA,NA,286.475
1979-05-20,31.556,NA,NA,NA,286.442
1979-05-21,30.751,NA,NA,NA,286.414
1979-05-22,30.304,NA,NA,NA,286.399
1979-05-23,29.856,NA,NA,NA,286.384
1979-05-24,29.141,NA,NA,NA,286.36
1979-05-25,28.426,NA,NA,NA,286.335
1979-05-26,28.247,NA,NA,NA,286.329
1979-05-27,28.247,NA,NA,NA,286.329
1979-05-28,27.352,NA,NA,NA,286.299
1979-05-29,26.727,NA,NA,NA,286.277
1979-05-30,26.012,NA,NA,NA,286.253
1979-05-31,25.206,NA,NA,NA,286.225
1979-06-01,24.515,NA,NA,NA,286.201
1979-06-02,24.131,NA,NA,NA,286.186
1979-06-03,23.744,NA,NA,NA,286.171
1979-06-04,23.36,NA,NA,NA,286.155
1979-06-05,22.897,NA,NA,NA,286.137
1979-06-06,22.511,NA,NA,NA,286.122
1979-06-07,21.972,NA,NA,NA,286.101
1979-06-08,21.509,NA,NA,NA,286.082
1979-06-09,21.123,NA,NA,NA,286.067
1979-06-10,20.661,NA,NA,NA,286.049
1979-06-11,20.276,NA,NA,NA,286.033
1979-06-12,19.968,NA,NA,NA,286.021
1979-06-13,19.659,NA,NA,NA,286.009
1979-06-14,19.813,NA,NA,NA,286.015
1979-06-15,19.89,NA,NA,NA,286.018
1979-06-16,19.736,NA,NA,NA,286.012
1979-06-17,19.581,NA,NA,NA,286.006
1979-06-18,19.659,NA,NA,NA,286.009
1979-06-19,19.505,NA,NA,NA,286.003
1979-06-20,21.972,NA,NA,NA,286.101
1979-06-21,23.514,NA,NA,NA,286.161
1979-06-22,24.67,NA,NA,NA,286.207
1979-06-23,26.279,NA,NA,NA,286.262
1979-06-24,28.516,NA,NA,NA,286.338
1979-06-25,30.483,NA,NA,NA,286.405
1979-06-26,31.645,NA,NA,NA,286.445
1979-06-27,32.808,NA,NA,NA,286.485
1979-06-28,34.473,NA,NA,NA,286.539
1979-06-29,36.098,NA,NA,NA,286.591
1979-06-30,36.098,NA,NA,NA,286.591
1979-07-01,36.194,NA,NA,NA,286.594
1979-07-02,36.194,NA,NA,NA,286.594
1979-07-03,35.715,NA,NA,NA,286.579
1979-07-04,35.524,NA,NA,NA,286.573
1979-07-05,34.377,NA,NA,NA,286.536
1979-07-06,33.524,NA,NA,NA,286.509
1979-07-07,32.808,NA,NA,NA,286.485
1979-07-08,32.093,NA,NA,NA,286.46
1979-07-09,31.287,NA,NA,NA,286.433
1979-07-10,30.572,NA,NA,NA,286.408
1979-07-11,29.856,NA,NA,NA,286.384
1979-07-12,29.41,NA,NA,NA,286.369
1979-07-13,28.962,NA,NA,NA,286.354
1979-07-14,28.426,NA,NA,NA,286.335
1979-07-15,27.8,NA,NA,NA,286.314
1979-07-16,27.264,NA,NA,NA,286.296
1979-07-17,26.816,NA,NA,NA,286.28
1979-07-18,26.369,NA,NA,NA,286.265
1979-07-19,25.654,NA,NA,NA,286.241
1979-07-20,24.848,NA,NA,NA,286.213
1979-07-21,23.744,NA,NA,NA,286.171
1979-07-22,22.665,NA,NA,NA,286.128
1979-07-23,21.586,NA,NA,NA,286.085
1979-07-24,23.899,NA,NA,NA,286.177
1979-07-25,23.128,NA,NA,NA,286.146
1979-07-26,22.743,NA,NA,NA,286.131
1979-07-27,22.357,NA,NA,NA,286.116
1979-07-28,22.203,NA,NA,NA,286.11
1979-07-29,22.048,NA,NA,NA,286.104
1979-07-30,21.818,NA,NA,NA,286.094
1979-07-31,20.815,NA,NA,NA,286.055
1979-08-01,20.044,NA,NA,NA,286.024
1979-08-02,20.044,NA,NA,NA,286.024
1979-08-03,19.505,NA,NA,NA,286.003
1979-08-04,19.119,NA,NA,NA,285.988
1979-08-05,18.734,NA,NA,NA,285.973
1979-08-06,18.426,NA,NA,NA,285.96
1979-08-07,18.965,NA,NA,NA,285.982
1979-08-08,19.427,NA,NA,NA,286
1979-08-09,19.736,NA,NA,NA,286.012
1979-08-10,19.968,NA,NA,NA,286.021
1979-08-11,20.276,NA,NA,NA,286.033
1979-08-12,20.584,NA,NA,NA,286.046
1979-08-13,20.815,NA,NA,NA,286.055
1979-08-14,20.43,NA,NA,NA,286.04
1979-08-15,19.968,NA,NA,NA,286.021
1979-08-16,19.968,NA,NA,NA,286.021
1979-08-17,20.044,NA,NA,NA,286.024
1979-08-18,19.968,NA,NA,NA,286.021
1979-08-19,19.813,NA,NA,NA,286.015
1979-08-20,19.736,NA,NA,NA,286.012
1979-08-21,19.89,NA,NA,NA,286.018
1979-08-22,19.968,NA,NA,NA,286.021
1979-08-23,19.968,NA,NA,NA,286.021
1979-08-24,19.89,NA,NA,NA,286.018
1979-08-25,19.505,NA,NA,NA,286.003
1979-08-26,19.119,NA,NA,NA,285.988
1979-08-27,18.734,NA,NA,NA,285.973
1979-08-28,18.734,NA,NA,NA,285.973
1979-08-29,18.811,NA,NA,NA,285.976
1979-08-30,18.656,NA,NA,NA,285.969
1979-08-31,18.502,NA,NA,NA,285.963
1979-09-01,18.656,NA,NA,NA,285.969
1979-09-02,18.888,NA,NA,NA,285.979
1979-09-03,17.269,NA,NA,NA,285.915
1979-09-04,17.655,NA,NA,NA,285.93
1979-09-05,17.655,NA,NA,NA,285.93
1979-09-06,17.655,NA,NA,NA,285.93
1979-09-07,17.655,NA,NA,NA,285.93
1979-09-08,17.423,NA,NA,NA,285.921
1979-09-09,17.192,NA,NA,NA,285.912
1979-09-10,16.96,NA,NA,NA,285.902
1979-09-11,17.346,NA,NA,NA,285.918
1979-09-12,17.731,NA,NA,NA,285.933
1979-09-13,17.963,NA,NA,NA,285.942
1979-09-14,18.04,NA,NA,NA,285.945
1979-09-15,17.809,NA,NA,NA,285.936
1979-09-16,17.577,NA,NA,NA,285.927
1979-09-17,17.269,NA,NA,NA,285.915
1979-09-18,16.909,NA,NA,NA,285.899
1979-09-19,16.699,NA,NA,NA,285.887
1979-09-20,16.594,NA,NA,NA,285.881
1979-09-21,16.489,NA,NA,NA,285.875
1979-09-22,16.489,NA,NA,NA,285.875
1979-09-23,16.436,NA,NA,NA,285.872
1979-09-24,16.436,NA,NA,NA,285.872
1979-09-25,16.384,NA,NA,NA,285.869
1979-09-26,16.384,NA,NA,NA,285.869
1979-09-27,16.699,NA,NA,NA,285.887
1979-09-28,16.96,NA,NA,NA,285.902
1979-09-29,17.038,NA,NA,NA,285.905
1979-09-30,17.192,NA,NA,NA,285.912
1979-10-01,17.269,NA,NA,NA,285.915
1979-10-02,16.909,NA,NA,NA,285.899
1979-10-03,16.594,NA,NA,NA,285.881
1979-10-04,16.541,NA,NA,NA,285.878
1979-10-05,16.122,NA,NA,NA,285.854
1979-10-06,16.122,NA,NA,NA,285.854
1979-10-07,16.122,NA,NA,NA,285.854
1979-10-08,16.122,NA,NA,NA,285.854
1979-10-09,16.175,NA,NA,NA,285.857
1979-10-10,16.646,NA,NA,NA,285.884
1979-10-11,17.192,NA,NA,NA,285.912
1979-10-12,17.731,NA,NA,NA,285.933
1979-10-13,16.804,NA,NA,NA,285.893
1979-10-14,16.07,NA,NA,NA,285.851
1979-10-15,15.493,NA,NA,NA,285.817
1979-10-16,15.546,NA,NA,NA,285.82
1979-10-17,15.65,NA,NA,NA,285.826
1979-10-18,15.912,NA,NA,NA,285.841
1979-10-19,16.175,NA,NA,NA,285.857
1979-10-20,16.699,NA,NA,NA,285.887
1979-10-21,17.346,NA,NA,NA,285.918
1979-10-22,17.809,NA,NA,NA,285.936
1979-10-23,16.856,NA,NA,NA,285.896
1979-10-24,16.175,NA,NA,NA,285.857
1979-10-25,15.702,NA,NA,NA,285.829
1979-10-26,15.336,NA,NA,NA,285.808
1979-10-27,15.86,NA,NA,NA,285.838
1979-10-28,16.436,NA,NA,NA,285.872
1979-10-29,16.96,NA,NA,NA,285.902
1979-10-30,17.731,NA,NA,NA,285.933
1979-10-31,18.502,NA,NA,NA,285.963
1979-11-01,22.048,NA,NA,NA,286.104
1979-11-02,18.811,NA,NA,NA,285.976
1979-11-03,18.734,NA,NA,NA,285.973
1979-11-04,18.58,NA,NA,NA,285.966
1979-11-05,18.502,NA,NA,NA,285.963
1979-11-06,18.117,NA,NA,NA,285.948
1979-11-07,17.809,NA,NA,NA,285.936
1979-11-08,17.731,NA,NA,NA,285.933
1979-11-09,17.731,NA,NA,NA,285.933
1979-11-10,17.655,NA,NA,NA,285.93
1979-11-11,17.655,NA,NA,NA,285.93
1979-11-12,17.655,NA,NA,NA,285.93
1979-11-13,17.655,NA,NA,NA,285.93
1979-11-14,17.655,NA,NA,NA,285.93
1979-11-15,17.655,NA,NA,NA,285.93
1979-11-16,17.731,NA,NA,NA,285.933
1979-11-17,17.731,NA,NA,NA,285.933
1979-11-18,17.731,NA,NA,NA,285.933
1979-11-19,17.809,NA,NA,NA,285.936
1979-11-20,17.885,NA,NA,NA,285.939
1979-11-21,17.885,NA,NA,NA,285.939
1979-11-22,17.809,NA,NA,NA,285.936
1979-11-23,17.809,NA,NA,NA,285.936
1979-11-24,17.731,NA,NA,NA,285.933
1979-11-25,17.731,NA,NA,NA,285.933
1979-11-26,17.655,NA,NA,NA,285.93
1979-11-27,17.655,NA,NA,NA,285.93
1979-11-28,17.655,NA,NA,NA,285.93
1979-11-29,17.423,NA,NA,NA,285.921
1979-11-30,17.269,NA,NA,NA,285.915
1979-12-01,17.269,NA,NA,NA,285.915
1979-12-02,17.269,NA,NA,NA,285.915
1979-12-03,17.269,NA,NA,NA,285.915
1979-12-04,17.346,NA,NA,NA,285.918
1979-12-05,17.501,NA,NA,NA,285.924
1979-12-06,17.731,NA,NA,NA,285.933
1979-12-07,17.963,NA,NA,NA,285.942
1979-12-08,17.885,NA,NA,NA,285.939
1979-12-09,17.809,NA,NA,NA,285.936
1979-12-10,17.731,NA,NA,NA,285.933
1979-12-11,17.655,NA,NA,NA,285.93
1979-12-12,17.577,NA,NA,NA,285.927
1979-12-13,17.577,NA,NA,NA,285.927
1979-12-14,17.501,NA,NA,NA,285.924
1979-12-15,17.501,NA,NA,NA,285.924
1979-12-16,17.423,NA,NA,NA,285.921
1979-12-17,17.346,NA,NA,NA,285.918
1979-12-18,17.346,NA,NA,NA,285.918
1979-12-19,17.346,NA,NA,NA,285.918
1979-12-20,17.346,NA,NA,NA,285.918
1979-12-21,17.346,NA,NA,NA,285.918
1979-12-22,17.346,NA,NA,NA,285.918
1979-12-23,17.346,NA,NA,NA,285.918
1979-12-24,17.423,NA,NA,NA,285.921
1979-12-25,17.423,NA,NA,NA,285.921
1979-12-26,17.501,NA,NA,NA,285.924
1979-12-27,17.501,NA,NA,NA,285.924
1979-12-28,17.501,NA,NA,NA,285.924
1979-12-29,17.501,NA,NA,NA,285.924
1979-12-30,17.501,NA,NA,NA,285.924
1979-12-31,17.501,NA,NA,NA,285.924
1980-01-01,17.577,NA,NA,NA,285.927
1980-01-02,17.577,NA,NA,NA,285.927
1980-01-03,17.501,NA,NA,NA,285.924
1980-01-04,17.501,NA,NA,NA,285.924
1980-01-05,17.423,NA,NA,NA,285.921
1980-01-06,17.423,NA,NA,NA,285.921
1980-01-07,17.346,NA,NA,NA,285.918
1980-01-08,17.423,NA,NA,NA,285.921
1980-01-09,18.194,NA,NA,NA,285.951
1980-01-10,18.965,NA,NA,NA,285.982
1980-01-11,19.736,NA,NA,NA,286.012
1980-01-12,19.736,NA,NA,NA,286.012
1980-01-13,19.813,NA,NA,NA,286.015
1980-01-14,19.813,NA,NA,NA,286.015
1980-01-15,19.736,NA,NA,NA,286.012
1980-01-16,19.427,NA,NA,NA,286
1980-01-17,19.042,NA,NA,NA,285.985
1980-01-18,18.734,NA,NA,NA,285.973
1980-01-19,18.656,NA,NA,NA,285.969
1980-01-20,18.656,NA,NA,NA,285.969
1980-01-21,18.656,NA,NA,NA,285.969
1980-01-22,18.58,NA,NA,NA,285.966
1980-01-23,18.58,NA,NA,NA,285.966
1980-01-24,18.58,NA,NA,NA,285.966
1980-01-25,18.58,NA,NA,NA,285.966
1980-01-26,18.58,NA,NA,NA,285.966
1980-01-27,18.502,NA,NA,NA,285.963
1980-01-28,18.502,NA,NA,NA,285.963
1980-01-29,18.502,NA,NA,NA,285.963
1980-01-30,18.426,NA,NA,NA,285.96
1980-01-31,18.426,NA,NA,NA,285.96
1980-02-01,18.426,NA,NA,NA,285.96
1980-02-02,18.348,NA,NA,NA,285.957
1980-02-03,18.348,NA,NA,NA,285.957
1980-02-04,18.272,NA,NA,NA,285.954
1980-02-05,18.272,NA,NA,NA,285.954
1980-02-06,18.272,NA,NA,NA,285.954
1980-02-07,18.272,NA,NA,NA,285.954
1980-02-08,18.272,NA,NA,NA,285.954
1980-02-09,18.272,NA,NA,NA,285.954
1980-02-10,18.272,NA,NA,NA,285.954
1980-02-11,18.272,NA,NA,NA,285.954
1980-02-12,18.272,NA,NA,NA,285.954
1980-02-13,18.194,NA,NA,NA,285.951
1980-02-14,18.117,NA,NA,NA,285.948
1980-02-15,18.117,NA,NA,NA,285.948
1980-02-16,18.117,NA,NA,NA,285.948
1980-02-17,18.117,NA,NA,NA,285.948
1980-02-18,18.117,NA,NA,NA,285.948
1980-02-19,18.117,NA,NA,NA,285.948
1980-02-20,18.117,NA,NA,NA,285.948
1980-02-21,18.117,NA,NA,NA,285.948
1980-02-22,18.117,NA,NA,NA,285.948
1980-02-23,18.04,NA,NA,NA,285.945
1980-02-24,18.04,NA,NA,NA,285.945
1980-02-25,17.963,NA,NA,NA,285.942
1980-02-26,17.963,NA,NA,NA,285.942
1980-02-27,17.885,NA,NA,NA,285.939
1980-02-28,17.809,NA,NA,NA,285.936
1980-02-29,17.731,NA,NA,NA,285.933
1980-03-01,17.655,NA,NA,NA,285.93
1980-03-02,17.577,NA,NA,NA,285.927
1980-03-03,17.577,NA,NA,NA,285.927
1980-03-04,17.501,NA,NA,NA,285.924
1980-03-05,17.501,NA,NA,NA,285.924
1980-03-06,17.501,NA,NA,NA,285.924
1980-03-07,17.501,NA,NA,NA,285.924
1980-03-08,17.423,NA,NA,NA,285.921
1980-03-09,17.423,NA,NA,NA,285.921
1980-03-10,17.346,NA,NA,NA,285.918
1980-03-11,17.346,NA,NA,NA,285.918
1980-03-12,17.423,NA,NA,NA,285.921
1980-03-13,17.501,NA,NA,NA,285.924
1980-03-14,17.655,NA,NA,NA,285.93
1980-03-15,17.809,NA,NA,NA,285.936
1980-03-16,17.963,NA,NA,NA,285.942
1980-03-17,18.117,NA,NA,NA,285.948
1980-03-18,18.272,NA,NA,NA,285.954
1980-03-19,18.502,NA,NA,NA,285.963
1980-03-20,18.811,NA,NA,NA,285.976
1980-03-21,18.965,NA,NA,NA,285.982
1980-03-22,18.965,NA,NA,NA,285.982
1980-03-23,18.965,NA,NA,NA,285.982
1980-03-24,19.042,NA,NA,NA,285.985
1980-03-25,19.427,NA,NA,NA,286
1980-03-26,19.813,NA,NA,NA,286.015
1980-03-27,19.968,NA,NA,NA,286.021
1980-03-28,20.122,NA,NA,NA,286.027
1980-03-29,20.352,NA,NA,NA,286.037
1980-03-30,20.661,NA,NA,NA,286.049
1980-03-31,20.893,NA,NA,NA,286.058
1980-04-01,21.586,NA,NA,NA,286.085
1980-04-02,22.048,NA,NA,NA,286.104
1980-04-03,22.435,NA,NA,NA,286.119
1980-04-04,23.282,NA,NA,NA,286.152
1980-04-05,24.207,NA,NA,NA,286.189
1980-04-06,24.207,NA,NA,NA,286.189
1980-04-07,26.1,NA,NA,NA,286.256
1980-04-08,26.279,NA,NA,NA,286.262
1980-04-09,26.19,NA,NA,NA,286.259
1980-04-10,27.085,NA,NA,NA,286.289
1980-04-11,27.442,NA,NA,NA,286.302
1980-04-12,27.174,NA,NA,NA,286.293
1980-04-13,26.906,NA,NA,NA,286.283
1980-04-14,26.637,NA,NA,NA,286.274
1980-04-15,26.369,NA,NA,NA,286.265
1980-04-16,26.1,NA,NA,NA,286.256
1980-04-17,25.833,NA,NA,NA,286.247
1980-04-18,25.475,NA,NA,NA,286.235
1980-04-19,25.117,NA,NA,NA,286.222
1980-04-20,24.67,NA,NA,NA,286.207
1980-04-21,24.207,NA,NA,NA,286.189
1980-04-22,23.59,NA,NA,NA,286.165
1980-04-23,22.974,NA,NA,NA,286.14
1980-04-24,22.743,NA,NA,NA,286.131
1980-04-25,22.511,NA,NA,NA,286.122
1980-04-26,22.203,NA,NA,NA,286.11
1980-04-27,21.972,NA,NA,NA,286.101
1980-04-28,21.74,NA,NA,NA,286.091
1980-04-29,21.586,NA,NA,NA,286.085
1980-04-30,21.432,NA,NA,NA,286.079
1980-05-01,21.123,NA,NA,NA,286.067
1980-05-02,20.815,NA,NA,NA,286.055
1980-05-03,20.738,NA,NA,NA,286.052
1980-05-04,20.584,NA,NA,NA,286.046
1980-05-05,20.507,NA,NA,NA,286.043
1980-05-06,20.661,NA,NA,NA,286.049
1980-05-07,20.815,NA,NA,NA,286.055
1980-05-08,19.273,NA,NA,NA,285.994
1980-05-09,17.885,NA,NA,NA,285.939
1980-05-10,17.963,NA,NA,NA,285.942
1980-05-11,17.963,NA,NA,NA,285.942
1980-05-12,18.04,NA,NA,NA,285.945
1980-05-13,17.885,NA,NA,NA,285.939
1980-05-14,17.731,NA,NA,NA,285.933
1980-05-15,17.501,NA,NA,NA,285.924
1980-05-16,17.501,NA,NA,NA,285.924
1980-05-17,16.909,NA,NA,NA,285.899
1980-05-18,17.423,NA,NA,NA,285.921
1980-05-19,17.346,NA,NA,NA,285.918
1980-05-20,17.192,NA,NA,NA,285.912
1980-05-21,17.038,NA,NA,NA,285.905
1980-05-22,16.909,NA,NA,NA,285.899
1980-05-23,16.751,NA,NA,NA,285.89
1980-05-24,16.175,NA,NA,NA,285.857
1980-05-25,15.807,NA,NA,NA,285.835
1980-05-26,15.283,NA,NA,NA,285.805
1980-05-27,15.807,NA,NA,NA,285.835
1980-05-28,16.331,NA,NA,NA,285.866
1980-05-29,16.856,NA,NA,NA,285.896
1980-05-30,17.423,NA,NA,NA,285.921
1980-05-31,17.423,NA,NA,NA,285.921
1980-06-01,17.423,NA,NA,NA,285.921
1980-06-02,17.423,NA,NA,NA,285.921
1980-06-03,17.423,NA,NA,NA,285.921
1980-06-04,18.04,NA,NA,NA,285.945
1980-06-05,18.58,NA,NA,NA,285.966
1980-06-06,19.119,NA,NA,NA,285.988
1980-06-07,20.198,NA,NA,NA,286.03
1980-06-08,21.278,NA,NA,NA,286.073
1980-06-09,22.203,NA,NA,NA,286.11
1980-06-10,23.59,NA,NA,NA,286.165
1980-06-11,24.439,NA,NA,NA,286.198
1980-06-12,25.117,NA,NA,NA,286.222
1980-06-13,25.654,NA,NA,NA,286.241
1980-06-14,25.206,NA,NA,NA,286.225
1980-06-15,24.76,NA,NA,NA,286.21
1980-06-16,24.439,NA,NA,NA,286.198
1980-06-17,24.285,NA,NA,NA,286.192
1980-06-18,23.36,NA,NA,NA,286.155
1980-06-19,22.665,NA,NA,NA,286.128
1980-06-20,22.048,NA,NA,NA,286.104
1980-06-21,21.586,NA,NA,NA,286.085
1980-06-22,21.047,NA,NA,NA,286.064
1980-06-23,20.661,NA,NA,NA,286.049
1980-06-24,19.505,NA,NA,NA,286.003
1980-06-25,19.197,NA,NA,NA,285.991
1980-06-26,18.965,NA,NA,NA,285.982
1980-06-27,18.734,NA,NA,NA,285.973
1980-06-28,18.811,NA,NA,NA,285.976
1980-06-29,18.965,NA,NA,NA,285.982
1980-06-30,19.119,NA,NA,NA,285.988
1980-07-01,19.119,NA,NA,NA,285.988
1980-07-02,18.502,NA,NA,NA,285.963
1980-07-03,18.04,NA,NA,NA,285.945
1980-07-04,17.963,NA,NA,NA,285.942
1980-07-05,17.885,NA,NA,NA,285.939
1980-07-06,17.885,NA,NA,NA,285.939
1980-07-07,17.809,NA,NA,NA,285.936
1980-07-08,17.346,NA,NA,NA,285.918
1980-07-09,16.96,NA,NA,NA,285.902
1980-07-10,17.192,NA,NA,NA,285.912
1980-07-11,16.909,NA,NA,NA,285.899
1980-07-12,16.804,NA,NA,NA,285.893
1980-07-13,16.594,NA,NA,NA,285.881
1980-07-14,16.489,NA,NA,NA,285.875
1980-07-15,16.436,NA,NA,NA,285.872
1980-07-16,16.856,NA,NA,NA,285.896
1980-07-17,17.423,NA,NA,NA,285.921
1980-07-18,17.885,NA,NA,NA,285.939
1980-07-19,17.423,NA,NA,NA,285.921
1980-07-20,16.96,NA,NA,NA,285.902
1980-07-21,16.646,NA,NA,NA,285.884
1980-07-22,16.489,NA,NA,NA,285.875
1980-07-23,16.751,NA,NA,NA,285.89
1980-07-24,17.038,NA,NA,NA,285.905
1980-07-25,17.269,NA,NA,NA,285.915
1980-07-26,16.856,NA,NA,NA,285.896
1980-07-27,16.541,NA,NA,NA,285.878
1980-07-28,16.175,NA,NA,NA,285.857
1980-07-29,15.965,NA,NA,NA,285.844
1980-07-30,15.912,NA,NA,NA,285.841
1980-07-31,15.912,NA,NA,NA,285.841
1980-08-01,15.912,NA,NA,NA,285.841
1980-08-02,16.017,NA,NA,NA,285.848
1980-08-03,16.175,NA,NA,NA,285.857
1980-08-04,16.279,NA,NA,NA,285.863
1980-08-05,16.384,NA,NA,NA,285.869
1980-08-06,16.175,NA,NA,NA,285.857
1980-08-07,16.07,NA,NA,NA,285.851
1980-08-08,15.86,NA,NA,NA,285.838
1980-08-09,15.702,NA,NA,NA,285.829
1980-08-10,15.493,NA,NA,NA,285.817
1980-08-11,15.283,NA,NA,NA,285.805
1980-08-12,15.073,NA,NA,NA,285.793
1980-08-13,15.178,NA,NA,NA,285.799
1980-08-14,15.231,NA,NA,NA,285.802
1980-08-15,15.336,NA,NA,NA,285.808
1980-08-16,15.493,NA,NA,NA,285.817
1980-08-17,15.65,NA,NA,NA,285.826
1980-08-18,15.755,NA,NA,NA,285.832
1980-08-19,15.912,NA,NA,NA,285.841
1980-08-20,15.441,NA,NA,NA,285.814
1980-08-21,15.65,NA,NA,NA,285.826
1980-08-22,15.807,NA,NA,NA,285.835
1980-08-23,15.86,NA,NA,NA,285.838
1980-08-24,15.912,NA,NA,NA,285.841
1980-08-25,16.017,NA,NA,NA,285.848
1980-08-26,16.017,NA,NA,NA,285.848
1980-08-27,15.807,NA,NA,NA,285.835
1980-08-28,15.597,NA,NA,NA,285.823
1980-08-29,15.388,NA,NA,NA,285.811
1980-08-30,15.702,NA,NA,NA,285.829
1980-08-31,15.912,NA,NA,NA,285.841
1980-09-01,15.965,NA,NA,NA,285.844
1980-09-02,16.017,NA,NA,NA,285.848
1980-09-03,15.965,NA,NA,NA,285.844
1980-09-04,15.912,NA,NA,NA,285.841
1980-09-05,15.912,NA,NA,NA,285.841
1980-09-06,15.755,NA,NA,NA,285.832
1980-09-07,15.65,NA,NA,NA,285.826
1980-09-08,15.493,NA,NA,NA,285.817
1980-09-09,15.336,NA,NA,NA,285.808
1980-09-10,15.178,NA,NA,NA,285.799
1980-09-11,15.021,NA,NA,NA,285.79
1980-09-12,15.021,NA,NA,NA,285.79
1980-09-13,14.968,NA,NA,NA,285.787
1980-09-14,14.968,NA,NA,NA,285.787
1980-09-15,14.863,NA,NA,NA,285.78
1980-09-16,15.912,NA,NA,NA,285.841
1980-09-17,15.493,NA,NA,NA,285.817
1980-09-18,15.126,NA,NA,NA,285.796
1980-09-19,14.916,NA,NA,NA,285.784
1980-09-20,15.912,NA,NA,NA,285.841
1980-09-21,16.909,NA,NA,NA,285.899
1980-09-22,18.117,NA,NA,NA,285.948
1980-09-23,16.646,NA,NA,NA,285.884
1980-09-24,15.702,NA,NA,NA,285.829
1980-09-25,15.702,NA,NA,NA,285.829
1980-09-26,15.702,NA,NA,NA,285.829
1980-09-27,15.755,NA,NA,NA,285.832
1980-09-28,15.807,NA,NA,NA,285.835
1980-09-29,15.86,NA,NA,NA,285.838
1980-09-30,15.86,NA,NA,NA,285.838
1980-10-01,15.65,NA,NA,NA,285.826
1980-10-02,15.441,NA,NA,NA,285.814
1980-10-03,15.283,NA,NA,NA,285.805
1980-10-04,15.441,NA,NA,NA,285.814
1980-10-05,15.65,NA,NA,NA,285.826
1980-10-06,15.807,NA,NA,NA,285.835
1980-10-07,15.755,NA,NA,NA,285.832
1980-10-08,15.807,NA,NA,NA,285.835
1980-10-09,16.226,NA,NA,NA,285.86
1980-10-10,16.541,NA,NA,NA,285.878
1980-10-11,16.175,NA,NA,NA,285.857
1980-10-12,15.807,NA,NA,NA,285.835
1980-10-13,15.441,NA,NA,NA,285.814
1980-10-14,15.073,NA,NA,NA,285.793
1980-10-15,15.178,NA,NA,NA,285.799
1980-10-16,15.283,NA,NA,NA,285.805
1980-10-17,15.388,NA,NA,NA,285.811
1980-10-18,15.493,NA,NA,NA,285.817
1980-10-19,15.597,NA,NA,NA,285.823
1980-10-20,15.597,NA,NA,NA,285.823
1980-10-21,15.336,NA,NA,NA,285.808
1980-10-22,15.231,NA,NA,NA,285.802
1980-10-23,16.122,NA,NA,NA,285.854
1980-10-24,16.856,NA,NA,NA,285.896
1980-10-25,16.489,NA,NA,NA,285.875
1980-10-26,16.175,NA,NA,NA,285.857
1980-10-27,15.86,NA,NA,NA,285.838
1980-10-28,15.807,NA,NA,NA,285.835
1980-10-29,15.755,NA,NA,NA,285.832
1980-10-30,15.912,NA,NA,NA,285.841
1980-10-31,16.017,NA,NA,NA,285.848
1980-11-01,16.175,NA,NA,NA,285.857
1980-11-02,16.384,NA,NA,NA,285.869
1980-11-03,16.436,NA,NA,NA,285.872
1980-11-04,16.122,NA,NA,NA,285.854
1980-11-05,15.807,NA,NA,NA,285.835
1980-11-06,15.86,NA,NA,NA,285.838
1980-11-07,15.912,NA,NA,NA,285.841
1980-11-08,15.807,NA,NA,NA,285.835
1980-11-09,15.65,NA,NA,NA,285.826
1980-11-10,15.546,NA,NA,NA,285.82
1980-11-11,15.441,NA,NA,NA,285.814
1980-11-12,15.388,NA,NA,NA,285.811
1980-11-13,15.597,NA,NA,NA,285.823
1980-11-14,15.807,NA,NA,NA,285.835
1980-11-15,15.807,NA,NA,NA,285.835
1980-11-16,15.755,NA,NA,NA,285.832
1980-11-17,15.755,NA,NA,NA,285.832
1980-11-18,15.807,NA,NA,NA,285.835
1980-11-19,15.807,NA,NA,NA,285.835
1980-11-20,15.597,NA,NA,NA,285.823
1980-11-21,15.441,NA,NA,NA,285.814
1980-11-22,15.493,NA,NA,NA,285.817
1980-11-23,15.493,NA,NA,NA,285.817
1980-11-24,15.546,NA,NA,NA,285.82
1980-11-25,15.546,NA,NA,NA,285.82
1980-11-26,15.546,NA,NA,NA,285.82
1980-11-27,15.546,NA,NA,NA,285.82
1980-11-28,15.546,NA,NA,NA,285.82
1980-11-29,15.65,NA,NA,NA,285.826
1980-11-30,15.755,NA,NA,NA,285.832
1980-12-01,15.86,NA,NA,NA,285.838
1980-12-02,15.597,NA,NA,NA,285.823
1980-12-03,15.336,NA,NA,NA,285.808
1980-12-04,15.336,NA,NA,NA,285.808
1980-12-05,15.388,NA,NA,NA,285.811
1980-12-06,15.388,NA,NA,NA,285.811
1980-12-07,15.388,NA,NA,NA,285.811
1980-12-08,15.388,NA,NA,NA,285.811
1980-12-09,15.388,NA,NA,NA,285.811
1980-12-10,15.388,NA,NA,NA,285.811
1980-12-11,15.388,NA,NA,NA,285.811
1980-12-12,15.388,NA,NA,NA,285.811
1980-12-13,15.388,NA,NA,NA,285.811
1980-12-14,15.388,NA,NA,NA,285.811
1980-12-15,15.388,NA,NA,NA,285.811
1980-12-16,15.283,NA,NA,NA,285.805
1980-12-17,15.231,NA,NA,NA,285.802
1980-12-18,15.231,NA,NA,NA,285.802
1980-12-19,15.231,NA,NA,NA,285.802
1980-12-20,15.231,NA,NA,NA,285.802
1980-12-21,15.231,NA,NA,NA,285.802
1980-12-22,15.231,NA,NA,NA,285.802
1980-12-23,15.283,NA,NA,NA,285.805
1980-12-24,15.336,NA,NA,NA,285.808
1980-12-25,15.336,NA,NA,NA,285.808
1980-12-26,15.336,NA,NA,NA,285.808
1980-12-27,15.336,NA,NA,NA,285.808
1980-12-28,15.336,NA,NA,NA,285.808
1980-12-29,15.336,NA,NA,NA,285.808
1980-12-30,15.336,NA,NA,NA,285.808
1980-12-31,15.336,NA,NA,NA,285.808
1981-01-01,15.388,NA,NA,NA,285.811
1981-01-02,15.441,NA,NA,NA,285.814
1981-01-03,15.388,NA,NA,NA,285.811
1981-01-04,15.336,NA,NA,NA,285.808
1981-01-05,15.283,NA,NA,NA,285.805
1981-01-06,15.283,NA,NA,NA,285.805
1981-01-07,15.283,NA,NA,NA,285.805
1981-01-08,15.283,NA,NA,NA,285.805
1981-01-09,15.336,NA,NA,NA,285.808
1981-01-10,15.336,NA,NA,NA,285.808
1981-01-11,15.388,NA,NA,NA,285.811
1981-01-12,15.441,NA,NA,NA,285.814
1981-01-13,15.597,NA,NA,NA,285.823
1981-01-14,15.702,NA,NA,NA,285.829
1981-01-15,15.807,NA,NA,NA,285.835
1981-01-16,15.912,NA,NA,NA,285.841
1981-01-17,15.86,NA,NA,NA,285.838
1981-01-18,15.86,NA,NA,NA,285.838
1981-01-19,15.807,NA,NA,NA,285.835
1981-01-20,15.178,NA,NA,NA,285.799
1981-01-21,14.654,NA,NA,NA,285.768
1981-01-22,14.654,NA,NA,NA,285.768
1981-01-23,14.602,NA,NA,NA,285.765
1981-01-24,14.497,NA,NA,NA,285.759
1981-01-25,14.392,NA,NA,NA,285.753
1981-01-26,14.287,NA,NA,NA,285.747
1981-01-27,14.863,NA,NA,NA,285.78
1981-01-28,15.336,NA,NA,NA,285.808
1981-01-29,14.707,NA,NA,NA,285.771
1981-01-30,14.234,NA,NA,NA,285.744
1981-01-31,14.234,NA,NA,NA,285.744
1981-02-01,14.234,NA,NA,NA,285.744
1981-02-02,14.339,NA,NA,NA,285.75
1981-02-03,15.178,NA,NA,NA,285.799
1981-02-04,15.912,NA,NA,NA,285.841
1981-02-05,16.279,NA,NA,NA,285.863
1981-02-06,16.856,NA,NA,NA,285.896
1981-02-07,19.351,NA,NA,NA,285.997
1981-02-08,21.972,NA,NA,NA,286.101
1981-02-09,24.361,NA,NA,NA,286.195
1981-02-10,15.807,NA,NA,NA,285.835
1981-02-11,15.546,NA,NA,NA,285.82
1981-02-12,15.65,NA,NA,NA,285.826
1981-02-13,15.755,NA,NA,NA,285.832
1981-02-14,15.755,NA,NA,NA,285.832
1981-02-15,15.755,NA,NA,NA,285.832
1981-02-16,15.755,NA,NA,NA,285.832
1981-02-17,15.86,NA,NA,NA,285.838
1981-02-18,15.807,NA,NA,NA,285.835
1981-02-19,15.807,NA,NA,NA,285.835
1981-02-20,15.912,NA,NA,NA,285.841
1981-02-21,15.965,NA,NA,NA,285.844
1981-02-22,16.07,NA,NA,NA,285.851
1981-02-23,16.122,NA,NA,NA,285.854
1981-02-24,16.226,NA,NA,NA,285.86
1981-02-25,16.279,NA,NA,NA,285.863
1981-02-26,16.331,NA,NA,NA,285.866
1981-02-27,16.436,NA,NA,NA,285.872
1981-02-28,16.751,NA,NA,NA,285.89
1981-03-01,16.751,NA,NA,NA,285.89
1981-03-02,16.594,NA,NA,NA,285.881
1981-03-03,16.646,NA,NA,NA,285.884
1981-03-04,16.699,NA,NA,NA,285.887
1981-03-05,16.699,NA,NA,NA,285.887
1981-03-06,16.699,NA,NA,NA,285.887
1981-03-07,16.699,NA,NA,NA,285.887
1981-03-08,16.699,NA,NA,NA,285.887
1981-03-09,16.699,NA,NA,NA,285.887
1981-03-10,16.699,NA,NA,NA,285.887
1981-03-11,16.751,NA,NA,NA,285.89
1981-03-12,16.699,NA,NA,NA,285.887
1981-03-13,16.699,NA,NA,NA,285.887
1981-03-14,16.751,NA,NA,NA,285.89
1981-03-15,16.751,NA,NA,NA,285.89
1981-03-16,16.856,NA,NA,NA,285.896
1981-03-17,17.269,NA,NA,NA,285.915
1981-03-18,17.655,NA,NA,NA,285.93
1981-03-19,17.038,NA,NA,NA,285.905
1981-03-20,16.699,NA,NA,NA,285.887
1981-03-21,16.646,NA,NA,NA,285.884
1981-03-22,16.646,NA,NA,NA,285.884
1981-03-23,16.594,NA,NA,NA,285.881
1981-03-24,16.541,NA,NA,NA,285.878
1981-03-25,16.384,NA,NA,NA,285.869
1981-03-26,15.807,NA,NA,NA,285.835
1981-03-27,15.178,NA,NA,NA,285.799
1981-03-28,15.65,NA,NA,NA,285.826
1981-03-29,16.175,NA,NA,NA,285.857
1981-03-30,16.699,NA,NA,NA,285.887
1981-03-31,16.699,NA,NA,NA,285.887
1981-04-01,16.646,NA,NA,NA,285.884
1981-04-02,16.541,NA,NA,NA,285.878
1981-04-03,16.384,NA,NA,NA,285.869
1981-04-04,15.807,NA,NA,NA,285.835
1981-04-05,15.231,NA,NA,NA,285.802
1981-04-06,14.916,NA,NA,NA,285.784
1981-04-07,15.597,NA,NA,NA,285.823
1981-04-08,16.279,NA,NA,NA,285.863
1981-04-09,16.646,NA,NA,NA,285.884
1981-04-10,16.909,NA,NA,NA,285.899
1981-04-11,17.115,NA,NA,NA,285.908
1981-04-12,17.269,NA,NA,NA,285.915
1981-04-13,17.346,NA,NA,NA,285.918
1981-04-14,16.436,NA,NA,NA,285.872
1981-04-15,15.702,NA,NA,NA,285.829
1981-04-16,16.07,NA,NA,NA,285.851
1981-04-17,16.384,NA,NA,NA,285.869
1981-04-18,15.86,NA,NA,NA,285.838
1981-04-19,15.388,NA,NA,NA,285.811
1981-04-20,14.916,NA,NA,NA,285.784
1981-04-21,15.86,NA,NA,NA,285.838
1981-04-22,16.489,NA,NA,NA,285.875
1981-04-23,15.441,NA,NA,NA,285.814
1981-04-24,14.497,NA,NA,NA,285.759
1981-04-25,14.13,NA,NA,NA,285.738
1981-04-26,13.71,NA,NA,NA,285.713
1981-04-27,13.5,NA,NA,NA,285.701
1981-04-28,14.13,NA,NA,NA,285.738
1981-04-29,14.759,NA,NA,NA,285.774
1981-04-30,15.336,NA,NA,NA,285.808
1981-05-01,15.86,NA,NA,NA,285.838
1981-05-02,15.965,NA,NA,NA,285.844
1981-05-03,16.017,NA,NA,NA,285.848
1981-05-04,16.017,NA,NA,NA,285.848
1981-05-05,15.597,NA,NA,NA,285.823
1981-05-06,15.231,NA,NA,NA,285.802
1981-05-07,15.336,NA,NA,NA,285.808
1981-05-08,15.493,NA,NA,NA,285.817
1981-05-09,15.441,NA,NA,NA,285.814
1981-05-10,15.388,NA,NA,NA,285.811
1981-05-11,15.388,NA,NA,NA,285.811
1981-05-12,15.126,NA,NA,NA,285.796
1981-05-13,15.702,NA,NA,NA,285.829
1981-05-14,15.702,NA,NA,NA,285.829
1981-05-15,15.702,NA,NA,NA,285.829
1981-05-16,15.597,NA,NA,NA,285.823
1981-05-17,15.546,NA,NA,NA,285.82
1981-05-18,15.493,NA,NA,NA,285.817
1981-05-19,15.441,NA,NA,NA,285.814
1981-05-20,15.388,NA,NA,NA,285.811
1981-05-21,14.968,NA,NA,NA,285.787
1981-05-22,14.654,NA,NA,NA,285.768
1981-05-23,14.968,NA,NA,NA,285.787
1981-05-24,15.283,NA,NA,NA,285.805
1981-05-25,15.597,NA,NA,NA,285.823
1981-05-26,15.912,NA,NA,NA,285.841
1981-05-27,15.755,NA,NA,NA,285.832
1981-05-28,15.965,NA,NA,NA,285.844
1981-05-29,16.122,NA,NA,NA,285.854
1981-05-30,15.912,NA,NA,NA,285.841
1981-05-31,15.702,NA,NA,NA,285.829
1981-06-01,15.546,NA,NA,NA,285.82
1981-06-02,15.702,NA,NA,NA,285.829
1981-06-03,15.86,NA,NA,NA,285.838
1981-06-04,15.912,NA,NA,NA,285.841
1981-06-05,15.965,NA,NA,NA,285.844
1981-06-06,15.86,NA,NA,NA,285.838
1981-06-07,15.755,NA,NA,NA,285.832
1981-06-08,15.65,NA,NA,NA,285.826
1981-06-09,15.807,NA,NA,NA,285.835
1981-06-10,15.965,NA,NA,NA,285.844
1981-06-11,15.755,NA,NA,NA,285.832
1981-06-12,15.755,NA,NA,NA,285.832
1981-06-13,16.699,NA,NA,NA,285.887
1981-06-14,18.04,NA,NA,NA,285.945
1981-06-15,19.273,NA,NA,NA,285.994
1981-06-16,19.89,NA,NA,NA,286.018
1981-06-17,17.885,NA,NA,NA,285.939
1981-06-18,18.656,NA,NA,NA,285.969
1981-06-19,19.427,NA,NA,NA,286
1981-06-20,19.581,NA,NA,NA,286.006
1981-06-21,19.813,NA,NA,NA,286.015
1981-06-22,19.968,NA,NA,NA,286.021
1981-06-23,19.119,NA,NA,NA,285.988
1981-06-24,20.507,NA,NA,NA,286.043
1981-06-25,20.507,NA,NA,NA,286.043
1981-06-26,20.507,NA,NA,NA,286.043
1981-06-27,20.43,NA,NA,NA,286.04
1981-06-28,20.352,NA,NA,NA,286.037
1981-06-29,20.198,NA,NA,NA,286.03
1981-06-30,19.736,NA,NA,NA,286.012
1981-07-01,19.197,NA,NA,NA,285.991
1981-07-02,18.734,NA,NA,NA,285.973
1981-07-03,18.734,NA,NA,NA,285.973
1981-07-04,18.811,NA,NA,NA,285.976
1981-07-05,18.811,NA,NA,NA,285.976
1981-07-06,18.811,NA,NA,NA,285.976
1981-07-07,18.272,NA,NA,NA,285.954
1981-07-08,17.809,NA,NA,NA,285.936
1981-07-09,17.655,NA,NA,NA,285.93
1981-07-10,17.655,NA,NA,NA,285.93
1981-07-11,17.963,NA,NA,NA,285.942
1981-07-12,18.348,NA,NA,NA,285.957
1981-07-13,18.734,NA,NA,NA,285.973
1981-07-14,19.197,NA,NA,NA,285.991
1981-07-15,19.659,NA,NA,NA,286.009
1981-07-16,19.89,NA,NA,NA,286.018
1981-07-17,19.968,NA,NA,NA,286.021
1981-07-18,19.89,NA,NA,NA,286.018
1981-07-19,19.736,NA,NA,NA,286.012
1981-07-20,19.581,NA,NA,NA,286.006
1981-07-21,19.119,NA,NA,NA,285.988
1981-07-22,18.734,NA,NA,NA,285.973
1981-07-23,18.58,NA,NA,NA,285.966
1981-07-24,18.426,NA,NA,NA,285.96
1981-07-25,18.194,NA,NA,NA,285.951
1981-07-26,18.04,NA,NA,NA,285.945
1981-07-27,17.885,NA,NA,NA,285.939
1981-07-28,17.731,NA,NA,NA,285.933
1981-07-29,17.577,NA,NA,NA,285.927
1981-07-30,17.731,NA,NA,NA,285.933
1981-07-31,17.809,NA,NA,NA,285.936
1981-08-01,17.577,NA,NA,NA,285.927
1981-08-02,17.346,NA,NA,NA,285.918
1981-08-03,17.115,NA,NA,NA,285.908
1981-08-04,16.856,NA,NA,NA,285.896
1981-08-05,16.804,NA,NA,NA,285.893
1981-08-06,17.038,NA,NA,NA,285.905
1981-08-07,17.269,NA,NA,NA,285.915
1981-08-08,16.804,NA,NA,NA,285.893
1981-08-09,16.489,NA,NA,NA,285.875
1981-08-10,16.226,NA,NA,NA,285.86
1981-08-11,16.175,NA,NA,NA,285.857
1981-08-12,16.07,NA,NA,NA,285.851
1981-08-13,15.86,NA,NA,NA,285.838
1981-08-14,15.702,NA,NA,NA,285.829
1981-08-15,15.702,NA,NA,NA,285.829
1981-08-16,15.65,NA,NA,NA,285.826
1981-08-17,15.597,NA,NA,NA,285.823
1981-08-18,15.493,NA,NA,NA,285.817
1981-08-19,15.283,NA,NA,NA,285.805
1981-08-20,14.812,NA,NA,NA,285.777
1981-08-21,14.549,NA,NA,NA,285.762
1981-08-22,14.863,NA,NA,NA,285.78
1981-08-23,15.178,NA,NA,NA,285.799
1981-08-24,15.441,NA,NA,NA,285.814
1981-08-25,15.546,NA,NA,NA,285.82
1981-08-26,15.597,NA,NA,NA,285.823
1981-08-27,15.546,NA,NA,NA,285.82
1981-08-28,15.546,NA,NA,NA,285.82
1981-08-29,15.441,NA,NA,NA,285.814
1981-08-30,15.336,NA,NA,NA,285.808
1981-08-31,15.231,NA,NA,NA,285.802
1981-09-01,14.968,NA,NA,NA,285.787
1981-09-02,14.812,NA,NA,NA,285.777
1981-09-03,14.968,NA,NA,NA,285.787
1981-09-04,15.073,NA,NA,NA,285.793
1981-09-05,15.126,NA,NA,NA,285.796
1981-09-06,15.126,NA,NA,NA,285.796
1981-09-07,15.126,NA,NA,NA,285.796
1981-09-08,15.178,NA,NA,NA,285.799
1981-09-09,15.283,NA,NA,NA,285.805
1981-09-10,15.441,NA,NA,NA,285.814
1981-09-11,15.546,NA,NA,NA,285.82
1981-09-12,15.283,NA,NA,NA,285.805
1981-09-13,15.073,NA,NA,NA,285.793
1981-09-14,14.863,NA,NA,NA,285.78
1981-09-15,14.863,NA,NA,NA,285.78
1981-09-16,14.916,NA,NA,NA,285.784
1981-09-17,14.759,NA,NA,NA,285.774
1981-09-18,14.602,NA,NA,NA,285.765
1981-09-19,14.549,NA,NA,NA,285.762
1981-09-20,14.497,NA,NA,NA,285.759
1981-09-21,14.444,NA,NA,NA,285.756
1981-09-22,13.449,NA,NA,NA,285.698
1981-09-23,12.347,NA,NA,NA,285.634
1981-09-24,13.291,NA,NA,NA,285.689
1981-09-25,14.078,NA,NA,NA,285.735
1981-09-26,14.025,NA,NA,NA,285.732
1981-09-27,13.92,NA,NA,NA,285.726
1981-09-28,13.868,NA,NA,NA,285.723
1981-09-29,13.973,NA,NA,NA,285.729
1981-09-30,14.078,NA,NA,NA,285.735
1981-10-01,13.868,NA,NA,NA,285.723
1981-10-02,13.763,NA,NA,NA,285.716
1981-10-03,13.92,NA,NA,NA,285.726
1981-10-04,14.13,NA,NA,NA,285.738
1981-10-05,14.287,NA,NA,NA,285.747
1981-10-06,14.234,NA,NA,NA,285.744
1981-10-07,14.183,NA,NA,NA,285.741
1981-10-08,13.815,NA,NA,NA,285.72
1981-10-09,13.658,NA,NA,NA,285.71
1981-10-10,14.078,NA,NA,NA,285.735
1981-10-11,14.444,NA,NA,NA,285.756
1981-10-12,14.863,NA,NA,NA,285.78
1981-10-13,15.126,NA,NA,NA,285.796
1981-10-14,15.073,NA,NA,NA,285.793
1981-10-15,14.968,NA,NA,NA,285.787
1981-10-16,14.863,NA,NA,NA,285.78
1981-10-17,14.812,NA,NA,NA,285.777
1981-10-18,14.707,NA,NA,NA,285.771
1981-10-19,14.707,NA,NA,NA,285.771
1981-10-20,15.283,NA,NA,NA,285.805
1981-10-21,15.912,NA,NA,NA,285.841
1981-10-22,15.546,NA,NA,NA,285.82
1981-10-23,15.231,NA,NA,NA,285.802
1981-10-24,14.812,NA,NA,NA,285.777
1981-10-25,14.444,NA,NA,NA,285.756
1981-10-26,14.13,NA,NA,NA,285.738
1981-10-27,14.078,NA,NA,NA,285.735
1981-10-28,14.078,NA,NA,NA,285.735
1981-10-29,14.13,NA,NA,NA,285.738
1981-10-30,14.234,NA,NA,NA,285.744
1981-10-31,14.602,NA,NA,NA,285.765
1981-11-01,14.916,NA,NA,NA,285.784
1981-11-02,15.283,NA,NA,NA,285.805
1981-11-03,15.231,NA,NA,NA,285.802
1981-11-04,15.073,NA,NA,NA,285.793
1981-11-05,14.497,NA,NA,NA,285.759
1981-11-06,13.973,NA,NA,NA,285.729
1981-11-07,14.234,NA,NA,NA,285.744
1981-11-08,14.549,NA,NA,NA,285.762
1981-11-09,14.812,NA,NA,NA,285.777
1981-11-10,14.812,NA,NA,NA,285.777
1981-11-11,14.863,NA,NA,NA,285.78
1981-11-12,14.863,NA,NA,NA,285.78
1981-11-13,14.916,NA,NA,NA,285.784
1981-11-14,15.126,NA,NA,NA,285.796
1981-11-15,15.283,NA,NA,NA,285.805
1981-11-16,15.493,NA,NA,NA,285.817
1981-11-17,15.126,NA,NA,NA,285.796
1981-11-18,14.812,NA,NA,NA,285.777
1981-11-19,15.021,NA,NA,NA,285.79
1981-11-20,15.231,NA,NA,NA,285.802
1981-11-21,15.231,NA,NA,NA,285.802
1981-11-22,15.231,NA,NA,NA,285.802
1981-11-23,15.231,NA,NA,NA,285.802
1981-11-24,15.336,NA,NA,NA,285.808
1981-11-25,15.493,NA,NA,NA,285.817
1981-11-26,15.493,NA,NA,NA,285.817
1981-11-27,15.546,NA,NA,NA,285.82
1981-11-28,15.597,NA,NA,NA,285.823
1981-11-29,15.597,NA,NA,NA,285.823
1981-11-30,15.65,NA,NA,NA,285.826
1981-12-01,15.755,NA,NA,NA,285.832
1981-12-02,15.807,NA,NA,NA,285.835
1981-12-03,15.755,NA,NA,NA,285.832
1981-12-04,15.755,NA,NA,NA,285.832
1981-12-05,15.755,NA,NA,NA,285.832
1981-12-06,15.755,NA,NA,NA,285.832
1981-12-07,15.755,NA,NA,NA,285.832
1981-12-08,15.755,NA,NA,NA,285.832
1981-12-09,15.755,NA,NA,NA,285.832
1981-12-10,15.807,NA,NA,NA,285.835
1981-12-11,15.807,NA,NA,NA,285.835
1981-12-12,15.755,NA,NA,NA,285.832
1981-12-13,15.755,NA,NA,NA,285.832
1981-12-14,15.755,NA,NA,NA,285.832
1981-12-15,15.755,NA,NA,NA,285.832
1981-12-16,15.755,NA,NA,NA,285.832
1981-12-17,15.755,NA,NA,NA,285.832
1981-12-18,15.755,NA,NA,NA,285.832
1981-12-19,15.755,NA,NA,NA,285.832
1981-12-20,15.702,NA,NA,NA,285.829
1981-12-21,15.702,NA,NA,NA,285.829
1981-12-22,15.702,NA,NA,NA,285.829
1981-12-23,15.702,NA,NA,NA,285.829
1981-12-24,15.65,NA,NA,NA,285.826
1981-12-25,15.597,NA,NA,NA,285.823
1981-12-26,15.597,NA,NA,NA,285.823
1981-12-27,15.597,NA,NA,NA,285.823
1981-12-28,15.546,NA,NA,NA,285.82
1981-12-29,15.546,NA,NA,NA,285.82
1981-12-30,15.65,NA,NA,NA,285.826
1981-12-31,15.755,NA,NA,NA,285.832
1982-01-01,15.807,NA,NA,NA,285.835
1982-01-02,15.912,NA,NA,NA,285.841
1982-01-03,16.017,NA,NA,NA,285.848
1982-01-04,16.122,NA,NA,NA,285.854
1982-01-05,16.017,NA,NA,NA,285.848
1982-01-06,15.912,NA,NA,NA,285.841
1982-01-07,16.017,NA,NA,NA,285.848
1982-01-08,16.122,NA,NA,NA,285.854
1982-01-09,16.226,NA,NA,NA,285.86
1982-01-10,16.331,NA,NA,NA,285.866
1982-01-11,16.436,NA,NA,NA,285.872
1982-01-12,16.384,NA,NA,NA,285.869
1982-01-13,16.331,NA,NA,NA,285.866
1982-01-14,16.279,NA,NA,NA,285.863
1982-01-15,16.226,NA,NA,NA,285.86
1982-01-16,16.175,NA,NA,NA,285.857
1982-01-17,16.122,NA,NA,NA,285.854
1982-01-18,16.017,NA,NA,NA,285.848
1982-01-19,15.912,NA,NA,NA,285.841
1982-01-20,15.807,NA,NA,NA,285.835
1982-01-21,15.702,NA,NA,NA,285.829
1982-01-22,15.597,NA,NA,NA,285.823
1982-01-23,15.546,NA,NA,NA,285.82
1982-01-24,15.493,NA,NA,NA,285.817
1982-01-25,15.388,NA,NA,NA,285.811
1982-01-26,15.336,NA,NA,NA,285.808
1982-01-27,15.283,NA,NA,NA,285.805
1982-01-28,15.231,NA,NA,NA,285.802
1982-01-29,15.231,NA,NA,NA,285.802
1982-01-30,15.178,NA,NA,NA,285.799
1982-01-31,15.126,NA,NA,NA,285.796
1982-02-01,15.126,NA,NA,NA,285.796
1982-02-02,14.968,NA,NA,NA,285.787
1982-02-03,14.916,NA,NA,NA,285.784
1982-02-04,14.863,NA,NA,NA,285.78
1982-02-05,14.812,NA,NA,NA,285.777
1982-02-06,14.812,NA,NA,NA,285.777
1982-02-07,14.759,NA,NA,NA,285.774
1982-02-08,14.759,NA,NA,NA,285.774
1982-02-09,14.759,NA,NA,NA,285.774
1982-02-10,14.759,NA,NA,NA,285.774
1982-02-11,14.759,NA,NA,NA,285.774
1982-02-12,14.759,NA,NA,NA,285.774
1982-02-13,14.707,NA,NA,NA,285.771
1982-02-14,14.654,NA,NA,NA,285.768
1982-02-15,14.602,NA,NA,NA,285.765
1982-02-16,14.602,NA,NA,NA,285.765
1982-02-17,14.707,NA,NA,NA,285.771
1982-02-18,14.602,NA,NA,NA,285.765
1982-02-19,14.602,NA,NA,NA,285.765
1982-02-20,14.602,NA,NA,NA,285.765
1982-02-21,14.602,NA,NA,NA,285.765
1982-02-22,14.602,NA,NA,NA,285.765
1982-02-23,14.602,NA,NA,NA,285.765
1982-02-24,14.602,NA,NA,NA,285.765
1982-02-25,14.549,NA,NA,NA,285.762
1982-02-26,14.602,NA,NA,NA,285.765
1982-02-27,14.654,NA,NA,NA,285.768
1982-02-28,14.707,NA,NA,NA,285.771
1982-03-01,14.707,NA,NA,NA,285.771
1982-03-02,14.654,NA,NA,NA,285.768
1982-03-03,14.602,NA,NA,NA,285.765
1982-03-04,14.497,NA,NA,NA,285.759
1982-03-05,14.444,NA,NA,NA,285.756
1982-03-06,14.549,NA,NA,NA,285.762
1982-03-07,14.707,NA,NA,NA,285.771
1982-03-08,14.812,NA,NA,NA,285.777
1982-03-09,14.916,NA,NA,NA,285.784
1982-03-10,15.126,NA,NA,NA,285.796
1982-03-11,15.231,NA,NA,NA,285.802
1982-03-12,15.231,NA,NA,NA,285.802
1982-03-13,15.178,NA,NA,NA,285.799
1982-03-14,15.178,NA,NA,NA,285.799
1982-03-15,15.126,NA,NA,NA,285.796
1982-03-16,15.126,NA,NA,NA,285.796
1982-03-17,15.388,NA,NA,NA,285.811
1982-03-18,15.65,NA,NA,NA,285.826
1982-03-19,15.965,NA,NA,NA,285.844
1982-03-20,16.699,NA,NA,NA,285.887
1982-03-21,17.655,NA,NA,NA,285.93
1982-03-22,18.58,NA,NA,NA,285.966
1982-03-23,18.811,NA,NA,NA,285.976
1982-03-24,18.656,NA,NA,NA,285.969
1982-03-25,18.426,NA,NA,NA,285.96
1982-03-26,18.272,NA,NA,NA,285.954
1982-03-27,18.272,NA,NA,NA,285.954
1982-03-28,18.272,NA,NA,NA,285.954
1982-03-29,18.348,NA,NA,NA,285.957
1982-03-30,19.273,NA,NA,NA,285.994
1982-03-31,20.122,NA,NA,NA,286.027
1982-04-01,21.123,NA,NA,NA,286.067
1982-04-02,23.899,NA,NA,NA,286.177
1982-04-03,27.979,NA,NA,NA,286.32
1982-04-04,29.052,NA,NA,NA,286.357
1982-04-05,31.198,NA,NA,NA,286.43
1982-04-06,30.125,NA,NA,NA,286.393
1982-04-07,30.483,NA,NA,NA,286.405
1982-04-08,30.125,NA,NA,NA,286.393
1982-04-09,30.483,NA,NA,NA,286.405
1982-04-10,30.841,NA,NA,NA,286.418
1982-04-11,30.93,NA,NA,NA,286.421
1982-04-12,31.02,NA,NA,NA,286.424
1982-04-13,30.662,NA,NA,NA,286.411
1982-04-14,29.768,NA,NA,NA,286.381
1982-04-15,28.783,NA,NA,NA,286.347
1982-04-16,29.678,NA,NA,NA,286.378
1982-04-17,29.32,NA,NA,NA,286.366
1982-04-18,28.962,NA,NA,NA,286.354
1982-04-19,28.604,NA,NA,NA,286.341
1982-04-20,28.426,NA,NA,NA,286.335
1982-04-21,27.889,NA,NA,NA,286.317
1982-04-22,27.979,NA,NA,NA,286.32
1982-04-23,28.068,NA,NA,NA,286.323
1982-04-24,27.8,NA,NA,NA,286.314
1982-04-25,27.531,NA,NA,NA,286.305
1982-04-26,27.174,NA,NA,NA,286.293
1982-04-27,25.922,NA,NA,NA,286.25
1982-04-28,24.67,NA,NA,NA,286.207
1982-04-29,24.515,NA,NA,NA,286.201
1982-04-30,24.439,NA,NA,NA,286.198
1982-05-01,23.668,NA,NA,NA,286.168
1982-05-02,22.819,NA,NA,NA,286.134
1982-05-03,22.126,NA,NA,NA,286.107
1982-05-04,22.28,NA,NA,NA,286.113
1982-05-05,22.435,NA,NA,NA,286.119
1982-05-06,21.894,NA,NA,NA,286.097
1982-05-07,21.355,NA,NA,NA,286.076
1982-05-08,20.815,NA,NA,NA,286.055
1982-05-09,20.276,NA,NA,NA,286.033
1982-05-10,19.813,NA,NA,NA,286.015
1982-05-11,19.813,NA,NA,NA,286.015
1982-05-12,19.89,NA,NA,NA,286.018
1982-05-13,20.352,NA,NA,NA,286.037
1982-05-14,19.968,NA,NA,NA,286.021
1982-05-15,20.044,NA,NA,NA,286.024
1982-05-16,20.044,NA,NA,NA,286.024
1982-05-17,20.122,NA,NA,NA,286.027
1982-05-18,20.815,NA,NA,NA,286.055
1982-05-19,21.432,NA,NA,NA,286.079
1982-05-20,21.201,NA,NA,NA,286.07
1982-05-21,21.123,NA,NA,NA,286.067
1982-05-22,21.586,NA,NA,NA,286.085
1982-05-23,22.048,NA,NA,NA,286.104
1982-05-24,22.511,NA,NA,NA,286.122
1982-05-25,22.435,NA,NA,NA,286.119
1982-05-26,22.357,NA,NA,NA,286.116
1982-05-27,22.126,NA,NA,NA,286.107
1982-05-28,21.972,NA,NA,NA,286.101
1982-05-29,21.972,NA,NA,NA,286.101
1982-05-30,21.972,NA,NA,NA,286.101
1982-05-31,21.972,NA,NA,NA,286.101
1982-06-01,21.972,NA,NA,NA,286.101
1982-06-02,21.432,NA,NA,NA,286.079
1982-06-03,21.278,NA,NA,NA,286.073
1982-06-04,21.123,NA,NA,NA,286.067
1982-06-05,21.355,NA,NA,NA,286.076
1982-06-06,21.586,NA,NA,NA,286.085
1982-06-07,21.818,NA,NA,NA,286.094
1982-06-08,20.352,NA,NA,NA,286.037
1982-06-09,20.738,NA,NA,NA,286.052
1982-06-10,20.507,NA,NA,NA,286.043
1982-06-11,20.198,NA,NA,NA,286.03
1982-06-12,20.122,NA,NA,NA,286.027
1982-06-13,20.044,NA,NA,NA,286.024
1982-06-14,19.968,NA,NA,NA,286.021
1982-06-15,19.581,NA,NA,NA,286.006
1982-06-16,19.273,NA,NA,NA,285.994
1982-06-17,19.273,NA,NA,NA,285.994
1982-06-18,19.197,NA,NA,NA,285.991
1982-06-19,18.888,NA,NA,NA,285.979
1982-06-20,18.58,NA,NA,NA,285.966
1982-06-21,18.272,NA,NA,NA,285.954
1982-06-22,17.731,NA,NA,NA,285.933
1982-06-23,17.192,NA,NA,NA,285.912
1982-06-24,17.192,NA,NA,NA,285.912
1982-06-25,17.192,NA,NA,NA,285.912
1982-06-26,17.038,NA,NA,NA,285.905
1982-06-27,16.909,NA,NA,NA,285.899
1982-06-28,16.856,NA,NA,NA,285.896
1982-06-29,16.856,NA,NA,NA,285.896
1982-06-30,16.856,NA,NA,NA,285.896
1982-07-01,16.699,NA,NA,NA,285.887
1982-07-02,16.594,NA,NA,NA,285.881
1982-07-03,16.646,NA,NA,NA,285.884
1982-07-04,16.699,NA,NA,NA,285.887
1982-07-05,16.751,NA,NA,NA,285.89
1982-07-06,16.699,NA,NA,NA,285.887
1982-07-07,18.811,NA,NA,NA,285.976
1982-07-08,16.646,NA,NA,NA,285.884
1982-07-09,17.038,NA,NA,NA,285.905
1982-07-10,17.501,NA,NA,NA,285.924
1982-07-11,17.963,NA,NA,NA,285.942
1982-07-12,18.348,NA,NA,NA,285.957
1982-07-13,18.272,NA,NA,NA,285.954
1982-07-14,18.117,NA,NA,NA,285.948
1982-07-15,18.04,NA,NA,NA,285.945
1982-07-16,17.963,NA,NA,NA,285.942
1982-07-17,17.731,NA,NA,NA,285.933
1982-07-18,17.577,NA,NA,NA,285.927
1982-07-19,17.423,NA,NA,NA,285.921
1982-07-20,17.577,NA,NA,NA,285.927
1982-07-21,17.655,NA,NA,NA,285.93
1982-07-22,17.346,NA,NA,NA,285.918
1982-07-23,16.96,NA,NA,NA,285.902
1982-07-24,16.909,NA,NA,NA,285.899
1982-07-25,16.804,NA,NA,NA,285.893
1982-07-26,16.804,NA,NA,NA,285.893
1982-07-27,16.856,NA,NA,NA,285.896
1982-07-28,16.96,NA,NA,NA,285.902
1982-07-29,17.115,NA,NA,NA,285.908
1982-07-30,17.346,NA,NA,NA,285.918
1982-07-31,16.699,NA,NA,NA,285.887
1982-08-01,16.175,NA,NA,NA,285.857
1982-08-02,15.65,NA,NA,NA,285.826
1982-08-03,15.807,NA,NA,NA,285.835
1982-08-04,15.912,NA,NA,NA,285.841
1982-08-05,16.017,NA,NA,NA,285.848
1982-08-06,16.122,NA,NA,NA,285.854
1982-08-07,16.279,NA,NA,NA,285.863
1982-08-08,16.384,NA,NA,NA,285.869
1982-08-09,16.541,NA,NA,NA,285.878
1982-08-10,16.122,NA,NA,NA,285.854
1982-08-11,15.702,NA,NA,NA,285.829
1982-08-12,15.702,NA,NA,NA,285.829
1982-08-13,15.702,NA,NA,NA,285.829
1982-08-14,15.702,NA,NA,NA,285.829
1982-08-15,15.702,NA,NA,NA,285.829
1982-08-16,15.65,NA,NA,NA,285.826
1982-08-17,15.493,NA,NA,NA,285.817
1982-08-18,15.283,NA,NA,NA,285.805
1982-08-19,15.336,NA,NA,NA,285.808
1982-08-20,15.388,NA,NA,NA,285.811
1982-08-21,15.441,NA,NA,NA,285.814
1982-08-22,15.493,NA,NA,NA,285.817
1982-08-23,15.546,NA,NA,NA,285.82
1982-08-24,15.441,NA,NA,NA,285.814
1982-08-25,15.336,NA,NA,NA,285.808
1982-08-26,15.388,NA,NA,NA,285.811
1982-08-27,15.441,NA,NA,NA,285.814
1982-08-28,15.493,NA,NA,NA,285.817
1982-08-29,15.597,NA,NA,NA,285.823
1982-08-30,15.65,NA,NA,NA,285.826
1982-08-31,15.755,NA,NA,NA,285.832
1982-09-01,15.86,NA,NA,NA,285.838
1982-09-02,15.912,NA,NA,NA,285.841
1982-09-03,15.912,NA,NA,NA,285.841
1982-09-04,15.807,NA,NA,NA,285.835
1982-09-05,15.702,NA,NA,NA,285.829
1982-09-06,15.597,NA,NA,NA,285.823
1982-09-07,15.493,NA,NA,NA,285.817
1982-09-08,15.493,NA,NA,NA,285.817
1982-09-09,15.493,NA,NA,NA,285.817
1982-09-10,15.546,NA,NA,NA,285.82
1982-09-11,15.86,NA,NA,NA,285.838
1982-09-12,16.175,NA,NA,NA,285.857
1982-09-13,16.384,NA,NA,NA,285.869
1982-09-14,16.07,NA,NA,NA,285.851
1982-09-15,15.755,NA,NA,NA,285.832
1982-09-16,15.702,NA,NA,NA,285.829
1982-09-17,15.702,NA,NA,NA,285.829
1982-09-18,15.912,NA,NA,NA,285.841
1982-09-19,16.175,NA,NA,NA,285.857
1982-09-20,16.279,NA,NA,NA,285.863
1982-09-21,15.807,NA,NA,NA,285.835
1982-09-22,15.388,NA,NA,NA,285.811
1982-09-23,15.912,NA,NA,NA,285.841
1982-09-24,16.384,NA,NA,NA,285.869
1982-09-25,15.755,NA,NA,NA,285.832
1982-09-26,15.178,NA,NA,NA,285.799
1982-09-27,14.863,NA,NA,NA,285.78
1982-09-28,15.388,NA,NA,NA,285.811
1982-09-29,15.807,NA,NA,NA,285.835
1982-09-30,15.65,NA,NA,NA,285.826
1982-10-01,15.493,NA,NA,NA,285.817
1982-10-02,15.336,NA,NA,NA,285.808
1982-10-03,15.178,NA,NA,NA,285.799
1982-10-04,15.178,NA,NA,NA,285.799
1982-10-05,16.279,NA,NA,NA,285.863
1982-10-06,17.038,NA,NA,NA,285.905
1982-10-07,16.331,NA,NA,NA,285.866
1982-10-08,15.807,NA,NA,NA,285.835
1982-10-09,16.175,NA,NA,NA,285.857
1982-10-10,16.489,NA,NA,NA,285.875
1982-10-11,16.856,NA,NA,NA,285.896
1982-10-12,17.192,NA,NA,NA,285.912
1982-10-13,17.269,NA,NA,NA,285.915
1982-10-14,17.346,NA,NA,NA,285.918
1982-10-15,17.346,NA,NA,NA,285.918
1982-10-16,17.115,NA,NA,NA,285.908
1982-10-17,16.909,NA,NA,NA,285.899
1982-10-18,16.751,NA,NA,NA,285.89
1982-10-19,16.96,NA,NA,NA,285.902
1982-10-20,17.192,NA,NA,NA,285.912
1982-10-21,16.594,NA,NA,NA,285.881
1982-10-22,16.175,NA,NA,NA,285.857
1982-10-23,16.279,NA,NA,NA,285.863
1982-10-24,16.384,NA,NA,NA,285.869
1982-10-25,16.436,NA,NA,NA,285.872
1982-10-26,16.489,NA,NA,NA,285.875
1982-10-27,16.541,NA,NA,NA,285.878
1982-10-28,17.809,NA,NA,NA,285.936
1982-10-29,19.197,NA,NA,NA,285.991
1982-10-30,19.119,NA,NA,NA,285.988
1982-10-31,19.119,NA,NA,NA,285.988
1982-11-01,19.119,NA,NA,NA,285.988
1982-11-02,19.813,NA,NA,NA,286.015
1982-11-03,20.352,NA,NA,NA,286.037
1982-11-04,18.888,NA,NA,NA,285.979
1982-11-05,17.655,NA,NA,NA,285.93
1982-11-06,17.577,NA,NA,NA,285.927
1982-11-07,17.501,NA,NA,NA,285.924
1982-11-08,17.423,NA,NA,NA,285.921
1982-11-09,17.423,NA,NA,NA,285.921
1982-11-10,17.731,NA,NA,NA,285.933
1982-11-11,19.968,NA,NA,NA,286.021
1982-11-12,22.048,NA,NA,NA,286.104
1982-11-13,20.276,NA,NA,NA,286.033
1982-11-14,18.502,NA,NA,NA,285.963
1982-11-15,16.909,NA,NA,NA,285.899
1982-11-16,16.909,NA,NA,NA,285.899
1982-11-17,16.909,NA,NA,NA,285.899
1982-11-18,16.909,NA,NA,NA,285.899
1982-11-19,16.909,NA,NA,NA,285.899
1982-11-20,16.909,NA,NA,NA,285.899
1982-11-21,16.909,NA,NA,NA,285.899
1982-11-22,16.909,NA,NA,NA,285.899
1982-11-23,16.909,NA,NA,NA,285.899
1982-11-24,16.96,NA,NA,NA,285.902
1982-11-25,17.038,NA,NA,NA,285.905
1982-11-26,17.115,NA,NA,NA,285.908
1982-11-27,17.115,NA,NA,NA,285.908
1982-11-28,17.192,NA,NA,NA,285.912
1982-11-29,17.269,NA,NA,NA,285.915
1982-11-30,17.192,NA,NA,NA,285.912
1982-12-01,17.269,NA,NA,NA,285.915
1982-12-02,17.346,NA,NA,NA,285.918
1982-12-03,17.346,NA,NA,NA,285.918
1982-12-04,17.501,NA,NA,NA,285.924
1982-12-05,17.655,NA,NA,NA,285.93
1982-12-06,17.655,NA,NA,NA,285.93
1982-12-07,17.269,NA,NA,NA,285.915
1982-12-08,16.96,NA,NA,NA,285.902
1982-12-09,17.115,NA,NA,NA,285.908
1982-12-10,17.269,NA,NA,NA,285.915
1982-12-11,17.192,NA,NA,NA,285.912
1982-12-12,17.115,NA,NA,NA,285.908
1982-12-13,17.115,NA,NA,NA,285.908
1982-12-14,17.038,NA,NA,NA,285.905
1982-12-15,17.038,NA,NA,NA,285.905
1982-12-16,17.038,NA,NA,NA,285.905
1982-12-17,17.038,NA,NA,NA,285.905
1982-12-18,17.038,NA,NA,NA,285.905
1982-12-19,16.96,NA,NA,NA,285.902
1982-12-20,16.96,NA,NA,NA,285.902
1982-12-21,16.96,NA,NA,NA,285.902
1982-12-22,16.909,NA,NA,NA,285.899
1982-12-23,16.909,NA,NA,NA,285.899
1982-12-24,16.909,NA,NA,NA,285.899
1982-12-25,16.909,NA,NA,NA,285.899
1982-12-26,16.909,NA,NA,NA,285.899
1982-12-27,16.909,NA,NA,NA,285.899
1982-12-28,16.909,NA,NA,NA,285.899
1982-12-29,16.909,NA,NA,NA,285.899
1982-12-30,16.909,NA,NA,NA,285.899
1982-12-31,16.909,NA,NA,NA,285.899
1983-01-01,16.856,NA,NA,NA,285.896
1983-01-02,16.856,NA,NA,NA,285.896
1983-01-03,16.856,NA,NA,NA,285.896
1983-01-04,16.856,NA,NA,NA,285.896
1983-01-05,16.909,NA,NA,NA,285.899
1983-01-06,16.909,NA,NA,NA,285.899
1983-01-07,16.96,NA,NA,NA,285.902
1983-01-08,17.115,NA,NA,NA,285.908
1983-01-09,17.192,NA,NA,NA,285.912
1983-01-10,17.269,NA,NA,NA,285.915
1983-01-11,17.423,NA,NA,NA,285.921
1983-01-12,17.038,NA,NA,NA,285.905
1983-01-13,17.192,NA,NA,NA,285.912
1983-01-14,17.346,NA,NA,NA,285.918
1983-01-15,17.192,NA,NA,NA,285.912
1983-01-16,17.115,NA,NA,NA,285.908
1983-01-17,17.038,NA,NA,NA,285.905
1983-01-18,16.96,NA,NA,NA,285.902
1983-01-19,16.856,NA,NA,NA,285.896
1983-01-20,16.804,NA,NA,NA,285.893
1983-01-21,16.751,NA,NA,NA,285.89
1983-01-22,16.804,NA,NA,NA,285.893
1983-01-23,16.804,NA,NA,NA,285.893
1983-01-24,16.856,NA,NA,NA,285.896
1983-01-25,16.909,NA,NA,NA,285.899
1983-01-26,16.909,NA,NA,NA,285.899
1983-01-27,16.856,NA,NA,NA,285.896
1983-01-28,16.856,NA,NA,NA,285.896
1983-01-29,16.856,NA,NA,NA,285.896
1983-01-30,16.856,NA,NA,NA,285.896
1983-01-31,16.804,NA,NA,NA,285.893
1983-02-01,16.804,NA,NA,NA,285.893
1983-02-02,16.856,NA,NA,NA,285.896
1983-02-03,16.856,NA,NA,NA,285.896
1983-02-04,16.909,NA,NA,NA,285.899
1983-02-05,16.909,NA,NA,NA,285.899
1983-02-06,16.909,NA,NA,NA,285.899
1983-02-07,16.909,NA,NA,NA,285.899
1983-02-08,16.909,NA,NA,NA,285.899
1983-02-09,16.96,NA,NA,NA,285.902
1983-02-10,17.038,NA,NA,NA,285.905
1983-02-11,17.192,NA,NA,NA,285.912
1983-02-12,17.192,NA,NA,NA,285.912
1983-02-13,17.192,NA,NA,NA,285.912
1983-02-14,17.269,NA,NA,NA,285.915
1983-02-15,17.269,NA,NA,NA,285.915
1983-02-16,17.346,NA,NA,NA,285.918
1983-02-17,17.346,NA,NA,NA,285.918
1983-02-18,17.346,NA,NA,NA,285.918
1983-02-19,17.423,NA,NA,NA,285.921
1983-02-20,17.501,NA,NA,NA,285.924
1983-02-21,17.577,NA,NA,NA,285.927
1983-02-22,17.655,NA,NA,NA,285.93
1983-02-23,18.04,NA,NA,NA,285.945
1983-02-24,18.348,NA,NA,NA,285.957
1983-02-25,18.656,NA,NA,NA,285.969
1983-02-26,18.811,NA,NA,NA,285.976
1983-02-27,18.965,NA,NA,NA,285.982
1983-02-28,19.119,NA,NA,NA,285.988
1983-03-01,19.197,NA,NA,NA,285.991
1983-03-02,19.197,NA,NA,NA,285.991
1983-03-03,19.119,NA,NA,NA,285.988
1983-03-04,19.119,NA,NA,NA,285.988
1983-03-05,19.427,NA,NA,NA,286
1983-03-06,19.659,NA,NA,NA,286.009
1983-03-07,19.968,NA,NA,NA,286.021
1983-03-08,20.044,NA,NA,NA,286.024
1983-03-09,20.044,NA,NA,NA,286.024
1983-03-10,20.044,NA,NA,NA,286.024
1983-03-11,20.044,NA,NA,NA,286.024
1983-03-12,20.044,NA,NA,NA,286.024
1983-03-13,20.044,NA,NA,NA,286.024
1983-03-14,20.044,NA,NA,NA,286.024
1983-03-15,20.276,NA,NA,NA,286.033
1983-03-16,20.507,NA,NA,NA,286.043
1983-03-17,20.661,NA,NA,NA,286.049
1983-03-18,20.738,NA,NA,NA,286.052
1983-03-19,20.661,NA,NA,NA,286.049
1983-03-20,20.584,NA,NA,NA,286.046
1983-03-21,20.507,NA,NA,NA,286.043
1983-03-22,20.584,NA,NA,NA,286.046
1983-03-23,20.584,NA,NA,NA,286.046
1983-03-24,20.507,NA,NA,NA,286.043
1983-03-25,20.507,NA,NA,NA,286.043
1983-03-26,20.661,NA,NA,NA,286.049
1983-03-27,20.815,NA,NA,NA,286.055
1983-03-28,20.893,NA,NA,NA,286.058
1983-03-29,21.047,NA,NA,NA,286.064
1983-03-30,21.123,NA,NA,NA,286.067
1983-03-31,21.664,NA,NA,NA,286.088
1983-04-01,21.972,NA,NA,NA,286.101
1983-04-02,22.126,NA,NA,NA,286.107
1983-04-03,22.28,NA,NA,NA,286.113
1983-04-04,22.435,NA,NA,NA,286.119
1983-04-05,23.128,NA,NA,NA,286.146
1983-04-06,23.744,NA,NA,NA,286.171
1983-04-07,24.285,NA,NA,NA,286.192
1983-04-08,24.67,NA,NA,NA,286.207
1983-04-09,24.76,NA,NA,NA,286.21
1983-04-10,24.76,NA,NA,NA,286.21
1983-04-11,24.848,NA,NA,NA,286.213
1983-04-12,25.475,NA,NA,NA,286.235
1983-04-13,26.1,NA,NA,NA,286.256
1983-04-14,24.67,NA,NA,NA,286.207
1983-04-15,23.514,NA,NA,NA,286.161
1983-04-16,23.36,NA,NA,NA,286.155
1983-04-17,23.128,NA,NA,NA,286.146
1983-04-18,22.974,NA,NA,NA,286.14
1983-04-19,23.205,NA,NA,NA,286.149
1983-04-20,23.436,NA,NA,NA,286.158
1983-04-21,23.668,NA,NA,NA,286.168
1983-04-22,23.744,NA,NA,NA,286.171
1983-04-23,23.128,NA,NA,NA,286.146
1983-04-24,22.511,NA,NA,NA,286.122
1983-04-25,22.048,NA,NA,NA,286.104
1983-04-26,22.357,NA,NA,NA,286.116
1983-04-27,22.665,NA,NA,NA,286.128
1983-04-28,22.126,NA,NA,NA,286.107
1983-04-29,21.664,NA,NA,NA,286.088
1983-04-30,21.509,NA,NA,NA,286.082
1983-05-01,21.355,NA,NA,NA,286.076
1983-05-02,21.278,NA,NA,NA,286.073
1983-05-03,20.584,NA,NA,NA,286.046
1983-05-04,20.738,NA,NA,NA,286.052
1983-05-05,19.736,NA,NA,NA,286.012
1983-05-06,18.811,NA,NA,NA,285.976
1983-05-07,18.58,NA,NA,NA,285.966
1983-05-08,18.348,NA,NA,NA,285.957
1983-05-09,18.117,NA,NA,NA,285.948
1983-05-10,19.197,NA,NA,NA,285.991
1983-05-11,20.815,NA,NA,NA,286.055
1983-05-12,20.661,NA,NA,NA,286.049
1983-05-13,20.507,NA,NA,NA,286.043
1983-05-14,20.122,NA,NA,NA,286.027
1983-05-15,19.659,NA,NA,NA,286.009
1983-05-16,19.273,NA,NA,NA,285.994
1983-05-17,18.965,NA,NA,NA,285.982
1983-05-18,18.888,NA,NA,NA,285.979
1983-05-19,19.427,NA,NA,NA,286
1983-05-20,19.736,NA,NA,NA,286.012
1983-05-21,19.119,NA,NA,NA,285.988
1983-05-22,18.502,NA,NA,NA,285.963
1983-05-23,17.885,NA,NA,NA,285.939
1983-05-24,18.348,NA,NA,NA,285.957
1983-05-25,17.423,NA,NA,NA,285.921
1983-05-26,16.804,NA,NA,NA,285.893
1983-05-27,16.436,NA,NA,NA,285.872
1983-05-28,16.436,NA,NA,NA,285.872
1983-05-29,16.436,NA,NA,NA,285.872
1983-05-30,16.436,NA,NA,NA,285.872
1983-05-31,16.436,NA,NA,NA,285.872
1983-06-01,16.175,NA,NA,NA,285.857
1983-06-02,16.017,NA,NA,NA,285.848
1983-06-03,15.86,NA,NA,NA,285.838
1983-06-04,15.86,NA,NA,NA,285.838
1983-06-05,15.86,NA,NA,NA,285.838
1983-06-06,15.86,NA,NA,NA,285.838
1983-06-07,15.807,NA,NA,NA,285.835
1983-06-08,15.702,NA,NA,NA,285.829
1983-06-09,15.336,NA,NA,NA,285.808
1983-06-10,15.021,NA,NA,NA,285.79
1983-06-11,15.231,NA,NA,NA,285.802
1983-06-12,15.493,NA,NA,NA,285.817
1983-06-13,15.755,NA,NA,NA,285.832
1983-06-14,16.489,NA,NA,NA,285.875
1983-06-15,17.192,NA,NA,NA,285.912
1983-06-16,16.436,NA,NA,NA,285.872
1983-06-17,15.755,NA,NA,NA,285.832
1983-06-18,15.283,NA,NA,NA,285.805
1983-06-19,14.812,NA,NA,NA,285.777
1983-06-20,14.339,NA,NA,NA,285.75
1983-06-21,15.702,NA,NA,NA,285.829
1983-06-22,16.279,NA,NA,NA,285.863
1983-06-23,16.07,NA,NA,NA,285.851
1983-06-24,15.807,NA,NA,NA,285.835
1983-06-25,16.017,NA,NA,NA,285.848
1983-06-26,16.226,NA,NA,NA,285.86
1983-06-27,16.384,NA,NA,NA,285.869
1983-06-28,16.331,NA,NA,NA,285.866
1983-06-29,16.279,NA,NA,NA,285.863
1983-06-30,16.646,NA,NA,NA,285.884
1983-07-01,16.96,NA,NA,NA,285.902
1983-07-02,16.856,NA,NA,NA,285.896
1983-07-03,16.804,NA,NA,NA,285.893
1983-07-04,16.751,NA,NA,NA,285.89
1983-07-05,16.699,NA,NA,NA,285.887
1983-07-06,16.594,NA,NA,NA,285.881
1983-07-07,16.489,NA,NA,NA,285.875
1983-07-08,16.436,NA,NA,NA,285.872
1983-07-09,16.751,NA,NA,NA,285.89
1983-07-10,17.115,NA,NA,NA,285.908
1983-07-11,17.577,NA,NA,NA,285.927
1983-07-12,16.489,NA,NA,NA,285.875
1983-07-13,15.65,NA,NA,NA,285.826
1983-07-14,15.493,NA,NA,NA,285.817
1983-07-15,15.388,NA,NA,NA,285.811
1983-07-16,15.755,NA,NA,NA,285.832
1983-07-17,16.122,NA,NA,NA,285.854
1983-07-18,16.384,NA,NA,NA,285.869
1983-07-19,16.436,NA,NA,NA,285.872
1983-07-20,16.489,NA,NA,NA,285.875
1983-07-21,16.594,NA,NA,NA,285.881
1983-07-22,16.594,NA,NA,NA,285.881
1983-07-23,16.384,NA,NA,NA,285.869
1983-07-24,16.175,NA,NA,NA,285.857
1983-07-25,15.965,NA,NA,NA,285.844
1983-07-26,15.755,NA,NA,NA,285.832
1983-07-27,15.597,NA,NA,NA,285.823
1983-07-28,15.807,NA,NA,NA,285.835
1983-07-29,15.965,NA,NA,NA,285.844
1983-07-30,15.755,NA,NA,NA,285.832
1983-07-31,15.597,NA,NA,NA,285.823
1983-08-01,15.441,NA,NA,NA,285.814
1983-08-02,15.388,NA,NA,NA,285.811
1983-08-03,15.283,NA,NA,NA,285.805
1983-08-04,15.073,NA,NA,NA,285.793
1983-08-05,14.812,NA,NA,NA,285.777
1983-08-06,14.916,NA,NA,NA,285.784
1983-08-07,15.021,NA,NA,NA,285.79
1983-08-08,15.073,NA,NA,NA,285.793
1983-08-09,15.231,NA,NA,NA,285.802
1983-08-10,15.231,NA,NA,NA,285.802
1983-08-11,14.602,NA,NA,NA,285.765
1983-08-12,14.078,NA,NA,NA,285.735
1983-08-13,14.025,NA,NA,NA,285.732
1983-08-14,13.973,NA,NA,NA,285.729
1983-08-15,13.92,NA,NA,NA,285.726
1983-08-16,14.234,NA,NA,NA,285.744
1983-08-17,14.497,NA,NA,NA,285.759
1983-08-18,14.13,NA,NA,NA,285.738
1983-08-19,13.71,NA,NA,NA,285.713
1983-08-20,13.868,NA,NA,NA,285.723
1983-08-21,14.025,NA,NA,NA,285.732
1983-08-22,14.078,NA,NA,NA,285.735
1983-08-23,13.815,NA,NA,NA,285.72
1983-08-24,13.605,NA,NA,NA,285.707
1983-08-25,13.71,NA,NA,NA,285.713
1983-08-26,13.815,NA,NA,NA,285.72
1983-08-27,13.92,NA,NA,NA,285.726
1983-08-28,13.973,NA,NA,NA,285.729
1983-08-29,14.078,NA,NA,NA,285.735
1983-08-30,14.444,NA,NA,NA,285.756
1983-08-31,14.812,NA,NA,NA,285.777
1983-09-01,14.968,NA,NA,NA,285.787
1983-09-02,15.126,NA,NA,NA,285.796
1983-09-03,15.283,NA,NA,NA,285.805
1983-09-04,15.493,NA,NA,NA,285.817
1983-09-05,15.702,NA,NA,NA,285.829
1983-09-06,15.912,NA,NA,NA,285.841
1983-09-07,15.912,NA,NA,NA,285.841
1983-09-08,15.86,NA,NA,NA,285.838
1983-09-09,15.86,NA,NA,NA,285.838
1983-09-10,15.86,NA,NA,NA,285.838
1983-09-11,15.807,NA,NA,NA,285.835
1983-09-12,15.807,NA,NA,NA,285.835
1983-09-13,15.493,NA,NA,NA,285.817
1983-09-14,15.231,NA,NA,NA,285.802
1983-09-15,15.65,NA,NA,NA,285.826
1983-09-16,16.017,NA,NA,NA,285.848
1983-09-17,15.86,NA,NA,NA,285.838
1983-09-18,15.702,NA,NA,NA,285.829
1983-09-19,15.597,NA,NA,NA,285.823
1983-09-20,15.755,NA,NA,NA,285.832
1983-09-21,15.86,NA,NA,NA,285.838
1983-09-22,15.388,NA,NA,NA,285.811
1983-09-23,14.968,NA,NA,NA,285.787
1983-09-24,15.073,NA,NA,NA,285.793
1983-09-25,15.178,NA,NA,NA,285.799
1983-09-26,15.283,NA,NA,NA,285.805
1983-09-27,14.916,NA,NA,NA,285.784
1983-09-28,14.812,NA,NA,NA,285.777
1983-09-29,15.073,NA,NA,NA,285.793
1983-09-30,15.283,NA,NA,NA,285.805
1983-10-01,15.493,NA,NA,NA,285.817
1983-10-02,15.702,NA,NA,NA,285.829
1983-10-03,15.86,NA,NA,NA,285.838
1983-10-04,15.755,NA,NA,NA,285.832
1983-10-05,15.65,NA,NA,NA,285.826
1983-10-06,15.388,NA,NA,NA,285.811
1983-10-07,15.126,NA,NA,NA,285.796
1983-10-08,15.441,NA,NA,NA,285.814
1983-10-09,15.702,NA,NA,NA,285.829
1983-10-10,16.017,NA,NA,NA,285.848
1983-10-11,16.226,NA,NA,NA,285.86
1983-10-12,15.86,NA,NA,NA,285.838
1983-10-13,15.493,NA,NA,NA,285.817
1983-10-14,15.126,NA,NA,NA,285.796
1983-10-15,15.178,NA,NA,NA,285.799
1983-10-16,15.283,NA,NA,NA,285.805
1983-10-17,15.283,NA,NA,NA,285.805
1983-10-18,15.178,NA,NA,NA,285.799
1983-10-19,15.073,NA,NA,NA,285.793
1983-10-20,15.597,NA,NA,NA,285.823
1983-10-21,16.017,NA,NA,NA,285.848
1983-10-22,16.017,NA,NA,NA,285.848
1983-10-23,16.017,NA,NA,NA,285.848
1983-10-24,16.017,NA,NA,NA,285.848
1983-10-25,16.122,NA,NA,NA,285.854
1983-10-26,16.279,NA,NA,NA,285.863
1983-10-27,16.751,NA,NA,NA,285.89
1983-10-28,17.269,NA,NA,NA,285.915
1983-10-29,16.541,NA,NA,NA,285.878
1983-10-30,15.912,NA,NA,NA,285.841
1983-10-31,15.336,NA,NA,NA,285.808
1983-11-01,15.807,NA,NA,NA,285.835
1983-11-02,16.175,NA,NA,NA,285.857
1983-11-03,15.441,NA,NA,NA,285.814
1983-11-04,14.863,NA,NA,NA,285.78
1983-11-05,15.126,NA,NA,NA,285.796
1983-11-06,15.441,NA,NA,NA,285.814
1983-11-07,15.755,NA,NA,NA,285.832
1983-11-08,16.017,NA,NA,NA,285.848
1983-11-09,16.279,NA,NA,NA,285.863
1983-11-10,16.541,NA,NA,NA,285.878
1983-11-11,16.594,NA,NA,NA,285.881
1983-11-12,16.646,NA,NA,NA,285.884
1983-11-13,16.699,NA,NA,NA,285.887
1983-11-14,16.699,NA,NA,NA,285.887
1983-11-15,16.489,NA,NA,NA,285.875
1983-11-16,16.279,NA,NA,NA,285.863
1983-11-17,16.175,NA,NA,NA,285.857
1983-11-18,16.122,NA,NA,NA,285.854
1983-11-19,16.331,NA,NA,NA,285.866
1983-11-20,16.541,NA,NA,NA,285.878
1983-11-21,16.751,NA,NA,NA,285.89
1983-11-22,17.115,NA,NA,NA,285.908
1983-11-23,17.423,NA,NA,NA,285.921
1983-11-24,16.804,NA,NA,NA,285.893
1983-11-25,16.279,NA,NA,NA,285.863
1983-11-26,16.384,NA,NA,NA,285.869
1983-11-27,16.489,NA,NA,NA,285.875
1983-11-28,16.646,NA,NA,NA,285.884
1983-11-29,16.646,NA,NA,NA,285.884
1983-11-30,16.646,NA,NA,NA,285.884
1983-12-01,16.541,NA,NA,NA,285.878
1983-12-02,16.489,NA,NA,NA,285.875
1983-12-03,16.489,NA,NA,NA,285.875
1983-12-04,16.436,NA,NA,NA,285.872
1983-12-05,16.436,NA,NA,NA,285.872
1983-12-06,16.436,NA,NA,NA,285.872
1983-12-07,16.436,NA,NA,NA,285.872
1983-12-08,16.384,NA,NA,NA,285.869
1983-12-09,16.384,NA,NA,NA,285.869
1983-12-10,16.384,NA,NA,NA,285.869
1983-12-11,16.331,NA,NA,NA,285.866
1983-12-12,16.331,NA,NA,NA,285.866
1983-12-13,16.331,NA,NA,NA,285.866
1983-12-14,16.279,NA,NA,NA,285.863
1983-12-15,16.226,NA,NA,NA,285.86
1983-12-16,16.122,NA,NA,NA,285.854
1983-12-17,15.807,NA,NA,NA,285.835
1983-12-18,15.493,NA,NA,NA,285.817
1983-12-19,15.178,NA,NA,NA,285.799
1983-12-20,14.916,NA,NA,NA,285.784
1983-12-21,16.909,NA,NA,NA,285.899
1983-12-22,19.813,NA,NA,NA,286.015
1983-12-23,22.589,NA,NA,NA,286.125
1983-12-24,22.743,NA,NA,NA,286.131
1983-12-25,22.819,NA,NA,NA,286.134
1983-12-26,22.974,NA,NA,NA,286.14
1983-12-27,22.589,NA,NA,NA,286.125
1983-12-28,20.122,NA,NA,NA,286.027
1983-12-29,17.577,NA,NA,NA,285.927
1983-12-30,15.86,NA,NA,NA,285.838
1983-12-31,16.436,NA,NA,NA,285.872
1984-01-01,16.96,NA,NA,NA,285.902
1984-01-02,17.809,NA,NA,NA,285.936
1984-01-03,18.426,NA,NA,NA,285.96
1984-01-04,19.505,NA,NA,NA,286.003
1984-01-05,17.192,NA,NA,NA,285.912
1984-01-06,16.909,NA,NA,NA,285.899
1984-01-07,16.751,NA,NA,NA,285.89
1984-01-08,16.541,NA,NA,NA,285.878
1984-01-09,16.331,NA,NA,NA,285.866
1984-01-10,16.279,NA,NA,NA,285.863
1984-01-11,16.384,NA,NA,NA,285.869
1984-01-12,16.489,NA,NA,NA,285.875
1984-01-13,16.384,NA,NA,NA,285.869
1984-01-14,16.279,NA,NA,NA,285.863
1984-01-15,16.175,NA,NA,NA,285.857
1984-01-16,16.07,NA,NA,NA,285.851
1984-01-17,15.965,NA,NA,NA,285.844
1984-01-18,15.807,NA,NA,NA,285.835
1984-01-19,15.65,NA,NA,NA,285.826
1984-01-20,15.493,NA,NA,NA,285.817
1984-01-21,15.546,NA,NA,NA,285.82
1984-01-22,15.546,NA,NA,NA,285.82
1984-01-23,15.597,NA,NA,NA,285.823
1984-01-24,15.597,NA,NA,NA,285.823
1984-01-25,15.597,NA,NA,NA,285.823
1984-01-26,15.597,NA,NA,NA,285.823
1984-01-27,15.597,NA,NA,NA,285.823
1984-01-28,15.65,NA,NA,NA,285.826
1984-01-29,15.65,NA,NA,NA,285.826
1984-01-30,15.65,NA,NA,NA,285.826
1984-01-31,15.65,NA,NA,NA,285.826
1984-02-01,15.65,NA,NA,NA,285.826
1984-02-02,15.702,NA,NA,NA,285.829
1984-02-03,15.702,NA,NA,NA,285.829
1984-02-04,15.702,NA,NA,NA,285.829
1984-02-05,15.65,NA,NA,NA,285.826
1984-02-06,15.65,NA,NA,NA,285.826
1984-02-07,15.597,NA,NA,NA,285.823
1984-02-08,15.597,NA,NA,NA,285.823
1984-02-09,15.65,NA,NA,NA,285.826
1984-02-10,15.702,NA,NA,NA,285.829
1984-02-11,15.755,NA,NA,NA,285.832
1984-02-12,15.807,NA,NA,NA,285.835
1984-02-13,15.86,NA,NA,NA,285.838
1984-02-14,15.965,NA,NA,NA,285.844
1984-02-15,16.017,NA,NA,NA,285.848
1984-02-16,16.122,NA,NA,NA,285.854
1984-02-17,16.175,NA,NA,NA,285.857
1984-02-18,16.175,NA,NA,NA,285.857
1984-02-19,16.175,NA,NA,NA,285.857
1984-02-20,16.175,NA,NA,NA,285.857
1984-02-21,16.175,NA,NA,NA,285.857
1984-02-22,16.331,NA,NA,NA,285.866
1984-02-23,16.436,NA,NA,NA,285.872
1984-02-24,16.541,NA,NA,NA,285.878
1984-02-25,16.909,NA,NA,NA,285.899
1984-02-26,17.501,NA,NA,NA,285.924
1984-02-27,18.04,NA,NA,NA,285.945
1984-02-28,18.656,NA,NA,NA,285.969
1984-02-29,19.427,NA,NA,NA,286
1984-03-01,19.736,NA,NA,NA,286.012
1984-03-02,19.968,NA,NA,NA,286.021
1984-03-03,20.122,NA,NA,NA,286.027
1984-03-04,20.276,NA,NA,NA,286.033
1984-03-05,20.43,NA,NA,NA,286.04
1984-03-06,20.276,NA,NA,NA,286.033
1984-03-07,20.276,NA,NA,NA,286.033
1984-03-08,20.507,NA,NA,NA,286.043
1984-03-09,20.815,NA,NA,NA,286.055
1984-03-10,20.969,NA,NA,NA,286.061
1984-03-11,21.123,NA,NA,NA,286.067
1984-03-12,21.355,NA,NA,NA,286.076
1984-03-13,21.586,NA,NA,NA,286.085
1984-03-14,21.74,NA,NA,NA,286.091
1984-03-15,21.74,NA,NA,NA,286.091
1984-03-16,21.818,NA,NA,NA,286.094
1984-03-17,21.818,NA,NA,NA,286.094
1984-03-18,21.818,NA,NA,NA,286.094
1984-03-19,21.818,NA,NA,NA,286.094
1984-03-20,21.894,NA,NA,NA,286.097
1984-03-21,21.894,NA,NA,NA,286.097
1984-03-22,21.894,NA,NA,NA,286.097
1984-03-23,21.74,NA,NA,NA,286.091
1984-03-24,22.28,NA,NA,NA,286.113
1984-03-25,23.36,NA,NA,NA,286.155
1984-03-26,25.027,NA,NA,NA,286.219
1984-03-27,29.32,NA,NA,NA,286.366
1984-03-28,32.45,NA,NA,NA,286.472
1984-03-29,34.568,NA,NA,NA,286.542
1984-03-30,35.715,NA,NA,NA,286.579
1984-03-31,36.289,NA,NA,NA,286.597
1984-04-01,36.768,NA,NA,NA,286.613
1984-04-02,37.532,NA,NA,NA,286.637
1984-04-03,39.062,NA,NA,NA,286.686
1984-04-04,40.018,NA,NA,NA,286.716
1984-04-05,40.783,NA,NA,NA,286.741
1984-04-06,40.783,NA,NA,NA,286.741
1984-04-07,40.4,NA,NA,NA,286.728
1984-04-08,39.73,NA,NA,NA,286.707
1984-04-09,39.062,NA,NA,NA,286.686
1984-04-10,38.297,NA,NA,NA,286.661
1984-04-11,38.392,NA,NA,NA,286.664
1984-04-12,37.724,NA,NA,NA,286.643
1984-04-13,40.878,NA,NA,NA,286.744
1984-04-14,41.833,NA,NA,NA,286.774
1984-04-15,42.503,NA,NA,NA,286.795
1984-04-16,43.172,NA,NA,NA,286.817
1984-04-17,42.981,NA,NA,NA,286.811
1984-04-18,42.981,NA,NA,NA,286.811
1984-04-19,42.312,NA,NA,NA,286.789
1984-04-20,40.878,NA,NA,NA,286.744
1984-04-21,39.73,NA,NA,NA,286.707
1984-04-22,38.583,NA,NA,NA,286.67
1984-04-23,37.532,NA,NA,NA,286.637
1984-04-24,36.671,NA,NA,NA,286.61
1984-04-25,35.524,NA,NA,NA,286.573
1984-04-26,33.804,NA,NA,NA,286.518
1984-04-27,36.003,NA,NA,NA,286.588
1984-04-28,35.715,NA,NA,NA,286.579
1984-04-29,35.524,NA,NA,NA,286.573
1984-04-30,35.047,NA,NA,NA,286.558
1984-05-01,32.897,NA,NA,NA,286.488
1984-05-02,31.02,NA,NA,NA,286.424
1984-05-03,31.02,NA,NA,NA,286.424
1984-05-04,31.108,NA,NA,NA,286.427
1984-05-05,31.824,NA,NA,NA,286.451
1984-05-06,32.539,NA,NA,NA,286.475
1984-05-07,33.345,NA,NA,NA,286.503
1984-05-08,30.841,NA,NA,NA,286.418
1984-05-09,30.035,NA,NA,NA,286.39
1984-05-10,30.035,NA,NA,NA,286.39
1984-05-11,30.035,NA,NA,NA,286.39
1984-05-12,29.768,NA,NA,NA,286.381
1984-05-13,29.589,NA,NA,NA,286.375
1984-05-14,29.32,NA,NA,NA,286.366
1984-05-15,28.604,NA,NA,NA,286.341
1984-05-16,27.979,NA,NA,NA,286.32
1984-05-17,28.247,NA,NA,NA,286.329
1984-05-18,28.426,NA,NA,NA,286.335
1984-05-19,27.889,NA,NA,NA,286.317
1984-05-20,27.264,NA,NA,NA,286.296
1984-05-21,26.727,NA,NA,NA,286.277
1984-05-22,26.458,NA,NA,NA,286.268
1984-05-23,26.19,NA,NA,NA,286.259
1984-05-24,26.1,NA,NA,NA,286.256
1984-05-25,25.922,NA,NA,NA,286.25
1984-05-26,25.117,NA,NA,NA,286.222
1984-05-27,24.439,NA,NA,NA,286.198
1984-05-28,23.744,NA,NA,NA,286.171
1984-05-29,23.051,NA,NA,NA,286.143
1984-05-30,23.436,NA,NA,NA,286.158
1984-05-31,23.899,NA,NA,NA,286.177
1984-06-01,24.285,NA,NA,NA,286.192
1984-06-02,23.282,NA,NA,NA,286.152
1984-06-03,22.203,NA,NA,NA,286.11
1984-06-04,21.123,NA,NA,NA,286.067
1984-06-05,20.893,NA,NA,NA,286.058
1984-06-06,20.738,NA,NA,NA,286.052
1984-06-07,21.201,NA,NA,NA,286.07
1984-06-08,24.285,NA,NA,NA,286.192
1984-06-09,24.053,NA,NA,NA,286.183
1984-06-10,23.899,NA,NA,NA,286.177
1984-06-11,21.664,NA,NA,NA,286.088
1984-06-12,22.665,NA,NA,NA,286.128
1984-06-13,23.282,NA,NA,NA,286.152
1984-06-14,24.285,NA,NA,NA,286.192
1984-06-15,28.516,NA,NA,NA,286.338
1984-06-16,31.645,NA,NA,NA,286.445
1984-06-17,34.282,NA,NA,NA,286.533
1984-06-18,37.436,NA,NA,NA,286.634
1984-06-19,39.253,NA,NA,NA,286.692
1984-06-20,41.356,NA,NA,NA,286.759
1984-06-21,40.974,NA,NA,NA,286.747
1984-06-22,40.591,NA,NA,NA,286.735
1984-06-23,41.26,NA,NA,NA,286.756
1984-06-24,42.789,NA,NA,NA,286.805
1984-06-25,43.616,NA,NA,NA,286.829
1984-06-26,43.077,NA,NA,NA,286.814
1984-06-27,41.93,NA,NA,NA,286.777
1984-06-28,40.304,NA,NA,NA,286.725
1984-06-29,39.348,NA,NA,NA,286.695
1984-06-30,38.583,NA,NA,NA,286.67
1984-07-01,37.724,NA,NA,NA,286.643
1984-07-02,36.959,NA,NA,NA,286.619
1984-07-03,35.812,NA,NA,NA,286.582
1984-07-04,35.238,NA,NA,NA,286.564
1984-07-05,34.664,NA,NA,NA,286.546
1984-07-06,35.047,NA,NA,NA,286.558
1984-07-07,34.282,NA,NA,NA,286.533
1984-07-08,33.612,NA,NA,NA,286.512
1984-07-09,32.897,NA,NA,NA,286.488
1984-07-10,32.181,NA,NA,NA,286.463
1984-07-11,31.287,NA,NA,NA,286.433
1984-07-12,30.662,NA,NA,NA,286.411
1984-07-13,30.035,NA,NA,NA,286.39
1984-07-14,29.946,NA,NA,NA,286.387
1984-07-15,29.946,NA,NA,NA,286.387
1984-07-16,29.946,NA,NA,NA,286.387
1984-07-17,29.589,NA,NA,NA,286.375
1984-07-18,29.32,NA,NA,NA,286.366
1984-07-19,28.516,NA,NA,NA,286.338
1984-07-20,27.979,NA,NA,NA,286.32
1984-07-21,27.442,NA,NA,NA,286.302
1984-07-22,26.906,NA,NA,NA,286.283
1984-07-23,26.369,NA,NA,NA,286.265
1984-07-24,25.654,NA,NA,NA,286.241
1984-07-25,24.848,NA,NA,NA,286.213
1984-07-26,23.976,NA,NA,NA,286.18
1984-07-27,23.051,NA,NA,NA,286.143
1984-07-28,22.28,NA,NA,NA,286.113
1984-07-29,21.432,NA,NA,NA,286.079
1984-07-30,20.584,NA,NA,NA,286.046
1984-07-31,20.276,NA,NA,NA,286.033
1984-08-01,19.89,NA,NA,NA,286.018
1984-08-02,19.273,NA,NA,NA,285.994
1984-08-03,18.656,NA,NA,NA,285.969
1984-08-04,18.502,NA,NA,NA,285.963
1984-08-05,18.348,NA,NA,NA,285.957
1984-08-06,18.272,NA,NA,NA,285.954
1984-08-07,18.194,NA,NA,NA,285.951
1984-08-08,18.04,NA,NA,NA,285.945
1984-08-09,17.885,NA,NA,NA,285.939
1984-08-10,17.655,NA,NA,NA,285.93
1984-08-11,17.809,NA,NA,NA,285.936
1984-08-12,17.885,NA,NA,NA,285.939
1984-08-13,17.963,NA,NA,NA,285.942
1984-08-14,17.655,NA,NA,NA,285.93
1984-08-15,17.346,NA,NA,NA,285.918
1984-08-16,17.423,NA,NA,NA,285.921
1984-08-17,17.423,NA,NA,NA,285.921
1984-08-18,16.96,NA,NA,NA,285.902
1984-08-19,16.699,NA,NA,NA,285.887
1984-08-20,16.489,NA,NA,NA,285.875
1984-08-21,17.269,NA,NA,NA,285.915
1984-08-22,18.194,NA,NA,NA,285.951
1984-08-23,17.115,NA,NA,NA,285.908
1984-08-24,16.436,NA,NA,NA,285.872
1984-08-25,16.751,NA,NA,NA,285.89
1984-08-26,17.115,NA,NA,NA,285.908
1984-08-27,17.577,NA,NA,NA,285.927
1984-08-28,17.655,NA,NA,NA,285.93
1984-08-29,17.655,NA,NA,NA,285.93
1984-08-30,17.346,NA,NA,NA,285.918
1984-08-31,17.115,NA,NA,NA,285.908
1984-09-01,17.115,NA,NA,NA,285.908
1984-09-02,17.115,NA,NA,NA,285.908
1984-09-03,17.115,NA,NA,NA,285.908
1984-09-04,17.115,NA,NA,NA,285.908
1984-09-05,17.346,NA,NA,NA,285.918
1984-09-06,17.501,NA,NA,NA,285.924
1984-09-07,17.655,NA,NA,NA,285.93
1984-09-08,17.346,NA,NA,NA,285.918
1984-09-09,17.115,NA,NA,NA,285.908
1984-09-10,16.856,NA,NA,NA,285.896
1984-09-11,16.699,NA,NA,NA,285.887
1984-09-12,16.594,NA,NA,NA,285.881
1984-09-13,16.804,NA,NA,NA,285.893
1984-09-14,17.115,NA,NA,NA,285.908
1984-09-15,16.909,NA,NA,NA,285.899
1984-09-16,16.751,NA,NA,NA,285.89
1984-09-17,16.594,NA,NA,NA,285.881
1984-09-18,16.594,NA,NA,NA,285.881
1984-09-19,16.646,NA,NA,NA,285.884
1984-09-20,16.804,NA,NA,NA,285.893
1984-09-21,17.038,NA,NA,NA,285.905
1984-09-22,17.346,NA,NA,NA,285.918
1984-09-23,17.577,NA,NA,NA,285.927
1984-09-24,17.885,NA,NA,NA,285.939
1984-09-25,17.423,NA,NA,NA,285.921
1984-09-26,16.96,NA,NA,NA,285.902
1984-09-27,17.115,NA,NA,NA,285.908
1984-09-28,17.577,NA,NA,NA,285.927
1984-09-29,17.192,NA,NA,NA,285.912
1984-09-30,16.909,NA,NA,NA,285.899
1984-10-01,16.699,NA,NA,NA,285.887
1984-10-02,16.751,NA,NA,NA,285.89
1984-10-03,16.804,NA,NA,NA,285.893
1984-10-04,16.436,NA,NA,NA,285.872
1984-10-05,16.489,NA,NA,NA,285.875
1984-10-06,16.541,NA,NA,NA,285.878
1984-10-07,16.594,NA,NA,NA,285.881
1984-10-08,16.699,NA,NA,NA,285.887
1984-10-09,16.751,NA,NA,NA,285.89
1984-10-10,16.541,NA,NA,NA,285.878
1984-10-11,16.541,NA,NA,NA,285.878
1984-10-12,16.489,NA,NA,NA,285.875
1984-10-13,17.577,NA,NA,NA,285.927
1984-10-14,18.888,NA,NA,NA,285.979
1984-10-15,20.198,NA,NA,NA,286.03
1984-10-16,19.351,NA,NA,NA,285.997
1984-10-17,20.352,NA,NA,NA,286.037
1984-10-18,20.352,NA,NA,NA,286.037
1984-10-19,27.621,NA,NA,NA,286.308
1984-10-20,25.385,NA,NA,NA,286.232
1984-10-21,26.816,NA,NA,NA,286.28
1984-10-22,29.41,NA,NA,NA,286.369
1984-10-23,31.645,NA,NA,NA,286.445
1984-10-24,34.473,NA,NA,NA,286.539
1984-10-25,36.671,NA,NA,NA,286.61
1984-10-26,38.679,NA,NA,NA,286.674
1984-10-27,39.444,NA,NA,NA,286.698
1984-10-28,38.583,NA,NA,NA,286.67
1984-10-29,39.157,NA,NA,NA,286.689
1984-10-30,38.774,NA,NA,NA,286.677
1984-10-31,36.863,NA,NA,NA,286.616
1984-11-01,38.774,NA,NA,NA,286.677
1984-11-02,35.047,NA,NA,NA,286.558
1984-11-03,33.524,NA,NA,NA,286.509
1984-11-04,32.181,NA,NA,NA,286.463
1984-11-05,30.93,NA,NA,NA,286.421
1984-11-06,29.678,NA,NA,NA,286.378
1984-11-07,28.783,NA,NA,NA,286.347
1984-11-08,27.979,NA,NA,NA,286.32
1984-11-09,27.264,NA,NA,NA,286.296
1984-11-10,26.637,NA,NA,NA,286.274
1984-11-11,26.012,NA,NA,NA,286.253
1984-11-12,25.385,NA,NA,NA,286.232
1984-11-13,24.848,NA,NA,NA,286.213
1984-11-14,23.899,NA,NA,NA,286.177
1984-11-15,28.516,NA,NA,NA,286.338
1984-11-16,23.051,NA,NA,NA,286.143
1984-11-17,22.897,NA,NA,NA,286.137
1984-11-18,22.665,NA,NA,NA,286.128
1984-11-19,22.511,NA,NA,NA,286.122
1984-11-20,22.357,NA,NA,NA,286.116
1984-11-21,22.203,NA,NA,NA,286.11
1984-11-22,22.28,NA,NA,NA,286.113
1984-11-23,22.357,NA,NA,NA,286.116
1984-11-24,22.435,NA,NA,NA,286.119
1984-11-25,22.511,NA,NA,NA,286.122
1984-11-26,22.589,NA,NA,NA,286.125
1984-11-27,22.435,NA,NA,NA,286.119
1984-11-28,22.28,NA,NA,NA,286.113
1984-11-29,22.126,NA,NA,NA,286.107
1984-11-30,21.972,NA,NA,NA,286.101
1984-12-01,21.74,NA,NA,NA,286.091
1984-12-02,21.586,NA,NA,NA,286.085
1984-12-03,21.432,NA,NA,NA,286.079
1984-12-04,21.201,NA,NA,NA,286.07
1984-12-05,20.969,NA,NA,NA,286.061
1984-12-06,20.815,NA,NA,NA,286.055
1984-12-07,20.738,NA,NA,NA,286.052
1984-12-08,21.047,NA,NA,NA,286.064
1984-12-09,21.355,NA,NA,NA,286.076
1984-12-10,21.664,NA,NA,NA,286.088
1984-12-11,21.74,NA,NA,NA,286.091
1984-12-12,21.586,NA,NA,NA,286.085
1984-12-13,21.509,NA,NA,NA,286.082
1984-12-14,21.355,NA,NA,NA,286.076
1984-12-15,21.509,NA,NA,NA,286.082
1984-12-16,21.586,NA,NA,NA,286.085
1984-12-17,21.74,NA,NA,NA,286.091
1984-12-18,21.432,NA,NA,NA,286.079
1984-12-19,21.355,NA,NA,NA,286.076
1984-12-20,21.278,NA,NA,NA,286.073
1984-12-21,21.201,NA,NA,NA,286.07
1984-12-22,21.047,NA,NA,NA,286.064
1984-12-23,20.893,NA,NA,NA,286.058
1984-12-24,20.661,NA,NA,NA,286.049
1984-12-25,20.507,NA,NA,NA,286.043
1984-12-26,20.352,NA,NA,NA,286.037
1984-12-27,20.352,NA,NA,NA,286.037
1984-12-28,20.352,NA,NA,NA,286.037
1984-12-29,20.122,NA,NA,NA,286.027
1984-12-30,19.813,NA,NA,NA,286.015
1984-12-31,19.581,NA,NA,NA,286.006
1985-01-01,19.581,NA,NA,NA,286.006
1985-01-02,19.581,NA,NA,NA,286.006
1985-01-03,19.581,NA,NA,NA,286.006
1985-01-04,19.581,NA,NA,NA,286.006
1985-01-05,19.505,NA,NA,NA,286.003
1985-01-06,19.351,NA,NA,NA,285.997
1985-01-07,19.273,NA,NA,NA,285.994
1985-01-08,19.736,NA,NA,NA,286.012
1985-01-09,19.427,NA,NA,NA,286
1985-01-10,19.042,NA,NA,NA,285.985
1985-01-11,18.734,NA,NA,NA,285.973
1985-01-12,18.734,NA,NA,NA,285.973
1985-01-13,18.734,NA,NA,NA,285.973
1985-01-14,18.656,NA,NA,NA,285.969
1985-01-15,18.656,NA,NA,NA,285.969
1985-01-16,18.734,NA,NA,NA,285.973
1985-01-17,18.734,NA,NA,NA,285.973
1985-01-18,18.811,NA,NA,NA,285.976
1985-01-19,18.734,NA,NA,NA,285.973
1985-01-20,18.656,NA,NA,NA,285.969
1985-01-21,18.656,NA,NA,NA,285.969
1985-01-22,18.502,NA,NA,NA,285.963
1985-01-23,18.272,NA,NA,NA,285.954
1985-01-24,18.04,NA,NA,NA,285.945
1985-01-25,17.809,NA,NA,NA,285.936
1985-01-26,17.963,NA,NA,NA,285.942
1985-01-27,18.117,NA,NA,NA,285.948
1985-01-28,18.194,NA,NA,NA,285.951
1985-01-29,18.348,NA,NA,NA,285.957
1985-01-30,18.502,NA,NA,NA,285.963
1985-01-31,17.731,NA,NA,NA,285.933
1985-02-01,17.655,NA,NA,NA,285.93
1985-02-02,17.577,NA,NA,NA,285.927
1985-02-03,17.501,NA,NA,NA,285.924
1985-02-04,17.423,NA,NA,NA,285.921
1985-02-05,17.423,NA,NA,NA,285.921
1985-02-06,17.346,NA,NA,NA,285.918
1985-02-07,17.269,NA,NA,NA,285.915
1985-02-08,17.269,NA,NA,NA,285.915
1985-02-09,17.346,NA,NA,NA,285.918
1985-02-10,17.501,NA,NA,NA,285.924
1985-02-11,17.577,NA,NA,NA,285.927
1985-02-12,17.655,NA,NA,NA,285.93
1985-02-13,17.731,NA,NA,NA,285.933
1985-02-14,17.731,NA,NA,NA,285.933
1985-02-15,17.809,NA,NA,NA,285.936
1985-02-16,17.731,NA,NA,NA,285.933
1985-02-17,17.731,NA,NA,NA,285.933
1985-02-18,17.655,NA,NA,NA,285.93
1985-02-19,17.655,NA,NA,NA,285.93
1985-02-20,17.501,NA,NA,NA,285.924
1985-02-21,17.346,NA,NA,NA,285.918
1985-02-22,17.269,NA,NA,NA,285.915
1985-02-23,17.346,NA,NA,NA,285.918
1985-02-24,17.346,NA,NA,NA,285.918
1985-02-25,17.423,NA,NA,NA,285.921
1985-02-26,17.885,NA,NA,NA,285.939
1985-02-27,18.194,NA,NA,NA,285.951
1985-02-28,18.426,NA,NA,NA,285.96
1985-03-01,18.656,NA,NA,NA,285.969
1985-03-02,18.888,NA,NA,NA,285.979
1985-03-03,19.042,NA,NA,NA,285.985
1985-03-04,19.197,NA,NA,NA,285.991
1985-03-05,19.427,NA,NA,NA,286
1985-03-06,19.119,NA,NA,NA,285.988
1985-03-07,18.811,NA,NA,NA,285.976
1985-03-08,18.426,NA,NA,NA,285.96
1985-03-09,18.348,NA,NA,NA,285.957
1985-03-10,18.348,NA,NA,NA,285.957
1985-03-11,18.348,NA,NA,NA,285.957
1985-03-12,18.502,NA,NA,NA,285.963
1985-03-13,18.656,NA,NA,NA,285.969
1985-03-14,18.965,NA,NA,NA,285.982
1985-03-15,19.659,NA,NA,NA,286.009
1985-03-16,21.355,NA,NA,NA,286.076
1985-03-17,24.053,NA,NA,NA,286.183
1985-03-18,28.158,NA,NA,NA,286.326
1985-03-19,33.345,NA,NA,NA,286.503
1985-03-20,39.635,NA,NA,NA,286.704
1985-03-21,44.837,NA,NA,NA,286.863
1985-03-22,48.389,NA,NA,NA,286.96
1985-03-23,50.277,NA,NA,NA,287.012
1985-03-24,52.386,NA,NA,NA,287.07
1985-03-25,53.496,NA,NA,NA,287.1
1985-03-26,53.274,NA,NA,NA,287.094
1985-03-27,53.052,NA,NA,NA,287.088
1985-03-28,51.942,NA,NA,NA,287.058
1985-03-29,49.944,NA,NA,NA,287.003
1985-03-30,47.945,NA,NA,NA,286.948
1985-03-31,45.947,NA,NA,NA,286.893
1985-04-01,43.838,NA,NA,NA,286.835
1985-04-02,42.789,NA,NA,NA,286.805
1985-04-03,41.547,NA,NA,NA,286.765
1985-04-04,40.686,NA,NA,NA,286.738
1985-04-05,39.827,NA,NA,NA,286.71
1985-04-06,38.488,NA,NA,NA,286.667
1985-04-07,37.15,NA,NA,NA,286.625
1985-04-08,35.812,NA,NA,NA,286.582
1985-04-09,35.142,NA,NA,NA,286.561
1985-04-10,34.377,NA,NA,NA,286.536
1985-04-11,32.808,NA,NA,NA,286.485
1985-04-12,31.466,NA,NA,NA,286.439
1985-04-13,31.108,NA,NA,NA,286.427
1985-04-14,30.841,NA,NA,NA,286.418
1985-04-15,30.393,NA,NA,NA,286.402
1985-04-16,29.499,NA,NA,NA,286.372
1985-04-17,28.694,NA,NA,NA,286.344
1985-04-18,28.516,NA,NA,NA,286.338
1985-04-19,28.247,NA,NA,NA,286.329
1985-04-20,28.337,NA,NA,NA,286.332
1985-04-21,28.426,NA,NA,NA,286.335
1985-04-22,28.516,NA,NA,NA,286.338
1985-04-23,31.108,NA,NA,NA,286.427
1985-04-24,29.856,NA,NA,NA,286.384
1985-04-25,30.035,NA,NA,NA,286.39
1985-04-26,30.662,NA,NA,NA,286.411
1985-04-27,31.02,NA,NA,NA,286.424
1985-04-28,31.287,NA,NA,NA,286.433
1985-04-29,31.645,NA,NA,NA,286.445
1985-04-30,31.824,NA,NA,NA,286.451
1985-05-01,32.093,NA,NA,NA,286.46
1985-05-02,31.735,NA,NA,NA,286.448
1985-05-03,30.393,NA,NA,NA,286.402
1985-05-04,29.499,NA,NA,NA,286.372
1985-05-05,28.604,NA,NA,NA,286.341
1985-05-06,27.71,NA,NA,NA,286.311
1985-05-07,26.548,NA,NA,NA,286.271
1985-05-08,25.475,NA,NA,NA,286.235
1985-05-09,25.027,NA,NA,NA,286.219
1985-05-10,24.593,NA,NA,NA,286.204
1985-05-11,24.285,NA,NA,NA,286.192
1985-05-12,23.976,NA,NA,NA,286.18
1985-05-13,23.822,NA,NA,NA,286.174
1985-05-14,24.593,NA,NA,NA,286.204
1985-05-15,25.385,NA,NA,NA,286.232
1985-05-16,25.027,NA,NA,NA,286.219
1985-05-17,24.67,NA,NA,NA,286.207
1985-05-18,24.76,NA,NA,NA,286.21
1985-05-19,24.938,NA,NA,NA,286.216
1985-05-20,25.027,NA,NA,NA,286.219
1985-05-21,24.67,NA,NA,NA,286.207
1985-05-22,24.361,NA,NA,NA,286.195
1985-05-23,24.67,NA,NA,NA,286.207
1985-05-24,24.938,NA,NA,NA,286.216
1985-05-25,24.76,NA,NA,NA,286.21
1985-05-26,24.515,NA,NA,NA,286.201
1985-05-27,24.361,NA,NA,NA,286.195
1985-05-28,24.131,NA,NA,NA,286.186
1985-05-29,23.976,NA,NA,NA,286.18
1985-05-30,23.59,NA,NA,NA,286.165
1985-05-31,28.158,NA,NA,NA,286.326
1985-06-01,26.548,NA,NA,NA,286.271
1985-06-02,24.938,NA,NA,NA,286.216
1985-06-03,23.668,NA,NA,NA,286.168
1985-06-04,24.285,NA,NA,NA,286.192
1985-06-05,24.938,NA,NA,NA,286.216
1985-06-06,25.475,NA,NA,NA,286.235
1985-06-07,26.012,NA,NA,NA,286.253
1985-06-08,25.654,NA,NA,NA,286.241
1985-06-09,25.385,NA,NA,NA,286.232
1985-06-10,25.027,NA,NA,NA,286.219
1985-06-11,25.027,NA,NA,NA,286.219
1985-06-12,24.938,NA,NA,NA,286.216
1985-06-13,24.67,NA,NA,NA,286.207
1985-06-14,24.515,NA,NA,NA,286.201
1985-06-15,25.296,NA,NA,NA,286.229
1985-06-16,26.1,NA,NA,NA,286.256
1985-06-17,26.727,NA,NA,NA,286.277
1985-06-18,25.027,NA,NA,NA,286.219
1985-06-19,23.744,NA,NA,NA,286.171
1985-06-20,23.436,NA,NA,NA,286.158
1985-06-21,23.205,NA,NA,NA,286.149
1985-06-22,22.974,NA,NA,NA,286.14
1985-06-23,22.665,NA,NA,NA,286.128
1985-06-24,22.435,NA,NA,NA,286.119
1985-06-25,23.051,NA,NA,NA,286.143
1985-06-26,23.436,NA,NA,NA,286.158
1985-06-27,22.897,NA,NA,NA,286.137
1985-06-28,22.357,NA,NA,NA,286.116
1985-06-29,22.126,NA,NA,NA,286.107
1985-06-30,21.894,NA,NA,NA,286.097
1985-07-01,21.74,NA,NA,NA,286.091
1985-07-02,21.355,NA,NA,NA,286.076
1985-07-03,20.893,NA,NA,NA,286.058
1985-07-04,20.507,NA,NA,NA,286.043
1985-07-05,20.122,NA,NA,NA,286.027
1985-07-06,19.813,NA,NA,NA,286.015
1985-07-07,19.505,NA,NA,NA,286.003
1985-07-08,19.273,NA,NA,NA,285.994
1985-07-09,18.965,NA,NA,NA,285.982
1985-07-10,18.734,NA,NA,NA,285.973
1985-07-11,18.272,NA,NA,NA,285.954
1985-07-12,17.885,NA,NA,NA,285.939
1985-07-13,18.04,NA,NA,NA,285.945
1985-07-14,18.194,NA,NA,NA,285.951
1985-07-15,18.348,NA,NA,NA,285.957
1985-07-16,18.04,NA,NA,NA,285.945
1985-07-17,17.731,NA,NA,NA,285.933
1985-07-18,18.502,NA,NA,NA,285.963
1985-07-19,18.502,NA,NA,NA,285.963
1985-07-20,18.194,NA,NA,NA,285.951
1985-07-21,17.963,NA,NA,NA,285.942
1985-07-22,17.655,NA,NA,NA,285.93
1985-07-23,18.348,NA,NA,NA,285.957
1985-07-24,18.888,NA,NA,NA,285.979
1985-07-25,18.888,NA,NA,NA,285.979
1985-07-26,18.811,NA,NA,NA,285.976
1985-07-27,18.58,NA,NA,NA,285.966
1985-07-28,18.426,NA,NA,NA,285.96
1985-07-29,18.194,NA,NA,NA,285.951
1985-07-30,18.117,NA,NA,NA,285.948
1985-07-31,18.04,NA,NA,NA,285.945
1985-08-01,17.655,NA,NA,NA,285.93
1985-08-02,17.423,NA,NA,NA,285.921
1985-08-03,17.577,NA,NA,NA,285.927
1985-08-04,17.731,NA,NA,NA,285.933
1985-08-05,17.809,NA,NA,NA,285.936
1985-08-06,17.501,NA,NA,NA,285.924
1985-08-07,17.269,NA,NA,NA,285.915
1985-08-08,17.346,NA,NA,NA,285.918
1985-08-09,17.423,NA,NA,NA,285.921
1985-08-10,17.346,NA,NA,NA,285.918
1985-08-11,17.269,NA,NA,NA,285.915
1985-08-12,17.269,NA,NA,NA,285.915
1985-08-13,17.501,NA,NA,NA,285.924
1985-08-14,17.577,NA,NA,NA,285.927
1985-08-15,17.038,NA,NA,NA,285.905
1985-08-16,16.699,NA,NA,NA,285.887
1985-08-17,16.804,NA,NA,NA,285.893
1985-08-18,16.909,NA,NA,NA,285.899
1985-08-19,16.96,NA,NA,NA,285.902
1985-08-20,16.699,NA,NA,NA,285.887
1985-08-21,16.541,NA,NA,NA,285.878
1985-08-22,16.96,NA,NA,NA,285.902
1985-08-23,17.577,NA,NA,NA,285.927
1985-08-24,17.423,NA,NA,NA,285.921
1985-08-25,17.192,NA,NA,NA,285.912
1985-08-26,17.038,NA,NA,NA,285.905
1985-08-27,17.192,NA,NA,NA,285.912
1985-08-28,17.269,NA,NA,NA,285.915
1985-08-29,17.501,NA,NA,NA,285.924
1985-08-30,17.809,NA,NA,NA,285.936
1985-08-31,18.58,NA,NA,NA,285.966
1985-09-01,19.273,NA,NA,NA,285.994
1985-09-02,20.044,NA,NA,NA,286.024
1985-09-03,20.815,NA,NA,NA,286.055
1985-09-04,20.43,NA,NA,NA,286.04
1985-09-05,21.047,NA,NA,NA,286.064
1985-09-06,22.048,NA,NA,NA,286.104
1985-09-07,23.128,NA,NA,NA,286.146
1985-09-08,24.131,NA,NA,NA,286.186
1985-09-09,25.027,NA,NA,NA,286.219
1985-09-10,25.385,NA,NA,NA,286.232
1985-09-11,25.833,NA,NA,NA,286.247
1985-09-12,26.1,NA,NA,NA,286.256
1985-09-13,26.458,NA,NA,NA,286.268
1985-09-14,27.531,NA,NA,NA,286.305
1985-09-15,27.264,NA,NA,NA,286.296
1985-09-16,26.906,NA,NA,NA,286.283
1985-09-17,26.995,NA,NA,NA,286.286
1985-09-18,26.369,NA,NA,NA,286.265
1985-09-19,25.206,NA,NA,NA,286.225
1985-09-20,24.848,NA,NA,NA,286.213
1985-09-21,22.435,NA,NA,NA,286.119
1985-09-22,22.819,NA,NA,NA,286.134
1985-09-23,23.436,NA,NA,NA,286.158
1985-09-24,21.894,NA,NA,NA,286.097
1985-09-25,20.43,NA,NA,NA,286.04
1985-09-26,20.044,NA,NA,NA,286.024
1985-09-27,19.736,NA,NA,NA,286.012
1985-09-28,19.89,NA,NA,NA,286.018
1985-09-29,20.044,NA,NA,NA,286.024
1985-09-30,19.968,NA,NA,NA,286.021
1985-10-01,19.042,NA,NA,NA,285.985
1985-10-02,18.502,NA,NA,NA,285.963
1985-10-03,20.352,NA,NA,NA,286.037
1985-10-04,21.894,NA,NA,NA,286.097
1985-10-05,20.352,NA,NA,NA,286.037
1985-10-06,18.811,NA,NA,NA,285.976
1985-10-07,17.731,NA,NA,NA,285.933
1985-10-08,18.194,NA,NA,NA,285.951
1985-10-09,18.502,NA,NA,NA,285.963
1985-10-10,18.348,NA,NA,NA,285.957
1985-10-11,18.272,NA,NA,NA,285.954
1985-10-12,18.58,NA,NA,NA,285.966
1985-10-13,18.888,NA,NA,NA,285.979
1985-10-14,19.197,NA,NA,NA,285.991
1985-10-15,19.427,NA,NA,NA,286
1985-10-16,19.427,NA,NA,NA,286
1985-10-17,19.505,NA,NA,NA,286.003
1985-10-18,19.813,NA,NA,NA,286.015
1985-10-19,19.581,NA,NA,NA,286.006
1985-10-20,19.427,NA,NA,NA,286
1985-10-21,19.351,NA,NA,NA,285.997
1985-10-22,19.89,NA,NA,NA,286.018
1985-10-23,20.276,NA,NA,NA,286.033
1985-10-24,20.044,NA,NA,NA,286.024
1985-10-25,19.736,NA,NA,NA,286.012
1985-10-26,19.581,NA,NA,NA,286.006
1985-10-27,19.351,NA,NA,NA,285.997
1985-10-28,19.273,NA,NA,NA,285.994
1985-10-29,19.505,NA,NA,NA,286.003
1985-10-30,19.736,NA,NA,NA,286.012
1985-10-31,20.044,NA,NA,NA,286.024
1985-11-01,20.276,NA,NA,NA,286.033
1985-11-02,20.198,NA,NA,NA,286.03
1985-11-03,20.044,NA,NA,NA,286.024
1985-11-04,20.044,NA,NA,NA,286.024
1985-11-05,20.661,NA,NA,NA,286.049
1985-11-06,21.278,NA,NA,NA,286.073
1985-11-07,20.584,NA,NA,NA,286.046
1985-11-08,19.968,NA,NA,NA,286.021
1985-11-09,19.89,NA,NA,NA,286.018
1985-11-10,19.89,NA,NA,NA,286.018
1985-11-11,19.813,NA,NA,NA,286.015
1985-11-12,19.736,NA,NA,NA,286.012
1985-11-13,19.659,NA,NA,NA,286.009
1985-11-14,19.581,NA,NA,NA,286.006
1985-11-15,19.427,NA,NA,NA,286
1985-11-16,19.351,NA,NA,NA,285.997
1985-11-17,19.273,NA,NA,NA,285.994
1985-11-18,19.119,NA,NA,NA,285.988
1985-11-19,19.042,NA,NA,NA,285.985
1985-11-20,19.042,NA,NA,NA,285.985
1985-11-21,18.502,NA,NA,NA,285.963
1985-11-22,18.734,NA,NA,NA,285.973
1985-11-23,18.734,NA,NA,NA,285.973
1985-11-24,18.656,NA,NA,NA,285.969
1985-11-25,18.656,NA,NA,NA,285.969
1985-11-26,18.656,NA,NA,NA,285.969
1985-11-27,18.58,NA,NA,NA,285.966
1985-11-28,18.58,NA,NA,NA,285.966
1985-11-29,18.502,NA,NA,NA,285.963
1985-11-30,18.656,NA,NA,NA,285.969
1985-12-01,18.734,NA,NA,NA,285.973
1985-12-02,18.811,NA,NA,NA,285.976
1985-12-03,18.656,NA,NA,NA,285.969
1985-12-04,18.502,NA,NA,NA,285.963
1985-12-05,18.426,NA,NA,NA,285.96
1985-12-06,18.348,NA,NA,NA,285.957
1985-12-07,18.348,NA,NA,NA,285.957
1985-12-08,18.348,NA,NA,NA,285.957
1985-12-09,18.348,NA,NA,NA,285.957
1985-12-10,18.348,NA,NA,NA,285.957
1985-12-11,18.272,NA,NA,NA,285.954
1985-12-12,18.194,NA,NA,NA,285.951
1985-12-13,18.194,NA,NA,NA,285.951
1985-12-14,18.194,NA,NA,NA,285.951
1985-12-15,18.272,NA,NA,NA,285.954
1985-12-16,18.348,NA,NA,NA,285.957
1985-12-17,18.426,NA,NA,NA,285.96
1985-12-18,18.348,NA,NA,NA,285.957
1985-12-19,18.272,NA,NA,NA,285.954
1985-12-20,18.194,NA,NA,NA,285.951
1985-12-21,18.117,NA,NA,NA,285.948
1985-12-22,18.04,NA,NA,NA,285.945
1985-12-23,17.963,NA,NA,NA,285.942
1985-12-24,17.885,NA,NA,NA,285.939
1985-12-25,17.963,NA,NA,NA,285.942
1985-12-26,17.963,NA,NA,NA,285.942
1985-12-27,17.963,NA,NA,NA,285.942
1985-12-28,17.963,NA,NA,NA,285.942
1985-12-29,17.885,NA,NA,NA,285.939
1985-12-30,17.809,NA,NA,NA,285.936
1985-12-31,17.809,NA,NA,NA,285.936
1986-01-01,17.809,NA,NA,NA,285.936
1986-01-02,17.885,NA,NA,NA,285.939
1986-01-03,17.885,NA,NA,NA,285.939
1986-01-04,17.963,NA,NA,NA,285.942
1986-01-05,18.04,NA,NA,NA,285.945
1986-01-06,18.117,NA,NA,NA,285.948
1986-01-07,18.117,NA,NA,NA,285.948
1986-01-08,18.194,NA,NA,NA,285.951
1986-01-09,18.348,NA,NA,NA,285.957
1986-01-10,18.426,NA,NA,NA,285.96
1986-01-11,18.502,NA,NA,NA,285.963
1986-01-12,18.58,NA,NA,NA,285.966
1986-01-13,18.656,NA,NA,NA,285.969
1986-01-14,18.734,NA,NA,NA,285.973
1986-01-15,18.734,NA,NA,NA,285.973
1986-01-16,18.734,NA,NA,NA,285.973
1986-01-17,18.734,NA,NA,NA,285.973
1986-01-18,18.811,NA,NA,NA,285.976
1986-01-19,18.965,NA,NA,NA,285.982
1986-01-20,19.119,NA,NA,NA,285.988
1986-01-21,19.197,NA,NA,NA,285.991
1986-01-22,19.351,NA,NA,NA,285.997
1986-01-23,19.505,NA,NA,NA,286.003
1986-01-24,19.581,NA,NA,NA,286.006
1986-01-25,19.581,NA,NA,NA,286.006
1986-01-26,19.659,NA,NA,NA,286.009
1986-01-27,19.659,NA,NA,NA,286.009
1986-01-28,19.736,NA,NA,NA,286.012
1986-01-29,19.813,NA,NA,NA,286.015
1986-01-30,19.89,NA,NA,NA,286.018
1986-01-31,19.968,NA,NA,NA,286.021
1986-02-01,19.89,NA,NA,NA,286.018
1986-02-02,19.813,NA,NA,NA,286.015
1986-02-03,19.813,NA,NA,NA,286.015
1986-02-04,19.736,NA,NA,NA,286.012
1986-02-05,19.736,NA,NA,NA,286.012
1986-02-06,19.736,NA,NA,NA,286.012
1986-02-07,19.659,NA,NA,NA,286.009
1986-02-08,19.659,NA,NA,NA,286.009
1986-02-09,19.659,NA,NA,NA,286.009
1986-02-10,19.581,NA,NA,NA,286.006
1986-02-11,19.659,NA,NA,NA,286.009
1986-02-12,19.736,NA,NA,NA,286.012
1986-02-13,19.813,NA,NA,NA,286.015
1986-02-14,19.89,NA,NA,NA,286.018
1986-02-15,19.89,NA,NA,NA,286.018
1986-02-16,19.813,NA,NA,NA,286.015
1986-02-17,19.813,NA,NA,NA,286.015
1986-02-18,19.736,NA,NA,NA,286.012
1986-02-19,19.89,NA,NA,NA,286.018
1986-02-20,20.044,NA,NA,NA,286.024
1986-02-21,19.89,NA,NA,NA,286.018
1986-02-22,19.813,NA,NA,NA,286.015
1986-02-23,19.813,NA,NA,NA,286.015
1986-02-24,19.736,NA,NA,NA,286.012
1986-02-25,19.736,NA,NA,NA,286.012
1986-02-26,19.736,NA,NA,NA,286.012
1986-02-27,19.659,NA,NA,NA,286.009
1986-02-28,19.659,NA,NA,NA,286.009
1986-03-01,19.89,NA,NA,NA,286.018
1986-03-02,20.044,NA,NA,NA,286.024
1986-03-03,20.276,NA,NA,NA,286.033
1986-03-04,20.044,NA,NA,NA,286.024
1986-03-05,20.122,NA,NA,NA,286.027
1986-03-06,20.122,NA,NA,NA,286.027
1986-03-07,20.198,NA,NA,NA,286.03
1986-03-08,20.352,NA,NA,NA,286.037
1986-03-09,20.43,NA,NA,NA,286.04
1986-03-10,20.584,NA,NA,NA,286.046
1986-03-11,20.738,NA,NA,NA,286.052
1986-03-12,20.969,NA,NA,NA,286.061
1986-03-13,23.282,NA,NA,NA,286.152
1986-03-14,23.976,NA,NA,NA,286.18
1986-03-15,23.899,NA,NA,NA,286.177
1986-03-16,23.744,NA,NA,NA,286.171
1986-03-17,23.744,NA,NA,NA,286.171
1986-03-18,24.285,NA,NA,NA,286.192
1986-03-19,24.361,NA,NA,NA,286.195
1986-03-20,24.515,NA,NA,NA,286.201
1986-03-21,25.117,NA,NA,NA,286.222
1986-03-22,26.012,NA,NA,NA,286.253
1986-03-23,27.8,NA,NA,NA,286.314
1986-03-24,30.393,NA,NA,NA,286.402
1986-03-25,34.759,NA,NA,NA,286.549
1986-03-26,41.642,NA,NA,NA,286.768
1986-03-27,47.834,NA,NA,NA,286.945
1986-03-28,52.275,NA,NA,NA,287.067
1986-03-29,54.859,NA,NA,NA,287.137
1986-03-30,55.211,NA,NA,NA,287.146
1986-03-31,54.742,NA,NA,NA,287.134
1986-04-01,56.734,NA,NA,NA,287.186
1986-04-02,59.663,NA,NA,NA,287.262
1986-04-03,61.773,NA,NA,NA,287.317
1986-04-04,59.429,NA,NA,NA,287.256
1986-04-05,60.835,NA,NA,NA,287.292
1986-04-06,65.054,NA,NA,NA,287.402
1986-04-07,65.874,NA,NA,NA,287.423
1986-04-08,63.648,NA,NA,NA,287.365
1986-04-09,62.007,NA,NA,NA,287.323
1986-04-10,60.015,NA,NA,NA,287.271
1986-04-11,57.437,NA,NA,NA,287.204
1986-04-12,58.023,NA,NA,NA,287.219
1986-04-13,53.274,NA,NA,NA,287.094
1986-04-14,53.829,NA,NA,NA,287.109
1986-04-15,54.507,NA,NA,NA,287.128
1986-04-16,53.607,NA,NA,NA,287.103
1986-04-17,55.796,NA,NA,NA,287.161
1986-04-18,57.671,NA,NA,NA,287.21
1986-04-19,61.187,NA,NA,NA,287.301
1986-04-20,58.726,NA,NA,NA,287.237
1986-04-21,58.492,NA,NA,NA,287.231
1986-04-22,57.437,NA,NA,NA,287.204
1986-04-23,56.5,NA,NA,NA,287.18
1986-04-24,57.085,NA,NA,NA,287.195
1986-04-25,53.94,NA,NA,NA,287.112
1986-04-26,52.164,NA,NA,NA,287.064
1986-04-27,51.498,NA,NA,NA,287.045
1986-04-28,51.165,NA,NA,NA,287.036
1986-04-29,48.722,NA,NA,NA,286.969
1986-04-30,48.833,NA,NA,NA,286.972
1986-05-01,49.055,NA,NA,NA,286.978
1986-05-02,46.724,NA,NA,NA,286.914
1986-05-03,45.503,NA,NA,NA,286.881
1986-05-04,44.837,NA,NA,NA,286.863
1986-05-05,44.393,NA,NA,NA,286.85
1986-05-06,45.503,NA,NA,NA,286.881
1986-05-07,40.974,NA,NA,NA,286.747
1986-05-08,42.025,NA,NA,NA,286.78
1986-05-09,42.598,NA,NA,NA,286.799
1986-05-10,45.059,NA,NA,NA,286.869
1986-05-11,46.835,NA,NA,NA,286.917
1986-05-12,48.278,NA,NA,NA,286.957
1986-05-13,49.278,NA,NA,NA,286.984
1986-05-14,49.055,NA,NA,NA,286.978
1986-05-15,49.055,NA,NA,NA,286.978
1986-05-16,48.833,NA,NA,NA,286.972
1986-05-17,46.946,NA,NA,NA,286.92
1986-05-18,45.059,NA,NA,NA,286.869
1986-05-19,43.616,NA,NA,NA,286.829
1986-05-20,42.789,NA,NA,NA,286.805
1986-05-21,41.642,NA,NA,NA,286.768
1986-05-22,40.113,NA,NA,NA,286.719
1986-05-23,38.106,NA,NA,NA,286.655
1986-05-24,37.532,NA,NA,NA,286.637
1986-05-25,36.959,NA,NA,NA,286.619
1986-05-26,36.48,NA,NA,NA,286.603
1986-05-27,36.194,NA,NA,NA,286.594
1986-05-28,34.473,NA,NA,NA,286.539
1986-05-29,33.524,NA,NA,NA,286.509
1986-05-30,32.808,NA,NA,NA,286.485
1986-05-31,30.93,NA,NA,NA,286.421
1986-06-01,30.035,NA,NA,NA,286.39
1986-06-02,29.231,NA,NA,NA,286.363
1986-06-03,29.052,NA,NA,NA,286.357
1986-06-04,29.856,NA,NA,NA,286.384
1986-06-05,27.889,NA,NA,NA,286.317
1986-06-06,26.637,NA,NA,NA,286.274
1986-06-07,26.279,NA,NA,NA,286.262
1986-06-08,25.922,NA,NA,NA,286.25
1986-06-09,25.654,NA,NA,NA,286.241
1986-06-10,25.833,NA,NA,NA,286.247
1986-06-11,28.694,NA,NA,NA,286.344
1986-06-12,28.158,NA,NA,NA,286.326
1986-06-13,30.572,NA,NA,NA,286.408
1986-06-14,31.556,NA,NA,NA,286.442
1986-06-15,32.539,NA,NA,NA,286.475
1986-06-16,33.612,NA,NA,NA,286.512
1986-06-17,31.198,NA,NA,NA,286.43
1986-06-18,27.442,NA,NA,NA,286.302
1986-06-19,28.158,NA,NA,NA,286.326
1986-06-20,28.694,NA,NA,NA,286.344
1986-06-21,29.231,NA,NA,NA,286.363
1986-06-22,30.125,NA,NA,NA,286.393
1986-06-23,31.02,NA,NA,NA,286.424
1986-06-24,30.93,NA,NA,NA,286.421
1986-06-25,30.035,NA,NA,NA,286.39
1986-06-26,27.889,NA,NA,NA,286.317
1986-06-27,27.621,NA,NA,NA,286.308
1986-06-28,26.727,NA,NA,NA,286.277
1986-06-29,25.922,NA,NA,NA,286.25
1986-06-30,25.117,NA,NA,NA,286.222
1986-07-01,25.206,NA,NA,NA,286.225
1986-07-02,24.76,NA,NA,NA,286.21
1986-07-03,23.976,NA,NA,NA,286.18
1986-07-04,23.668,NA,NA,NA,286.168
1986-07-05,23.282,NA,NA,NA,286.152
1986-07-06,22.897,NA,NA,NA,286.137
1986-07-07,22.589,NA,NA,NA,286.125
1986-07-08,22.819,NA,NA,NA,286.134
1986-07-09,22.435,NA,NA,NA,286.119
1986-07-10,22.126,NA,NA,NA,286.107
1986-07-11,22.126,NA,NA,NA,286.107
1986-07-12,22.511,NA,NA,NA,286.122
1986-07-13,22.819,NA,NA,NA,286.134
1986-07-14,23.051,NA,NA,NA,286.143
1986-07-15,24.593,NA,NA,NA,286.204
1986-07-16,24.053,NA,NA,NA,286.183
1986-07-17,25.206,NA,NA,NA,286.225
1986-07-18,26.548,NA,NA,NA,286.271
1986-07-19,28.158,NA,NA,NA,286.326
1986-07-20,29.589,NA,NA,NA,286.375
1986-07-21,29.946,NA,NA,NA,286.387
1986-07-22,32.45,NA,NA,NA,286.472
1986-07-23,33.255,NA,NA,NA,286.5
1986-07-24,34.186,NA,NA,NA,286.53
1986-07-25,34.282,NA,NA,NA,286.533
1986-07-26,34.091,NA,NA,NA,286.527
1986-07-27,33.804,NA,NA,NA,286.518
1986-07-28,33.612,NA,NA,NA,286.512
1986-07-29,33.076,NA,NA,NA,286.494
1986-07-30,35.715,NA,NA,NA,286.579
1986-07-31,35.907,NA,NA,NA,286.585
1986-08-01,35.238,NA,NA,NA,286.564
1986-08-02,34.759,NA,NA,NA,286.549
1986-08-03,34.186,NA,NA,NA,286.53
1986-08-04,33.709,NA,NA,NA,286.515
1986-08-05,33.9,NA,NA,NA,286.521
1986-08-06,33.345,NA,NA,NA,286.503
1986-08-07,32.897,NA,NA,NA,286.488
1986-08-08,32.093,NA,NA,NA,286.46
1986-08-09,31.824,NA,NA,NA,286.451
1986-08-10,31.556,NA,NA,NA,286.442
1986-08-11,31.377,NA,NA,NA,286.436
1986-08-12,30.483,NA,NA,NA,286.405
1986-08-13,31.02,NA,NA,NA,286.424
1986-08-14,30.751,NA,NA,NA,286.414
1986-08-15,29.589,NA,NA,NA,286.375
1986-08-16,28.516,NA,NA,NA,286.338
1986-08-17,27.531,NA,NA,NA,286.305
1986-08-18,26.816,NA,NA,NA,286.28
1986-08-19,26.458,NA,NA,NA,286.268
1986-08-20,25.833,NA,NA,NA,286.247
1986-08-21,25.743,NA,NA,NA,286.244
1986-08-22,25.654,NA,NA,NA,286.241
1986-08-23,26.012,NA,NA,NA,286.253
1986-08-24,26.279,NA,NA,NA,286.262
1986-08-25,26.637,NA,NA,NA,286.274
1986-08-26,27.531,NA,NA,NA,286.305
1986-08-27,29.499,NA,NA,NA,286.372
1986-08-28,25.743,NA,NA,NA,286.244
1986-08-29,24.361,NA,NA,NA,286.195
1986-08-30,24.131,NA,NA,NA,286.186
1986-08-31,23.976,NA,NA,NA,286.18
1986-09-01,23.899,NA,NA,NA,286.177
1986-09-02,23.282,NA,NA,NA,286.152
1986-09-03,24.285,NA,NA,NA,286.192
1986-09-04,24.207,NA,NA,NA,286.189
1986-09-05,23.976,NA,NA,NA,286.18
1986-09-06,23.668,NA,NA,NA,286.168
1986-09-07,23.282,NA,NA,NA,286.152
1986-09-08,23.051,NA,NA,NA,286.143
1986-09-09,22.589,NA,NA,NA,286.125
1986-09-10,23.36,NA,NA,NA,286.155
1986-09-11,23.282,NA,NA,NA,286.152
1986-09-12,22.665,NA,NA,NA,286.128
1986-09-13,22.743,NA,NA,NA,286.131
1986-09-14,22.897,NA,NA,NA,286.137
1986-09-15,23.128,NA,NA,NA,286.146
1986-09-16,21.201,NA,NA,NA,286.07
1986-09-17,23.282,NA,NA,NA,286.152
1986-09-18,24.131,NA,NA,NA,286.186
1986-09-19,24.67,NA,NA,NA,286.207
1986-09-20,27.71,NA,NA,NA,286.311
1986-09-21,31.466,NA,NA,NA,286.439
1986-09-22,34.759,NA,NA,NA,286.549
1986-09-23,35.907,NA,NA,NA,286.585
1986-09-24,37.627,NA,NA,NA,286.64
1986-09-25,40.018,NA,NA,NA,286.716
1986-09-26,40.495,NA,NA,NA,286.731
1986-09-27,40.686,NA,NA,NA,286.738
1986-09-28,40.209,NA,NA,NA,286.722
1986-09-29,40.686,NA,NA,NA,286.738
1986-09-30,41.165,NA,NA,NA,286.753
1986-10-01,41.451,NA,NA,NA,286.762
1986-10-02,42.312,NA,NA,NA,286.789
1986-10-03,42.216,NA,NA,NA,286.786
1986-10-04,42.886,NA,NA,NA,286.808
1986-10-05,44.282,NA,NA,NA,286.847
1986-10-06,44.171,NA,NA,NA,286.844
1986-10-07,45.059,NA,NA,NA,286.869
1986-10-08,46.169,NA,NA,NA,286.899
1986-10-09,45.059,NA,NA,NA,286.869
1986-10-10,46.169,NA,NA,NA,286.899
1986-10-11,45.725,NA,NA,NA,286.887
1986-10-12,45.503,NA,NA,NA,286.881
1986-10-13,44.615,NA,NA,NA,286.856
1986-10-14,43.838,NA,NA,NA,286.835
1986-10-15,43.838,NA,NA,NA,286.835
1986-10-16,43.077,NA,NA,NA,286.814
1986-10-17,41.93,NA,NA,NA,286.777
1986-10-18,41.642,NA,NA,NA,286.768
1986-10-19,41.069,NA,NA,NA,286.75
1986-10-20,40.686,NA,NA,NA,286.738
1986-10-21,39.827,NA,NA,NA,286.71
1986-10-22,39.062,NA,NA,NA,286.686
1986-10-23,38.297,NA,NA,NA,286.661
1986-10-24,36.194,NA,NA,NA,286.594
1986-10-25,34.951,NA,NA,NA,286.555
1986-10-26,33.612,NA,NA,NA,286.512
1986-10-27,32.718,NA,NA,NA,286.482
1986-10-28,31.287,NA,NA,NA,286.433
1986-10-29,29.141,NA,NA,NA,286.36
1986-10-30,27.085,NA,NA,NA,286.289
1986-10-31,33.076,NA,NA,NA,286.494
1986-11-01,27.531,NA,NA,NA,286.305
1986-11-02,27.174,NA,NA,NA,286.293
1986-11-03,26.995,NA,NA,NA,286.286
1986-11-04,25.296,NA,NA,NA,286.229
1986-11-05,25.117,NA,NA,NA,286.222
1986-11-06,24.848,NA,NA,NA,286.213
1986-11-07,23.36,NA,NA,NA,286.155
1986-11-08,22.743,NA,NA,NA,286.131
1986-11-09,22.126,NA,NA,NA,286.107
1986-11-10,21.818,NA,NA,NA,286.094
1986-11-11,21.586,NA,NA,NA,286.085
1986-11-12,21.201,NA,NA,NA,286.07
1986-11-13,20.815,NA,NA,NA,286.055
1986-11-14,20.893,NA,NA,NA,286.058
1986-11-15,20.969,NA,NA,NA,286.061
1986-11-16,21.047,NA,NA,NA,286.064
1986-11-17,21.201,NA,NA,NA,286.07
1986-11-18,21.664,NA,NA,NA,286.088
1986-11-19,22.126,NA,NA,NA,286.107
1986-11-20,21.355,NA,NA,NA,286.076
1986-11-21,21.894,NA,NA,NA,286.097
1986-11-22,22.126,NA,NA,NA,286.107
1986-11-23,22.357,NA,NA,NA,286.116
1986-11-24,22.665,NA,NA,NA,286.128
1986-11-25,22.357,NA,NA,NA,286.116
1986-11-26,22.048,NA,NA,NA,286.104
1986-11-27,22.28,NA,NA,NA,286.113
1986-11-28,22.435,NA,NA,NA,286.119
1986-11-29,22.435,NA,NA,NA,286.119
1986-11-30,22.511,NA,NA,NA,286.122
1986-12-01,22.511,NA,NA,NA,286.122
1986-12-02,22.357,NA,NA,NA,286.116
1986-12-03,22.435,NA,NA,NA,286.119
1986-12-04,22.589,NA,NA,NA,286.125
1986-12-05,21.894,NA,NA,NA,286.097
1986-12-06,21.586,NA,NA,NA,286.085
1986-12-07,21.278,NA,NA,NA,286.073
1986-12-08,20.969,NA,NA,NA,286.061
1986-12-09,21.047,NA,NA,NA,286.064
1986-12-10,20.738,NA,NA,NA,286.052
1986-12-11,20.815,NA,NA,NA,286.055
1986-12-12,20.661,NA,NA,NA,286.049
1986-12-13,20.661,NA,NA,NA,286.049
1986-12-14,20.661,NA,NA,NA,286.049
1986-12-15,20.738,NA,NA,NA,286.052
1986-12-16,20.738,NA,NA,NA,286.052
1986-12-17,20.815,NA,NA,NA,286.055
1986-12-18,20.893,NA,NA,NA,286.058
1986-12-19,20.969,NA,NA,NA,286.061
1986-12-20,20.815,NA,NA,NA,286.055
1986-12-21,20.584,NA,NA,NA,286.046
1986-12-22,20.352,NA,NA,NA,286.037
1986-12-23,20.198,NA,NA,NA,286.03
1986-12-24,20.276,NA,NA,NA,286.033
1986-12-25,20.276,NA,NA,NA,286.033
1986-12-26,20.352,NA,NA,NA,286.037
1986-12-27,20.43,NA,NA,NA,286.04
1986-12-28,20.507,NA,NA,NA,286.043
1986-12-29,20.584,NA,NA,NA,286.046
1986-12-30,20.661,NA,NA,NA,286.049
1986-12-31,20.661,NA,NA,NA,286.049
1987-01-01,20.661,NA,NA,NA,286.049
1987-01-02,20.584,NA,NA,NA,286.046
1987-01-03,20.507,NA,NA,NA,286.043
1987-01-04,20.43,NA,NA,NA,286.04
1987-01-05,20.43,NA,NA,NA,286.04
1987-01-06,20.352,NA,NA,NA,286.037
1987-01-07,20.352,NA,NA,NA,286.037
1987-01-08,20.352,NA,NA,NA,286.037
1987-01-09,20.352,NA,NA,NA,286.037
1987-01-10,20.352,NA,NA,NA,286.037
1987-01-11,20.352,NA,NA,NA,286.037
1987-01-12,20.352,NA,NA,NA,286.037
1987-01-13,20.352,NA,NA,NA,286.037
1987-01-14,20.584,NA,NA,NA,286.046
1987-01-15,20.893,NA,NA,NA,286.058
1987-01-16,21.123,NA,NA,NA,286.067
1987-01-17,21.047,NA,NA,NA,286.064
1987-01-18,20.969,NA,NA,NA,286.061
1987-01-19,20.893,NA,NA,NA,286.058
1987-01-20,20.815,NA,NA,NA,286.055
1987-01-21,20.815,NA,NA,NA,286.055
1987-01-22,21.047,NA,NA,NA,286.064
1987-01-23,21.278,NA,NA,NA,286.073
1987-01-24,21.047,NA,NA,NA,286.064
1987-01-25,20.893,NA,NA,NA,286.058
1987-01-26,20.661,NA,NA,NA,286.049
1987-01-27,20.507,NA,NA,NA,286.043
1987-01-28,20.507,NA,NA,NA,286.043
1987-01-29,20.507,NA,NA,NA,286.043
1987-01-30,20.584,NA,NA,NA,286.046
1987-01-31,20.507,NA,NA,NA,286.043
1987-02-01,20.507,NA,NA,NA,286.043
1987-02-02,20.43,NA,NA,NA,286.04
1987-02-03,20.43,NA,NA,NA,286.04
1987-02-04,20.43,NA,NA,NA,286.04
1987-02-05,20.507,NA,NA,NA,286.043
1987-02-06,20.507,NA,NA,NA,286.043
1987-02-07,20.893,NA,NA,NA,286.058
1987-02-08,21.278,NA,NA,NA,286.073
1987-02-09,21.664,NA,NA,NA,286.088
1987-02-10,22.048,NA,NA,NA,286.104
1987-02-11,21.509,NA,NA,NA,286.082
1987-02-12,21.123,NA,NA,NA,286.067
1987-02-13,20.661,NA,NA,NA,286.049
1987-02-14,20.661,NA,NA,NA,286.049
1987-02-15,20.738,NA,NA,NA,286.052
1987-02-16,20.738,NA,NA,NA,286.052
1987-02-17,20.584,NA,NA,NA,286.046
1987-02-18,21.047,NA,NA,NA,286.064
1987-02-19,20.738,NA,NA,NA,286.052
1987-02-20,21.047,NA,NA,NA,286.064
1987-02-21,20.738,NA,NA,NA,286.052
1987-02-22,21.664,NA,NA,NA,286.088
1987-02-23,21.047,NA,NA,NA,286.064
1987-02-24,21.355,NA,NA,NA,286.076
1987-02-25,22.589,NA,NA,NA,286.125
1987-02-26,22.743,NA,NA,NA,286.131
1987-02-27,22.743,NA,NA,NA,286.131
1987-02-28,22.665,NA,NA,NA,286.128
1987-03-01,23.051,NA,NA,NA,286.143
1987-03-02,23.205,NA,NA,NA,286.149
1987-03-03,22.743,NA,NA,NA,286.131
1987-03-04,22.897,NA,NA,NA,286.137
1987-03-05,23.051,NA,NA,NA,286.143
1987-03-06,23.205,NA,NA,NA,286.149
1987-03-07,23.205,NA,NA,NA,286.149
1987-03-08,24.053,NA,NA,NA,286.183
1987-03-09,23.822,NA,NA,NA,286.174
1987-03-10,23.514,NA,NA,NA,286.161
1987-03-11,23.976,NA,NA,NA,286.18
1987-03-12,24.131,NA,NA,NA,286.186
1987-03-13,24.131,NA,NA,NA,286.186
1987-03-14,24.131,NA,NA,NA,286.186
1987-03-15,24.131,NA,NA,NA,286.186
1987-03-16,24.131,NA,NA,NA,286.186
1987-03-17,23.282,NA,NA,NA,286.152
1987-03-18,23.514,NA,NA,NA,286.161
1987-03-19,23.899,NA,NA,NA,286.177
1987-03-20,23.59,NA,NA,NA,286.165
1987-03-21,23.744,NA,NA,NA,286.171
1987-03-22,24.593,NA,NA,NA,286.204
1987-03-23,25.117,NA,NA,NA,286.222
1987-03-24,25.027,NA,NA,NA,286.219
1987-03-25,27.531,NA,NA,NA,286.305
1987-03-26,26.906,NA,NA,NA,286.283
1987-03-27,26.548,NA,NA,NA,286.271
1987-03-28,30.125,NA,NA,NA,286.393
1987-03-29,28.694,NA,NA,NA,286.344
1987-03-30,27.889,NA,NA,NA,286.317
1987-03-31,28.068,NA,NA,NA,286.323
1987-04-01,29.768,NA,NA,NA,286.381
1987-04-02,29.32,NA,NA,NA,286.366
1987-04-03,29.231,NA,NA,NA,286.363
1987-04-04,28.873,NA,NA,NA,286.35
1987-04-05,28.694,NA,NA,NA,286.344
1987-04-06,28.694,NA,NA,NA,286.344
1987-04-07,28.337,NA,NA,NA,286.332
1987-04-08,27.8,NA,NA,NA,286.314
1987-04-09,27.264,NA,NA,NA,286.296
1987-04-10,26.906,NA,NA,NA,286.283
1987-04-11,26.548,NA,NA,NA,286.271
1987-04-12,28.337,NA,NA,NA,286.332
1987-04-13,27.979,NA,NA,NA,286.32
1987-04-14,27.979,NA,NA,NA,286.32
1987-04-15,27.621,NA,NA,NA,286.308
1987-04-16,27.8,NA,NA,NA,286.314
1987-04-17,26.995,NA,NA,NA,286.286
1987-04-18,27.174,NA,NA,NA,286.293
1987-04-19,27.531,NA,NA,NA,286.305
1987-04-20,27.8,NA,NA,NA,286.314
1987-04-21,27.352,NA,NA,NA,286.299
1987-04-22,25.475,NA,NA,NA,286.235
1987-04-23,25.743,NA,NA,NA,286.244
1987-04-24,25.743,NA,NA,NA,286.244
1987-04-25,25.743,NA,NA,NA,286.244
1987-04-26,25.743,NA,NA,NA,286.244
1987-04-27,25.833,NA,NA,NA,286.247
1987-04-28,24.938,NA,NA,NA,286.216
1987-04-29,24.439,NA,NA,NA,286.198
1987-04-30,23.436,NA,NA,NA,286.158
1987-05-01,23.282,NA,NA,NA,286.152
1987-05-02,23.128,NA,NA,NA,286.146
1987-05-03,22.974,NA,NA,NA,286.14
1987-05-04,22.897,NA,NA,NA,286.137
1987-05-05,23.514,NA,NA,NA,286.161
1987-05-06,23.514,NA,NA,NA,286.161
1987-05-07,22.897,NA,NA,NA,286.137
1987-05-08,22.203,NA,NA,NA,286.11
1987-05-09,22.203,NA,NA,NA,286.11
1987-05-10,22.357,NA,NA,NA,286.116
1987-05-11,22.357,NA,NA,NA,286.116
1987-05-12,21.047,NA,NA,NA,286.064
1987-05-13,21.047,NA,NA,NA,286.064
1987-05-14,21.047,NA,NA,NA,286.064
1987-05-15,20.584,NA,NA,NA,286.046
1987-05-16,20.122,NA,NA,NA,286.027
1987-05-17,19.813,NA,NA,NA,286.015
1987-05-18,19.197,NA,NA,NA,285.991
1987-05-19,19.197,NA,NA,NA,285.991
1987-05-20,19.351,NA,NA,NA,285.997
1987-05-21,19.505,NA,NA,NA,286.003
1987-05-22,21.355,NA,NA,NA,286.076
1987-05-23,19.042,NA,NA,NA,285.985
1987-05-24,18.965,NA,NA,NA,285.982
1987-05-25,18.888,NA,NA,NA,285.979
1987-05-26,19.813,NA,NA,NA,286.015
1987-05-27,19.813,NA,NA,NA,286.015
1987-05-28,19.427,NA,NA,NA,286
1987-05-29,19.273,NA,NA,NA,285.994
1987-05-30,19.197,NA,NA,NA,285.991
1987-05-31,19.197,NA,NA,NA,285.991
1987-06-01,18.888,NA,NA,NA,285.979
1987-06-02,19.813,NA,NA,NA,286.015
1987-06-03,18.58,NA,NA,NA,285.966
1987-06-04,17.038,NA,NA,NA,285.905
1987-06-05,18.58,NA,NA,NA,285.966
1987-06-06,17.963,NA,NA,NA,285.942
1987-06-07,18.272,NA,NA,NA,285.954
1987-06-08,18.117,NA,NA,NA,285.948
1987-06-09,17.346,NA,NA,NA,285.918
1987-06-10,17.577,NA,NA,NA,285.927
1987-06-11,17.809,NA,NA,NA,285.936
1987-06-12,18.348,NA,NA,NA,285.957
1987-06-13,18.888,NA,NA,NA,285.979
1987-06-14,19.427,NA,NA,NA,286
1987-06-15,19.736,NA,NA,NA,286.012
1987-06-16,19.659,NA,NA,NA,286.009
1987-06-17,19.581,NA,NA,NA,286.006
1987-06-18,19.351,NA,NA,NA,285.997
1987-06-19,17.963,NA,NA,NA,285.942
1987-06-20,16.96,NA,NA,NA,285.902
1987-06-21,16.96,NA,NA,NA,285.902
1987-06-22,16.804,NA,NA,NA,285.893
1987-06-23,16.909,NA,NA,NA,285.899
1987-06-24,16.96,NA,NA,NA,285.902
1987-06-25,17.115,NA,NA,NA,285.908
1987-06-26,17.577,NA,NA,NA,285.927
1987-06-27,17.963,NA,NA,NA,285.942
1987-06-28,18.348,NA,NA,NA,285.957
1987-06-29,18.811,NA,NA,NA,285.976
1987-06-30,18.426,NA,NA,NA,285.96
1987-07-01,17.885,NA,NA,NA,285.939
1987-07-02,17.192,NA,NA,NA,285.912
1987-07-03,16.751,NA,NA,NA,285.89
1987-07-04,16.384,NA,NA,NA,285.869
1987-07-05,16.017,NA,NA,NA,285.848
1987-07-06,15.702,NA,NA,NA,285.829
1987-07-07,15.807,NA,NA,NA,285.835
1987-07-08,15.965,NA,NA,NA,285.844
1987-07-09,15.86,NA,NA,NA,285.838
1987-07-10,18.272,NA,NA,NA,285.954
1987-07-11,18.811,NA,NA,NA,285.976
1987-07-12,19.351,NA,NA,NA,285.997
1987-07-13,19.813,NA,NA,NA,286.015
1987-07-14,19.505,NA,NA,NA,286.003
1987-07-15,19.427,NA,NA,NA,286
1987-07-16,18.502,NA,NA,NA,285.963
1987-07-17,19.427,NA,NA,NA,286
1987-07-18,19.505,NA,NA,NA,286.003
1987-07-19,19.659,NA,NA,NA,286.009
1987-07-20,19.813,NA,NA,NA,286.015
1987-07-21,19.813,NA,NA,NA,286.015
1987-07-22,19.505,NA,NA,NA,286.003
1987-07-23,19.813,NA,NA,NA,286.015
1987-07-24,19.968,NA,NA,NA,286.021
1987-07-25,19.427,NA,NA,NA,286
1987-07-26,18.811,NA,NA,NA,285.976
1987-07-27,18.348,NA,NA,NA,285.957
1987-07-28,18.04,NA,NA,NA,285.945
1987-07-29,17.731,NA,NA,NA,285.933
1987-07-30,17.501,NA,NA,NA,285.924
1987-07-31,17.731,NA,NA,NA,285.933
1987-08-01,18.117,NA,NA,NA,285.948
1987-08-02,18.58,NA,NA,NA,285.966
1987-08-03,17.655,NA,NA,NA,285.93
1987-08-04,17.346,NA,NA,NA,285.918
1987-08-05,16.909,NA,NA,NA,285.899
1987-08-06,17.731,NA,NA,NA,285.933
1987-08-07,16.594,NA,NA,NA,285.881
1987-08-08,16.489,NA,NA,NA,285.875
1987-08-09,16.909,NA,NA,NA,285.899
1987-08-10,16.226,NA,NA,NA,285.86
1987-08-11,15.965,NA,NA,NA,285.844
1987-08-12,16.175,NA,NA,NA,285.857
1987-08-13,17.423,NA,NA,NA,285.921
1987-08-14,17.115,NA,NA,NA,285.908
1987-08-15,16.856,NA,NA,NA,285.896
1987-08-16,16.594,NA,NA,NA,285.881
1987-08-17,16.384,NA,NA,NA,285.869
1987-08-18,16.175,NA,NA,NA,285.857
1987-08-19,16.017,NA,NA,NA,285.848
1987-08-20,15.807,NA,NA,NA,285.835
1987-08-21,16.07,NA,NA,NA,285.851
1987-08-22,16.699,NA,NA,NA,285.887
1987-08-23,16.07,NA,NA,NA,285.851
1987-08-24,15.755,NA,NA,NA,285.832
1987-08-25,15.755,NA,NA,NA,285.832
1987-08-26,15.021,NA,NA,NA,285.79
1987-08-27,15.702,NA,NA,NA,285.829
1987-08-28,15.755,NA,NA,NA,285.832
1987-08-29,15.755,NA,NA,NA,285.832
1987-08-30,17.346,NA,NA,NA,285.918
1987-08-31,15.807,NA,NA,NA,285.835
1987-09-01,15.65,NA,NA,NA,285.826
1987-09-02,15.336,NA,NA,NA,285.808
1987-09-03,14.759,NA,NA,NA,285.774
1987-09-04,14.916,NA,NA,NA,285.784
1987-09-05,15.336,NA,NA,NA,285.808
1987-09-06,15.65,NA,NA,NA,285.826
1987-09-07,15.755,NA,NA,NA,285.832
1987-09-08,15.755,NA,NA,NA,285.832
1987-09-09,15.441,NA,NA,NA,285.814
1987-09-10,15.441,NA,NA,NA,285.814
1987-09-11,15.546,NA,NA,NA,285.82
1987-09-12,15.336,NA,NA,NA,285.808
1987-09-13,15.336,NA,NA,NA,285.808
1987-09-14,15.546,NA,NA,NA,285.82
1987-09-15,15.126,NA,NA,NA,285.796
1987-09-16,15.546,NA,NA,NA,285.82
1987-09-17,16.226,NA,NA,NA,285.86
1987-09-18,16.804,NA,NA,NA,285.893
1987-09-19,16.175,NA,NA,NA,285.857
1987-09-20,15.912,NA,NA,NA,285.841
1987-09-21,15.912,NA,NA,NA,285.841
1987-09-22,15.65,NA,NA,NA,285.826
1987-09-23,15.86,NA,NA,NA,285.838
1987-09-24,15.702,NA,NA,NA,285.829
1987-09-25,16.07,NA,NA,NA,285.851
1987-09-26,15.65,NA,NA,NA,285.826
1987-09-27,15.755,NA,NA,NA,285.832
1987-09-28,15.65,NA,NA,NA,285.826
1987-09-29,17.038,NA,NA,NA,285.905
1987-09-30,15.86,NA,NA,NA,285.838
1987-10-01,15.912,NA,NA,NA,285.841
1987-10-02,18.272,NA,NA,NA,285.954
1987-10-03,15.336,NA,NA,NA,285.808
1987-10-04,14.812,NA,NA,NA,285.777
1987-10-05,17.809,NA,NA,NA,285.936
1987-10-06,16.699,NA,NA,NA,285.887
1987-10-07,15.126,NA,NA,NA,285.796
1987-10-08,14.602,NA,NA,NA,285.765
1987-10-09,15.965,NA,NA,NA,285.844
1987-10-10,14.602,NA,NA,NA,285.765
1987-10-11,14.497,NA,NA,NA,285.759
1987-10-12,15.021,NA,NA,NA,285.79
1987-10-13,14.916,NA,NA,NA,285.784
1987-10-14,14.497,NA,NA,NA,285.759
1987-10-15,14.497,NA,NA,NA,285.759
1987-10-16,14.863,NA,NA,NA,285.78
1987-10-17,15.702,NA,NA,NA,285.829
1987-10-18,15.65,NA,NA,NA,285.826
1987-10-19,15.597,NA,NA,NA,285.823
1987-10-20,16.384,NA,NA,NA,285.869
1987-10-21,15.546,NA,NA,NA,285.82
1987-10-22,15.546,NA,NA,NA,285.82
1987-10-23,15.336,NA,NA,NA,285.808
1987-10-24,15.65,NA,NA,NA,285.826
1987-10-25,15.597,NA,NA,NA,285.823
1987-10-26,15.546,NA,NA,NA,285.82
1987-10-27,15.441,NA,NA,NA,285.814
1987-10-28,15.755,NA,NA,NA,285.832
1987-10-29,15.388,NA,NA,NA,285.811
1987-10-30,14.968,NA,NA,NA,285.787
1987-10-31,15.126,NA,NA,NA,285.796
1987-11-01,14.916,NA,NA,NA,285.784
1987-11-02,15.388,NA,NA,NA,285.811
1987-11-03,16.384,NA,NA,NA,285.869
1987-11-04,16.384,NA,NA,NA,285.869
1987-11-05,15.965,NA,NA,NA,285.844
1987-11-06,15.126,NA,NA,NA,285.796
1987-11-07,14.916,NA,NA,NA,285.784
1987-11-08,15.965,NA,NA,NA,285.844
1987-11-09,15.755,NA,NA,NA,285.832
1987-11-10,15.65,NA,NA,NA,285.826
1987-11-11,15.65,NA,NA,NA,285.826
1987-11-12,15.86,NA,NA,NA,285.838
1987-11-13,15.65,NA,NA,NA,285.826
1987-11-14,15.755,NA,NA,NA,285.832
1987-11-15,15.126,NA,NA,NA,285.796
1987-11-16,15.65,NA,NA,NA,285.826
1987-11-17,16.175,NA,NA,NA,285.857
1987-11-18,15.755,NA,NA,NA,285.832
1987-11-19,15.912,NA,NA,NA,285.841
1987-11-20,15.86,NA,NA,NA,285.838
1987-11-21,15.86,NA,NA,NA,285.838
1987-11-22,15.755,NA,NA,NA,285.832
1987-11-23,15.755,NA,NA,NA,285.832
1987-11-24,15.912,NA,NA,NA,285.841
1987-11-25,15.755,NA,NA,NA,285.832
1987-11-26,15.965,NA,NA,NA,285.844
1987-11-27,16.017,NA,NA,NA,285.848
1987-11-28,15.965,NA,NA,NA,285.844
1987-11-29,18.888,NA,NA,NA,285.979
1987-11-30,16.96,NA,NA,NA,285.902
1987-12-01,18.734,NA,NA,NA,285.973
1987-12-02,17.655,NA,NA,NA,285.93
1987-12-03,16.804,NA,NA,NA,285.893
1987-12-04,19.197,NA,NA,NA,285.991
1987-12-05,15.965,NA,NA,NA,285.844
1987-12-06,16.594,NA,NA,NA,285.881
1987-12-07,16.175,NA,NA,NA,285.857
1987-12-08,16.489,NA,NA,NA,285.875
1987-12-09,16.699,NA,NA,NA,285.887
1987-12-10,16.646,NA,NA,NA,285.884
1987-12-11,16.856,NA,NA,NA,285.896
1987-12-12,16.489,NA,NA,NA,285.875
1987-12-13,15.965,NA,NA,NA,285.844
1987-12-14,16.384,NA,NA,NA,285.869
1987-12-15,16.489,NA,NA,NA,285.875
1987-12-16,16.594,NA,NA,NA,285.881
1987-12-17,16.384,NA,NA,NA,285.869
1987-12-18,16.017,NA,NA,NA,285.848
1987-12-19,17.038,NA,NA,NA,285.905
1987-12-20,16.436,NA,NA,NA,285.872
1987-12-21,16.594,NA,NA,NA,285.881
1987-12-22,17.269,NA,NA,NA,285.915
1987-12-23,17.038,NA,NA,NA,285.905
1987-12-24,16.07,NA,NA,NA,285.851
1987-12-25,16.175,NA,NA,NA,285.857
1987-12-26,16.175,NA,NA,NA,285.857
1987-12-27,16.175,NA,NA,NA,285.857
1987-12-28,16.175,NA,NA,NA,285.857
1987-12-29,16.07,NA,NA,NA,285.851
1987-12-30,16.175,NA,NA,NA,285.857
1987-12-31,15.86,NA,NA,NA,285.838
1988-01-01,15.755,NA,NA,NA,285.832
1988-01-02,15.126,NA,NA,NA,285.796
1988-01-03,16.384,NA,NA,NA,285.869
1988-01-04,15.546,NA,NA,NA,285.82
1988-01-05,15.336,NA,NA,NA,285.808
1988-01-06,15.231,NA,NA,NA,285.802
1988-01-07,14.916,NA,NA,NA,285.784
1988-01-08,14.602,NA,NA,NA,285.765
1988-01-09,14.812,NA,NA,NA,285.777
1988-01-10,21.509,NA,NA,NA,286.082
1988-01-11,21.664,NA,NA,NA,286.088
1988-01-12,14.968,NA,NA,NA,285.787
1988-01-13,15.546,NA,NA,NA,285.82
1988-01-14,15.126,NA,NA,NA,285.796
1988-01-15,15.493,NA,NA,NA,285.817
1988-01-16,15.336,NA,NA,NA,285.808
1988-01-17,15.388,NA,NA,NA,285.811
1988-01-18,15.336,NA,NA,NA,285.808
1988-01-19,16.017,NA,NA,NA,285.848
1988-01-20,23.436,NA,NA,NA,286.158
1988-01-21,23.514,NA,NA,NA,286.161
1988-01-22,16.226,NA,NA,NA,285.86
1988-01-23,16.175,NA,NA,NA,285.857
1988-01-24,16.384,NA,NA,NA,285.869
1988-01-25,16.279,NA,NA,NA,285.863
1988-01-26,15.912,NA,NA,NA,285.841
1988-01-27,16.175,NA,NA,NA,285.857
1988-01-28,16.175,NA,NA,NA,285.857
1988-01-29,16.017,NA,NA,NA,285.848
1988-01-30,15.965,NA,NA,NA,285.844
1988-01-31,15.755,NA,NA,NA,285.832
1988-02-01,15.702,NA,NA,NA,285.829
1988-02-02,15.965,NA,NA,NA,285.844
1988-02-03,15.965,NA,NA,NA,285.844
1988-02-04,15.965,NA,NA,NA,285.844
1988-02-05,15.702,NA,NA,NA,285.829
1988-02-06,15.965,NA,NA,NA,285.844
1988-02-07,15.965,NA,NA,NA,285.844
1988-02-08,15.912,NA,NA,NA,285.841
1988-02-09,16.175,NA,NA,NA,285.857
1988-02-10,15.912,NA,NA,NA,285.841
1988-02-11,15.912,NA,NA,NA,285.841
1988-02-12,15.912,NA,NA,NA,285.841
1988-02-13,16.175,NA,NA,NA,285.857
1988-02-14,16.384,NA,NA,NA,285.869
1988-02-15,15.965,NA,NA,NA,285.844
1988-02-16,16.122,NA,NA,NA,285.854
1988-02-17,16.384,NA,NA,NA,285.869
1988-02-18,16.489,NA,NA,NA,285.875
1988-02-19,16.279,NA,NA,NA,285.863
1988-02-20,16.175,NA,NA,NA,285.857
1988-02-21,16.122,NA,NA,NA,285.854
1988-02-22,16.175,NA,NA,NA,285.857
1988-02-23,15.912,NA,NA,NA,285.841
1988-02-24,17.038,NA,NA,NA,285.905
1988-02-25,17.038,NA,NA,NA,285.905
1988-02-26,16.804,NA,NA,NA,285.893
1988-02-27,17.038,NA,NA,NA,285.905
1988-02-28,17.038,NA,NA,NA,285.905
1988-02-29,16.856,NA,NA,NA,285.896
1988-03-01,16.804,NA,NA,NA,285.893
1988-03-02,16.175,NA,NA,NA,285.857
1988-03-03,16.331,NA,NA,NA,285.866
1988-03-04,16.384,NA,NA,NA,285.869
1988-03-05,16.594,NA,NA,NA,285.881
1988-03-06,16.594,NA,NA,NA,285.881
1988-03-07,16.804,NA,NA,NA,285.893
1988-03-08,17.115,NA,NA,NA,285.908
1988-03-09,17.192,NA,NA,NA,285.912
1988-03-10,17.423,NA,NA,NA,285.921
1988-03-11,17.655,NA,NA,NA,285.93
1988-03-12,17.655,NA,NA,NA,285.93
1988-03-13,17.655,NA,NA,NA,285.93
1988-03-14,17.655,NA,NA,NA,285.93
1988-03-15,17.655,NA,NA,NA,285.93
1988-03-16,17.655,NA,NA,NA,285.93
1988-03-17,17.655,NA,NA,NA,285.93
1988-03-18,17.577,NA,NA,NA,285.927
1988-03-19,17.501,NA,NA,NA,285.924
1988-03-20,17.577,NA,NA,NA,285.927
1988-03-21,17.655,NA,NA,NA,285.93
1988-03-22,17.731,NA,NA,NA,285.933
1988-03-23,17.809,NA,NA,NA,285.936
1988-03-24,17.885,NA,NA,NA,285.939
1988-03-25,18.04,NA,NA,NA,285.945
1988-03-26,18.426,NA,NA,NA,285.96
1988-03-27,18.58,NA,NA,NA,285.966
1988-03-28,18.965,NA,NA,NA,285.982
1988-03-29,18.58,NA,NA,NA,285.966
1988-03-30,18.426,NA,NA,NA,285.96
1988-03-31,18.502,NA,NA,NA,285.963
1988-04-01,18.734,NA,NA,NA,285.973
1988-04-02,18.58,NA,NA,NA,285.966
1988-04-03,19.197,NA,NA,NA,285.991
1988-04-04,18.888,NA,NA,NA,285.979
1988-04-05,20.122,NA,NA,NA,286.027
1988-04-06,19.659,NA,NA,NA,286.009
1988-04-07,19.505,NA,NA,NA,286.003
1988-04-08,18.811,NA,NA,NA,285.976
1988-04-09,20.738,NA,NA,NA,286.052
1988-04-10,17.731,NA,NA,NA,285.933
1988-04-11,18.656,NA,NA,NA,285.969
1988-04-12,19.042,NA,NA,NA,285.985
1988-04-13,19.505,NA,NA,NA,286.003
1988-04-14,18.888,NA,NA,NA,285.979
1988-04-15,18.426,NA,NA,NA,285.96
1988-04-16,17.963,NA,NA,NA,285.942
1988-04-17,18.194,NA,NA,NA,285.951
1988-04-18,18.426,NA,NA,NA,285.96
1988-04-19,17.655,NA,NA,NA,285.93
1988-04-20,18.272,NA,NA,NA,285.954
1988-04-21,17.809,NA,NA,NA,285.936
1988-04-22,17.655,NA,NA,NA,285.93
1988-04-23,17.963,NA,NA,NA,285.942
1988-04-24,17.655,NA,NA,NA,285.93
1988-04-25,18.348,NA,NA,NA,285.957
1988-04-26,18.426,NA,NA,NA,285.96
1988-04-27,18.117,NA,NA,NA,285.948
1988-04-28,18.58,NA,NA,NA,285.966
1988-04-29,17.577,NA,NA,NA,285.927
1988-04-30,16.804,NA,NA,NA,285.893
1988-05-01,16.594,NA,NA,NA,285.881
1988-05-02,16.279,NA,NA,NA,285.863
1988-05-03,17.038,NA,NA,NA,285.905
1988-05-04,19.119,NA,NA,NA,285.988
1988-05-05,18.272,NA,NA,NA,285.954
1988-05-06,16.751,NA,NA,NA,285.89
1988-05-07,16.175,NA,NA,NA,285.857
1988-05-08,16.804,NA,NA,NA,285.893
1988-05-09,21.278,NA,NA,NA,286.073
1988-05-10,16.699,NA,NA,NA,285.887
1988-05-11,16.594,NA,NA,NA,285.881
1988-05-12,16.279,NA,NA,NA,285.863
1988-05-13,16.279,NA,NA,NA,285.863
1988-05-14,15.126,NA,NA,NA,285.796
1988-05-15,16.594,NA,NA,NA,285.881
1988-05-16,16.436,NA,NA,NA,285.872
1988-05-17,15.336,NA,NA,NA,285.808
1988-05-18,14.444,NA,NA,NA,285.756
1988-05-19,15.546,NA,NA,NA,285.82
1988-05-20,15.86,NA,NA,NA,285.838
1988-05-21,16.279,NA,NA,NA,285.863
1988-05-22,15.546,NA,NA,NA,285.82
1988-05-23,16.175,NA,NA,NA,285.857
1988-05-24,16.07,NA,NA,NA,285.851
1988-05-25,15.597,NA,NA,NA,285.823
1988-05-26,15.755,NA,NA,NA,285.832
1988-05-27,15.755,NA,NA,NA,285.832
1988-05-28,15.546,NA,NA,NA,285.82
1988-05-29,15.126,NA,NA,NA,285.796
1988-05-30,15.126,NA,NA,NA,285.796
1988-05-31,15.283,NA,NA,NA,285.805
1988-06-01,15.388,NA,NA,NA,285.811
1988-06-02,15.86,NA,NA,NA,285.838
1988-06-03,15.755,NA,NA,NA,285.832
1988-06-04,15.546,NA,NA,NA,285.82
1988-06-05,15.336,NA,NA,NA,285.808
1988-06-06,15.126,NA,NA,NA,285.796
1988-06-07,15.178,NA,NA,NA,285.799
1988-06-08,15.126,NA,NA,NA,285.796
1988-06-09,14.812,NA,NA,NA,285.777
1988-06-10,14.863,NA,NA,NA,285.78
1988-06-11,14.863,NA,NA,NA,285.78
1988-06-12,14.497,NA,NA,NA,285.759
1988-06-13,14.863,NA,NA,NA,285.78
1988-06-14,14.707,NA,NA,NA,285.771
1988-06-15,15.126,NA,NA,NA,285.796
1988-06-16,14.707,NA,NA,NA,285.771
1988-06-17,14.497,NA,NA,NA,285.759
1988-06-18,13.973,NA,NA,NA,285.729
1988-06-19,14.287,NA,NA,NA,285.747
1988-06-20,14.287,NA,NA,NA,285.747
1988-06-21,14.078,NA,NA,NA,285.735
1988-06-22,14.078,NA,NA,NA,285.735
1988-06-23,13.658,NA,NA,NA,285.71
1988-06-24,13.868,NA,NA,NA,285.723
1988-06-25,14.078,NA,NA,NA,285.735
1988-06-26,13.449,NA,NA,NA,285.698
1988-06-27,13.186,NA,NA,NA,285.683
1988-06-28,12.82,NA,NA,NA,285.662
1988-06-29,12.61,NA,NA,NA,285.649
1988-06-30,12.452,NA,NA,NA,285.64
1988-07-01,12.4,NA,NA,NA,285.637
1988-07-02,12.82,NA,NA,NA,285.662
1988-07-03,12.715,NA,NA,NA,285.656
1988-07-04,12.19,NA,NA,NA,285.625
1988-07-05,12.347,NA,NA,NA,285.634
1988-07-06,11.675,NA,NA,NA,285.595
1988-07-07,11.718,NA,NA,NA,285.598
1988-07-08,11.928,NA,NA,NA,285.61
1988-07-09,11.718,NA,NA,NA,285.598
1988-07-10,11.589,NA,NA,NA,285.588
1988-07-11,11.589,NA,NA,NA,285.588
1988-07-12,11.33,NA,NA,NA,285.57
1988-07-13,11.459,NA,NA,NA,285.579
1988-07-14,11.632,NA,NA,NA,285.592
1988-07-15,11.33,NA,NA,NA,285.57
1988-07-16,11.416,NA,NA,NA,285.576
1988-07-17,11.416,NA,NA,NA,285.576
1988-07-18,11.243,NA,NA,NA,285.564
1988-07-19,10.898,NA,NA,NA,285.54
1988-07-20,11.027,NA,NA,NA,285.549
1988-07-21,10.941,NA,NA,NA,285.543
1988-07-22,10.725,NA,NA,NA,285.527
1988-07-23,10.552,NA,NA,NA,285.515
1988-07-24,10.552,NA,NA,NA,285.515
1988-07-25,10.596,NA,NA,NA,285.518
1988-07-26,10.207,NA,NA,NA,285.491
1988-07-27,10.207,NA,NA,NA,285.491
1988-07-28,9.732,NA,NA,NA,285.457
1988-07-29,9.689,NA,NA,NA,285.454
1988-07-30,9.862,NA,NA,NA,285.467
1988-07-31,9.43,NA,NA,NA,285.436
1988-08-01,9.257,NA,NA,NA,285.424
1988-08-02,9.516,NA,NA,NA,285.442
1988-08-03,9.689,NA,NA,NA,285.454
1988-08-04,10.552,NA,NA,NA,285.515
1988-08-05,10.466,NA,NA,NA,285.509
1988-08-06,9.862,NA,NA,NA,285.467
1988-08-07,9.516,NA,NA,NA,285.442
1988-08-08,8.826,NA,NA,NA,285.393
1988-08-09,9.862,NA,NA,NA,285.467
1988-08-10,8.48,NA,NA,NA,285.369
1988-08-11,8.178,NA,NA,NA,285.348
1988-08-12,8.048,NA,NA,NA,285.339
1988-08-13,8.998,NA,NA,NA,285.406
1988-08-14,9.862,NA,NA,NA,285.467
1988-08-15,9.603,NA,NA,NA,285.448
1988-08-16,9.344,NA,NA,NA,285.43
1988-08-17,9.516,NA,NA,NA,285.442
1988-08-18,9.516,NA,NA,NA,285.442
1988-08-19,9.171,NA,NA,NA,285.418
1988-08-20,9.559,NA,NA,NA,285.445
1988-08-21,9.559,NA,NA,NA,285.445
1988-08-22,9.559,NA,NA,NA,285.445
1988-08-23,9.43,NA,NA,NA,285.436
1988-08-24,9.516,NA,NA,NA,285.442
1988-08-25,9.732,NA,NA,NA,285.457
1988-08-26,9.171,NA,NA,NA,285.418
1988-08-27,10.034,NA,NA,NA,285.479
1988-08-28,9.344,NA,NA,NA,285.43
1988-08-29,9.128,NA,NA,NA,285.415
1988-08-30,8.826,NA,NA,NA,285.393
1988-08-31,9.128,NA,NA,NA,285.415
1988-09-01,9.128,NA,NA,NA,285.415
1988-09-02,8.912,NA,NA,NA,285.399
1988-09-03,9.689,NA,NA,NA,285.454
1988-09-04,8.998,NA,NA,NA,285.406
1988-09-05,8.653,NA,NA,NA,285.381
1988-09-06,8.61,NA,NA,NA,285.378
1988-09-07,8.048,NA,NA,NA,285.339
1988-09-08,9.128,NA,NA,NA,285.415
1988-09-09,8.394,NA,NA,NA,285.363
1988-09-10,8.696,NA,NA,NA,285.384
1988-09-11,9.559,NA,NA,NA,285.445
1988-09-12,10.164,NA,NA,NA,285.488
1988-09-13,7.962,NA,NA,NA,285.332
1988-09-14,7.962,NA,NA,NA,285.332
1988-09-15,7.617,NA,NA,NA,285.308
1988-09-16,7.789,NA,NA,NA,285.32
1988-09-17,8.135,NA,NA,NA,285.345
1988-09-18,8.135,NA,NA,NA,285.345
1988-09-19,9.862,NA,NA,NA,285.467
1988-09-20,11.07,NA,NA,NA,285.552
1988-09-21,9.991,NA,NA,NA,285.476
1988-09-22,8.912,NA,NA,NA,285.399
1988-09-23,8.307,NA,NA,NA,285.357
1988-09-24,7.159,NA,NA,NA,285.271
1988-09-25,8.307,NA,NA,NA,285.357
1988-09-26,7.789,NA,NA,NA,285.32
1988-09-27,8.653,NA,NA,NA,285.381
1988-09-28,6.745,NA,NA,NA,285.235
1988-09-29,8.653,NA,NA,NA,285.381
1988-09-30,8.696,NA,NA,NA,285.384
1988-10-01,8.739,NA,NA,NA,285.387
1988-10-02,8.307,NA,NA,NA,285.357
1988-10-03,8.826,NA,NA,NA,285.393
1988-10-04,8.826,NA,NA,NA,285.393
1988-10-05,7.962,NA,NA,NA,285.332
1988-10-06,7.617,NA,NA,NA,285.308
1988-10-07,7.962,NA,NA,NA,285.332
1988-10-08,7.789,NA,NA,NA,285.32
1988-10-09,7.789,NA,NA,NA,285.32
1988-10-10,8.48,NA,NA,NA,285.369
1988-10-11,8.394,NA,NA,NA,285.363
1988-10-12,7.617,NA,NA,NA,285.308
1988-10-13,6.745,NA,NA,NA,285.235
1988-10-14,7.574,NA,NA,NA,285.305
1988-10-15,7.444,NA,NA,NA,285.296
1988-10-16,8.653,NA,NA,NA,285.381
1988-10-17,7.366,NA,NA,NA,285.29
1988-10-18,7.617,NA,NA,NA,285.308
1988-10-19,7.617,NA,NA,NA,285.308
1988-10-20,6.917,NA,NA,NA,285.25
1988-10-21,8.739,NA,NA,NA,285.387
1988-10-22,7.09,NA,NA,NA,285.265
1988-10-23,9.775,NA,NA,NA,285.46
1988-10-24,8.048,NA,NA,NA,285.339
1988-10-25,7.962,NA,NA,NA,285.332
1988-10-26,8.135,NA,NA,NA,285.345
1988-10-27,9.43,NA,NA,NA,285.436
1988-10-28,10.552,NA,NA,NA,285.515
1988-10-29,8.48,NA,NA,NA,285.369
1988-10-30,7.962,NA,NA,NA,285.332
1988-10-31,10.725,NA,NA,NA,285.527
1988-11-01,7.962,NA,NA,NA,285.332
1988-11-02,6.745,NA,NA,NA,285.235
1988-11-03,7.833,NA,NA,NA,285.323
1988-11-04,7.617,NA,NA,NA,285.308
1988-11-05,10.034,NA,NA,NA,285.479
1988-11-06,10.898,NA,NA,NA,285.54
1988-11-07,7.919,NA,NA,NA,285.329
1988-11-08,8.005,NA,NA,NA,285.335
1988-11-09,7.228,NA,NA,NA,285.278
1988-11-10,9.775,NA,NA,NA,285.46
1988-11-11,8.264,NA,NA,NA,285.354
1988-11-12,7.021,NA,NA,NA,285.259
1988-11-13,8.135,NA,NA,NA,285.345
1988-11-14,8.394,NA,NA,NA,285.363
1988-11-15,7.703,NA,NA,NA,285.314
1988-11-16,8.696,NA,NA,NA,285.384
1988-11-17,9.689,NA,NA,NA,285.454
1988-11-18,8.826,NA,NA,NA,285.393
1988-11-19,8.653,NA,NA,NA,285.381
1988-11-20,8.394,NA,NA,NA,285.363
1988-11-21,8.135,NA,NA,NA,285.345
1988-11-22,7.962,NA,NA,NA,285.332
1988-11-23,7.487,NA,NA,NA,285.299
1988-11-24,7.297,NA,NA,NA,285.284
1988-11-25,7.297,NA,NA,NA,285.284
1988-11-26,7.297,NA,NA,NA,285.284
1988-11-27,7.962,NA,NA,NA,285.332
1988-11-28,8.48,NA,NA,NA,285.369
1988-11-29,8.48,NA,NA,NA,285.369
1988-11-30,8.653,NA,NA,NA,285.381
1988-12-01,8.912,NA,NA,NA,285.399
1988-12-02,9.171,NA,NA,NA,285.418
1988-12-03,9.171,NA,NA,NA,285.418
1988-12-04,9.171,NA,NA,NA,285.418
1988-12-05,8.998,NA,NA,NA,285.406
1988-12-06,8.998,NA,NA,NA,285.406
1988-12-07,8.998,NA,NA,NA,285.406
1988-12-08,8.998,NA,NA,NA,285.406
1988-12-09,8.998,NA,NA,NA,285.406
1988-12-10,9.171,NA,NA,NA,285.418
1988-12-11,9.171,NA,NA,NA,285.418
1988-12-12,9.171,NA,NA,NA,285.418
1988-12-13,9.128,NA,NA,NA,285.415
1988-12-14,9.085,NA,NA,NA,285.412
1988-12-15,9.085,NA,NA,NA,285.412
1988-12-16,9.085,NA,NA,NA,285.412
1988-12-17,9.085,NA,NA,NA,285.412
1988-12-18,9.085,NA,NA,NA,285.412
1988-12-19,9.085,NA,NA,NA,285.412
1988-12-20,9.085,NA,NA,NA,285.412
1988-12-21,9.085,NA,NA,NA,285.412
1988-12-22,9.085,NA,NA,NA,285.412
1988-12-23,9.085,NA,NA,NA,285.412
1988-12-24,9.085,NA,NA,NA,285.412
1988-12-25,9.085,NA,NA,NA,285.412
1988-12-26,9.085,NA,NA,NA,285.412
1988-12-27,9.085,NA,NA,NA,285.412
1988-12-28,9.085,NA,NA,NA,285.412
1988-12-29,9.085,NA,NA,NA,285.412
1988-12-30,9.085,NA,NA,NA,285.412
1988-12-31,9.085,NA,NA,NA,285.412
1989-01-01,9.085,NA,NA,NA,285.412
1989-01-02,9.085,NA,NA,NA,285.412
1989-01-03,9.085,NA,NA,NA,285.412
1989-01-04,9.085,NA,NA,NA,285.412
1989-01-05,9.085,NA,NA,NA,285.412
1989-01-06,9.085,NA,NA,NA,285.412
1989-01-07,9.085,NA,NA,NA,285.412
1989-01-08,9.085,NA,NA,NA,285.412
1989-01-09,9.085,NA,NA,NA,285.412
1989-01-10,9.085,NA,NA,NA,285.412
1989-01-11,9.085,NA,NA,NA,285.412
1989-01-12,9.085,NA,NA,NA,285.412
1989-01-13,9.085,NA,NA,NA,285.412
1989-01-14,9.085,NA,NA,NA,285.412
1989-01-15,9.085,NA,NA,NA,285.412
1989-01-16,9.085,NA,NA,NA,285.412
1989-01-17,9.085,NA,NA,NA,285.412
1989-01-18,9.085,NA,NA,NA,285.412
1989-01-19,9.085,NA,NA,NA,285.412
1989-01-20,9.085,NA,NA,NA,285.412
1989-01-21,9.085,NA,NA,NA,285.412
1989-01-22,9.085,NA,NA,NA,285.412
1989-01-23,9.085,NA,NA,NA,285.412
1989-01-24,9.085,NA,NA,NA,285.412
1989-01-25,9.085,NA,NA,NA,285.412
1989-01-26,9.085,NA,NA,NA,285.412
1989-01-27,9.085,NA,NA,NA,285.412
1989-01-28,9.085,NA,NA,NA,285.412
1989-01-29,9.085,NA,NA,NA,285.412
1989-01-30,9.085,NA,NA,NA,285.412
1989-01-31,9.085,NA,NA,NA,285.412
1989-02-01,9.085,NA,NA,NA,285.412
1989-02-02,9.085,NA,NA,NA,285.412
1989-02-03,9.085,NA,NA,NA,285.412
1989-02-04,9.085,NA,NA,NA,285.412
1989-02-05,9.085,NA,NA,NA,285.412
1989-02-06,9.085,NA,NA,NA,285.412
1989-02-07,9.085,NA,NA,NA,285.412
1989-02-08,9.085,NA,NA,NA,285.412
1989-02-09,9.085,NA,NA,NA,285.412
1989-02-10,9.085,NA,NA,NA,285.412
1989-02-11,9.085,NA,NA,NA,285.412
1989-02-12,9.085,NA,NA,NA,285.412
1989-02-13,9.085,NA,NA,NA,285.412
1989-02-14,9.085,NA,NA,NA,285.412
1989-02-15,9.085,NA,NA,NA,285.412
1989-02-16,9.085,NA,NA,NA,285.412
1989-02-17,9.085,NA,NA,NA,285.412
1989-02-18,9.085,NA,NA,NA,285.412
1989-02-19,9.085,NA,NA,NA,285.412
1989-02-20,9.085,NA,NA,NA,285.412
1989-02-21,9.085,NA,NA,NA,285.412
1989-02-22,9.085,NA,NA,NA,285.412
1989-02-23,9.085,NA,NA,NA,285.412
1989-02-24,9.085,NA,NA,NA,285.412
1989-02-25,9.085,NA,NA,NA,285.412
1989-02-26,9.085,NA,NA,NA,285.412
1989-02-27,9.085,NA,NA,NA,285.412
1989-02-28,9.085,NA,NA,NA,285.412
1989-03-01,9.085,NA,NA,NA,285.412
1989-03-02,9.085,NA,NA,NA,285.412
1989-03-03,9.085,NA,NA,NA,285.412
1989-03-04,9.085,NA,NA,NA,285.412
1989-03-05,9.085,NA,NA,NA,285.412
1989-03-06,9.085,NA,NA,NA,285.412
1989-03-07,9.085,NA,NA,NA,285.412
1989-03-08,9.085,NA,NA,NA,285.412
1989-03-09,9.085,NA,NA,NA,285.412
1989-03-10,9.085,NA,NA,NA,285.412
1989-03-11,9.085,NA,NA,NA,285.412
1989-03-12,9.085,NA,NA,NA,285.412
1989-03-13,9.085,NA,NA,NA,285.412
1989-03-14,9.085,NA,NA,NA,285.412
1989-03-15,9.085,NA,NA,NA,285.412
1989-03-16,9.085,NA,NA,NA,285.412
1989-03-17,9.085,NA,NA,NA,285.412
1989-03-18,9.085,NA,NA,NA,285.412
1989-03-19,9.085,NA,NA,NA,285.412
1989-03-20,9.128,NA,NA,NA,285.415
1989-03-21,9.257,NA,NA,NA,285.424
1989-03-22,9.689,NA,NA,NA,285.454
1989-03-23,10.38,NA,NA,NA,285.503
1989-03-24,14.339,NA,NA,NA,285.75
1989-03-25,15.546,NA,NA,NA,285.82
1989-03-26,15.546,NA,NA,NA,285.82
1989-03-27,14.863,NA,NA,NA,285.78
1989-03-28,16.96,NA,NA,NA,285.902
1989-03-29,16.856,NA,NA,NA,285.896
1989-03-30,25.117,NA,NA,NA,286.222
1989-03-31,31.377,NA,NA,NA,286.436
1989-04-01,34.091,NA,NA,NA,286.527
1989-04-02,36.768,NA,NA,NA,286.613
1989-04-03,37.341,NA,NA,NA,286.631
1989-04-04,39.73,NA,NA,NA,286.707
1989-04-05,37.627,NA,NA,NA,286.64
1989-04-06,35.812,NA,NA,NA,286.582
1989-04-07,34.282,NA,NA,NA,286.533
1989-04-08,34.091,NA,NA,NA,286.527
1989-04-09,33.612,NA,NA,NA,286.512
1989-04-10,33.076,NA,NA,NA,286.494
1989-04-11,32.093,NA,NA,NA,286.46
1989-04-12,31.735,NA,NA,NA,286.448
1989-04-13,31.824,NA,NA,NA,286.451
1989-04-14,31.645,NA,NA,NA,286.445
1989-04-15,31.824,NA,NA,NA,286.451
1989-04-16,31.824,NA,NA,NA,286.451
1989-04-17,30.93,NA,NA,NA,286.421
1989-04-18,29.856,NA,NA,NA,286.384
1989-04-19,28.873,NA,NA,NA,286.35
1989-04-20,27.8,NA,NA,NA,286.314
1989-04-21,27.264,NA,NA,NA,286.296
1989-04-22,24.439,NA,NA,NA,286.198
1989-04-23,24.76,NA,NA,NA,286.21
1989-04-24,25.654,NA,NA,NA,286.241
1989-04-25,24.285,NA,NA,NA,286.192
1989-04-26,23.976,NA,NA,NA,286.18
1989-04-27,23.822,NA,NA,NA,286.174
1989-04-28,23.514,NA,NA,NA,286.161
1989-04-29,24.439,NA,NA,NA,286.198
1989-04-30,24.285,NA,NA,NA,286.192
1989-05-01,24.515,NA,NA,NA,286.201
1989-05-02,24.439,NA,NA,NA,286.198
1989-05-03,24.76,NA,NA,NA,286.21
1989-05-04,24.439,NA,NA,NA,286.198
1989-05-05,28.337,NA,NA,NA,286.332
1989-05-06,26.906,NA,NA,NA,286.283
1989-05-07,25.654,NA,NA,NA,286.241
1989-05-08,26.637,NA,NA,NA,286.274
1989-05-09,26.548,NA,NA,NA,286.271
1989-05-10,26.995,NA,NA,NA,286.286
1989-05-11,25.654,NA,NA,NA,286.241
1989-05-12,25.564,NA,NA,NA,286.238
1989-05-13,25.117,NA,NA,NA,286.222
1989-05-14,24.439,NA,NA,NA,286.198
1989-05-15,23.822,NA,NA,NA,286.174
1989-05-16,23.205,NA,NA,NA,286.149
1989-05-17,22.28,NA,NA,NA,286.113
1989-05-18,21.972,NA,NA,NA,286.101
1989-05-19,22.28,NA,NA,NA,286.113
1989-05-20,21.664,NA,NA,NA,286.088
1989-05-21,21.201,NA,NA,NA,286.07
1989-05-22,21.123,NA,NA,NA,286.067
1989-05-23,20.43,NA,NA,NA,286.04
1989-05-24,22.28,NA,NA,NA,286.113
1989-05-25,20.43,NA,NA,NA,286.04
1989-05-26,21.972,NA,NA,NA,286.101
1989-05-27,19.197,NA,NA,NA,285.991
1989-05-28,18.58,NA,NA,NA,285.966
1989-05-29,17.655,NA,NA,NA,285.93
1989-05-30,18.965,NA,NA,NA,285.982
1989-05-31,19.042,NA,NA,NA,285.985
1989-06-01,19.119,NA,NA,NA,285.988
1989-06-02,18.58,NA,NA,NA,285.966
1989-06-03,18.58,NA,NA,NA,285.966
1989-06-04,18.58,NA,NA,NA,285.966
1989-06-05,18.348,NA,NA,NA,285.957
1989-06-06,17.963,NA,NA,NA,285.942
1989-06-07,17.655,NA,NA,NA,285.93
1989-06-08,18.811,NA,NA,NA,285.976
1989-06-09,17.346,NA,NA,NA,285.918
1989-06-10,17.038,NA,NA,NA,285.905
1989-06-11,16.594,NA,NA,NA,285.881
1989-06-12,17.731,NA,NA,NA,285.933
1989-06-13,17.192,NA,NA,NA,285.912
1989-06-14,17.346,NA,NA,NA,285.918
1989-06-15,17.192,NA,NA,NA,285.912
1989-06-16,17.038,NA,NA,NA,285.905
1989-06-17,16.175,NA,NA,NA,285.857
1989-06-18,17.038,NA,NA,NA,285.905
1989-06-19,16.751,NA,NA,NA,285.89
1989-06-20,16.751,NA,NA,NA,285.89
1989-06-21,16.594,NA,NA,NA,285.881
1989-06-22,17.115,NA,NA,NA,285.908
1989-06-23,16.594,NA,NA,NA,285.881
1989-06-24,16.489,NA,NA,NA,285.875
1989-06-25,16.384,NA,NA,NA,285.869
1989-06-26,16.751,NA,NA,NA,285.89
1989-06-27,16.594,NA,NA,NA,285.881
1989-06-28,16.384,NA,NA,NA,285.869
1989-06-29,15.965,NA,NA,NA,285.844
1989-06-30,16.384,NA,NA,NA,285.869
1989-07-01,16.384,NA,NA,NA,285.869
1989-07-02,16.07,NA,NA,NA,285.851
1989-07-03,16.331,NA,NA,NA,285.866
1989-07-04,16.07,NA,NA,NA,285.851
1989-07-05,15.86,NA,NA,NA,285.838
1989-07-06,16.384,NA,NA,NA,285.869
1989-07-07,15.755,NA,NA,NA,285.832
1989-07-08,14.078,NA,NA,NA,285.735
1989-07-09,15.336,NA,NA,NA,285.808
1989-07-10,15.65,NA,NA,NA,285.826
1989-07-11,15.493,NA,NA,NA,285.817
1989-07-12,15.336,NA,NA,NA,285.808
1989-07-13,15.702,NA,NA,NA,285.829
1989-07-14,15.597,NA,NA,NA,285.823
1989-07-15,15.493,NA,NA,NA,285.817
1989-07-16,15.388,NA,NA,NA,285.811
1989-07-17,15.283,NA,NA,NA,285.805
1989-07-18,16.489,NA,NA,NA,285.875
1989-07-19,16.384,NA,NA,NA,285.869
1989-07-20,16.331,NA,NA,NA,285.866
1989-07-21,16.175,NA,NA,NA,285.857
1989-07-22,15.965,NA,NA,NA,285.844
1989-07-23,15.755,NA,NA,NA,285.832
1989-07-24,15.597,NA,NA,NA,285.823
1989-07-25,15.65,NA,NA,NA,285.826
1989-07-26,15.702,NA,NA,NA,285.829
1989-07-27,15.702,NA,NA,NA,285.829
1989-07-28,15.755,NA,NA,NA,285.832
1989-07-29,15.807,NA,NA,NA,285.835
1989-07-30,15.86,NA,NA,NA,285.838
1989-07-31,15.912,NA,NA,NA,285.841
1989-08-01,15.86,NA,NA,NA,285.838
1989-08-02,15.755,NA,NA,NA,285.832
1989-08-03,15.702,NA,NA,NA,285.829
1989-08-04,15.597,NA,NA,NA,285.823
1989-08-05,15.546,NA,NA,NA,285.82
1989-08-06,15.493,NA,NA,NA,285.817
1989-08-07,15.441,NA,NA,NA,285.814
1989-08-08,15.178,NA,NA,NA,285.799
1989-08-09,14.968,NA,NA,NA,285.787
1989-08-10,14.759,NA,NA,NA,285.774
1989-08-11,14.863,NA,NA,NA,285.78
1989-08-12,14.968,NA,NA,NA,285.787
1989-08-13,15.021,NA,NA,NA,285.79
1989-08-14,15.126,NA,NA,NA,285.796
1989-08-15,14.863,NA,NA,NA,285.78
1989-08-16,14.602,NA,NA,NA,285.765
1989-08-17,14.339,NA,NA,NA,285.75
1989-08-18,14.339,NA,NA,NA,285.75
1989-08-19,14.339,NA,NA,NA,285.75
1989-08-20,14.392,NA,NA,NA,285.753
1989-08-21,14.392,NA,NA,NA,285.753
1989-08-22,14.392,NA,NA,NA,285.753
1989-08-23,14.392,NA,NA,NA,285.753
1989-08-24,14.392,NA,NA,NA,285.753
1989-08-25,14.392,NA,NA,NA,285.753
1989-08-26,14.392,NA,NA,NA,285.753
1989-08-27,14.444,NA,NA,NA,285.756
1989-08-28,14.444,NA,NA,NA,285.756
1989-08-29,14.549,NA,NA,NA,285.762
1989-08-30,14.707,NA,NA,NA,285.771
1989-08-31,14.812,NA,NA,NA,285.777
1989-09-01,14.759,NA,NA,NA,285.774
1989-09-02,14.707,NA,NA,NA,285.771
1989-09-03,14.654,NA,NA,NA,285.768
1989-09-04,14.602,NA,NA,NA,285.765
1989-09-05,14.602,NA,NA,NA,285.765
1989-09-06,14.863,NA,NA,NA,285.78
1989-09-07,15.073,NA,NA,NA,285.793
1989-09-08,15.283,NA,NA,NA,285.805
1989-09-09,15.597,NA,NA,NA,285.823
1989-09-10,15.912,NA,NA,NA,285.841
1989-09-11,16.279,NA,NA,NA,285.863
1989-09-12,15.755,NA,NA,NA,285.832
1989-09-13,15.178,NA,NA,NA,285.799
1989-09-14,14.654,NA,NA,NA,285.768
1989-09-15,14.497,NA,NA,NA,285.759
1989-09-16,14.339,NA,NA,NA,285.75
1989-09-17,14.183,NA,NA,NA,285.741
1989-09-18,14.025,NA,NA,NA,285.732
1989-09-19,14.287,NA,NA,NA,285.747
1989-09-20,14.497,NA,NA,NA,285.759
1989-09-21,14.707,NA,NA,NA,285.771
1989-09-22,14.707,NA,NA,NA,285.771
1989-09-23,14.759,NA,NA,NA,285.774
1989-09-24,14.759,NA,NA,NA,285.774
1989-09-25,14.759,NA,NA,NA,285.774
1989-09-26,14.707,NA,NA,NA,285.771
1989-09-27,14.654,NA,NA,NA,285.768
1989-09-28,14.602,NA,NA,NA,285.765
1989-09-29,14.812,NA,NA,NA,285.777
1989-09-30,15.073,NA,NA,NA,285.793
1989-10-01,15.283,NA,NA,NA,285.805
1989-10-02,15.388,NA,NA,NA,285.811
1989-10-03,14.968,NA,NA,NA,285.787
1989-10-04,14.497,NA,NA,NA,285.759
1989-10-05,14.078,NA,NA,NA,285.735
1989-10-06,14.078,NA,NA,NA,285.735
1989-10-07,14.078,NA,NA,NA,285.735
1989-10-08,14.078,NA,NA,NA,285.735
1989-10-09,14.13,NA,NA,NA,285.738
1989-10-10,14.13,NA,NA,NA,285.738
1989-10-11,14.183,NA,NA,NA,285.741
1989-10-12,14.183,NA,NA,NA,285.741
1989-10-13,14.234,NA,NA,NA,285.744
1989-10-14,14.602,NA,NA,NA,285.765
1989-10-15,14.968,NA,NA,NA,285.787
1989-10-16,15.283,NA,NA,NA,285.805
1989-10-17,14.863,NA,NA,NA,285.78
1989-10-18,14.444,NA,NA,NA,285.756
1989-10-19,14.078,NA,NA,NA,285.735
1989-10-20,14.183,NA,NA,NA,285.741
1989-10-21,14.287,NA,NA,NA,285.747
1989-10-22,14.339,NA,NA,NA,285.75
1989-10-23,14.392,NA,NA,NA,285.753
1989-10-24,14.13,NA,NA,NA,285.738
1989-10-25,13.868,NA,NA,NA,285.723
1989-10-26,13.658,NA,NA,NA,285.71
1989-10-27,14.078,NA,NA,NA,285.735
1989-10-28,14.497,NA,NA,NA,285.759
1989-10-29,14.916,NA,NA,NA,285.784
1989-10-30,15.283,NA,NA,NA,285.805
1989-10-31,15.388,NA,NA,NA,285.811
1989-11-01,15.441,NA,NA,NA,285.814
1989-11-02,15.493,NA,NA,NA,285.817
1989-11-03,15.493,NA,NA,NA,285.817
1989-11-04,15.493,NA,NA,NA,285.817
1989-11-05,15.546,NA,NA,NA,285.82
1989-11-06,15.546,NA,NA,NA,285.82
1989-11-07,15.65,NA,NA,NA,285.826
1989-11-08,15.755,NA,NA,NA,285.832
1989-11-09,15.807,NA,NA,NA,285.835
1989-11-10,15.86,NA,NA,NA,285.838
1989-11-11,15.86,NA,NA,NA,285.838
1989-11-12,15.86,NA,NA,NA,285.838
1989-11-13,15.912,NA,NA,NA,285.841
1989-11-14,15.807,NA,NA,NA,285.835
1989-11-15,15.65,NA,NA,NA,285.826
1989-11-16,15.546,NA,NA,NA,285.82
1989-11-17,15.597,NA,NA,NA,285.823
1989-11-18,15.65,NA,NA,NA,285.826
1989-11-19,15.702,NA,NA,NA,285.829
1989-11-20,15.755,NA,NA,NA,285.832
1989-11-21,15.755,NA,NA,NA,285.832
1989-11-22,15.755,NA,NA,NA,285.832
1989-11-23,15.755,NA,NA,NA,285.832
1989-11-24,15.755,NA,NA,NA,285.832
1989-11-25,15.702,NA,NA,NA,285.829
1989-11-26,15.702,NA,NA,NA,285.829
1989-11-27,15.702,NA,NA,NA,285.829
1989-11-28,15.702,NA,NA,NA,285.829
1989-11-29,15.755,NA,NA,NA,285.832
1989-11-30,15.755,NA,NA,NA,285.832
1989-12-01,15.755,NA,NA,NA,285.832
1989-12-02,15.755,NA,NA,NA,285.832
1989-12-03,15.807,NA,NA,NA,285.835
1989-12-04,15.807,NA,NA,NA,285.835
1989-12-05,15.755,NA,NA,NA,285.832
1989-12-06,15.755,NA,NA,NA,285.832
1989-12-07,15.702,NA,NA,NA,285.829
1989-12-08,15.702,NA,NA,NA,285.829
1989-12-09,15.65,NA,NA,NA,285.826
1989-12-10,15.65,NA,NA,NA,285.826
1989-12-11,15.65,NA,NA,NA,285.826
1989-12-12,15.597,NA,NA,NA,285.823
1989-12-13,15.597,NA,NA,NA,285.823
1989-12-14,15.597,NA,NA,NA,285.823
1989-12-15,15.546,NA,NA,NA,285.82
1989-12-16,15.493,NA,NA,NA,285.817
1989-12-17,15.441,NA,NA,NA,285.814
1989-12-18,15.388,NA,NA,NA,285.811
1989-12-19,15.388,NA,NA,NA,285.811
1989-12-20,15.388,NA,NA,NA,285.811
1989-12-21,15.336,NA,NA,NA,285.808
1989-12-22,15.336,NA,NA,NA,285.808
1989-12-23,15.336,NA,NA,NA,285.808
1989-12-24,15.283,NA,NA,NA,285.805
1989-12-25,15.283,NA,NA,NA,285.805
1989-12-26,15.283,NA,NA,NA,285.805
1989-12-27,15.283,NA,NA,NA,285.805
1989-12-28,15.336,NA,NA,NA,285.808
1989-12-29,15.336,NA,NA,NA,285.808
1989-12-30,15.336,NA,NA,NA,285.808
1989-12-31,15.336,NA,NA,NA,285.808
1990-01-01,15.336,NA,NA,NA,285.808
1990-01-02,15.336,NA,NA,NA,285.808
1990-01-03,15.336,NA,NA,NA,285.808
1990-01-04,15.388,NA,NA,NA,285.811
1990-01-05,15.388,NA,NA,NA,285.811
1990-01-06,15.546,NA,NA,NA,285.82
1990-01-07,15.65,NA,NA,NA,285.826
1990-01-08,15.807,NA,NA,NA,285.835
1990-01-09,15.493,NA,NA,NA,285.817
1990-01-10,15.388,NA,NA,NA,285.811
1990-01-11,15.388,NA,NA,NA,285.811
1990-01-12,15.388,NA,NA,NA,285.811
1990-01-13,15.388,NA,NA,NA,285.811
1990-01-14,15.388,NA,NA,NA,285.811
1990-01-15,15.388,NA,NA,NA,285.811
1990-01-16,15.388,NA,NA,NA,285.811
1990-01-17,15.441,NA,NA,NA,285.814
1990-01-18,15.441,NA,NA,NA,285.814
1990-01-19,15.493,NA,NA,NA,285.817
1990-01-20,15.493,NA,NA,NA,285.817
1990-01-21,15.546,NA,NA,NA,285.82
1990-01-22,15.546,NA,NA,NA,285.82
1990-01-23,15.546,NA,NA,NA,285.82
1990-01-24,15.597,NA,NA,NA,285.823
1990-01-25,15.597,NA,NA,NA,285.823
1990-01-26,15.597,NA,NA,NA,285.823
1990-01-27,15.597,NA,NA,NA,285.823
1990-01-28,15.65,NA,NA,NA,285.826
1990-01-29,15.65,NA,NA,NA,285.826
1990-01-30,15.65,NA,NA,NA,285.826
1990-01-31,15.65,NA,NA,NA,285.826
1990-02-01,15.65,NA,NA,NA,285.826
1990-02-02,15.702,NA,NA,NA,285.829
1990-02-03,15.702,NA,NA,NA,285.829
1990-02-04,15.755,NA,NA,NA,285.832
1990-02-05,15.807,NA,NA,NA,285.835
1990-02-06,15.807,NA,NA,NA,285.835
1990-02-07,15.755,NA,NA,NA,285.832
1990-02-08,15.755,NA,NA,NA,285.832
1990-02-09,15.755,NA,NA,NA,285.832
1990-02-10,15.755,NA,NA,NA,285.832
1990-02-11,15.755,NA,NA,NA,285.832
1990-02-12,15.755,NA,NA,NA,285.832
1990-02-13,15.702,NA,NA,NA,285.829
1990-02-14,15.702,NA,NA,NA,285.829
1990-02-15,15.65,NA,NA,NA,285.826
1990-02-16,15.702,NA,NA,NA,285.829
1990-02-17,15.702,NA,NA,NA,285.829
1990-02-18,15.702,NA,NA,NA,285.829
1990-02-19,15.755,NA,NA,NA,285.832
1990-02-20,15.755,NA,NA,NA,285.832
1990-02-21,15.755,NA,NA,NA,285.832
1990-02-22,15.755,NA,NA,NA,285.832
1990-02-23,15.755,NA,NA,NA,285.832
1990-02-24,15.755,NA,NA,NA,285.832
1990-02-25,15.755,NA,NA,NA,285.832
1990-02-26,15.755,NA,NA,NA,285.832
1990-02-27,15.807,NA,NA,NA,285.835
1990-02-28,15.912,NA,NA,NA,285.841
1990-03-01,15.912,NA,NA,NA,285.841
1990-03-02,15.86,NA,NA,NA,285.838
1990-03-03,15.807,NA,NA,NA,285.835
1990-03-04,15.807,NA,NA,NA,285.835
1990-03-05,15.755,NA,NA,NA,285.832
1990-03-06,15.755,NA,NA,NA,285.832
1990-03-07,15.755,NA,NA,NA,285.832
1990-03-08,15.755,NA,NA,NA,285.832
1990-03-09,15.807,NA,NA,NA,285.835
1990-03-10,15.912,NA,NA,NA,285.841
1990-03-11,16.017,NA,NA,NA,285.848
1990-03-12,16.175,NA,NA,NA,285.857
1990-03-13,16.384,NA,NA,NA,285.869
1990-03-14,16.489,NA,NA,NA,285.875
1990-03-15,16.541,NA,NA,NA,285.878
1990-03-16,16.646,NA,NA,NA,285.884
1990-03-17,16.751,NA,NA,NA,285.89
1990-03-18,16.856,NA,NA,NA,285.896
1990-03-19,16.96,NA,NA,NA,285.902
1990-03-20,16.96,NA,NA,NA,285.902
1990-03-21,17.192,NA,NA,NA,285.912
1990-03-22,17.501,NA,NA,NA,285.924
1990-03-23,17.269,NA,NA,NA,285.915
1990-03-24,17.346,NA,NA,NA,285.918
1990-03-25,17.346,NA,NA,NA,285.918
1990-03-26,17.423,NA,NA,NA,285.921
1990-03-27,17.423,NA,NA,NA,285.921
1990-03-28,17.423,NA,NA,NA,285.921
1990-03-29,17.501,NA,NA,NA,285.924
1990-03-30,17.577,NA,NA,NA,285.927
1990-03-31,17.655,NA,NA,NA,285.93
1990-04-01,17.963,NA,NA,NA,285.942
1990-04-02,18.194,NA,NA,NA,285.951
1990-04-03,18.272,NA,NA,NA,285.954
1990-04-04,18.348,NA,NA,NA,285.957
1990-04-05,18.502,NA,NA,NA,285.963
1990-04-06,18.272,NA,NA,NA,285.954
1990-04-07,18.04,NA,NA,NA,285.945
1990-04-08,17.885,NA,NA,NA,285.939
1990-04-09,17.655,NA,NA,NA,285.93
1990-04-10,17.269,NA,NA,NA,285.915
1990-04-11,16.909,NA,NA,NA,285.899
1990-04-12,16.699,NA,NA,NA,285.887
1990-04-13,16.646,NA,NA,NA,285.884
1990-04-14,16.594,NA,NA,NA,285.881
1990-04-15,16.594,NA,NA,NA,285.881
1990-04-16,16.541,NA,NA,NA,285.878
1990-04-17,16.436,NA,NA,NA,285.872
1990-04-18,16.384,NA,NA,NA,285.869
1990-04-19,16.331,NA,NA,NA,285.866
1990-04-20,16.279,NA,NA,NA,285.863
1990-04-21,16.279,NA,NA,NA,285.863
1990-04-22,16.226,NA,NA,NA,285.86
1990-04-23,16.226,NA,NA,NA,285.86
1990-04-24,16.384,NA,NA,NA,285.869
1990-04-25,16.541,NA,NA,NA,285.878
1990-04-26,16.699,NA,NA,NA,285.887
1990-04-27,16.804,NA,NA,NA,285.893
1990-04-28,16.909,NA,NA,NA,285.899
1990-04-29,17.038,NA,NA,NA,285.905
1990-04-30,17.192,NA,NA,NA,285.912
1990-05-01,17.115,NA,NA,NA,285.908
1990-05-02,17.038,NA,NA,NA,285.905
1990-05-03,16.909,NA,NA,NA,285.899
1990-05-04,16.856,NA,NA,NA,285.896
1990-05-05,16.804,NA,NA,NA,285.893
1990-05-06,16.751,NA,NA,NA,285.89
1990-05-07,16.751,NA,NA,NA,285.89
1990-05-08,16.96,NA,NA,NA,285.902
1990-05-09,17.346,NA,NA,NA,285.918
1990-05-10,17.655,NA,NA,NA,285.93
1990-05-11,17.346,NA,NA,NA,285.918
1990-05-12,17.038,NA,NA,NA,285.905
1990-05-13,16.804,NA,NA,NA,285.893
1990-05-14,16.594,NA,NA,NA,285.881
1990-05-15,16.594,NA,NA,NA,285.881
1990-05-16,16.594,NA,NA,NA,285.881
1990-05-17,16.594,NA,NA,NA,285.881
1990-05-18,16.541,NA,NA,NA,285.878
1990-05-19,16.489,NA,NA,NA,285.875
1990-05-20,16.489,NA,NA,NA,285.875
1990-05-21,16.436,NA,NA,NA,285.872
1990-05-22,16.541,NA,NA,NA,285.878
1990-05-23,16.646,NA,NA,NA,285.884
1990-05-24,16.699,NA,NA,NA,285.887
1990-05-25,16.699,NA,NA,NA,285.887
1990-05-26,16.699,NA,NA,NA,285.887
1990-05-27,16.699,NA,NA,NA,285.887
1990-05-28,16.699,NA,NA,NA,285.887
1990-05-29,16.699,NA,NA,NA,285.887
1990-05-30,16.594,NA,NA,NA,285.881
1990-05-31,16.541,NA,NA,NA,285.878
1990-06-01,16.489,NA,NA,NA,285.875
1990-06-02,16.279,NA,NA,NA,285.863
1990-06-03,16.122,NA,NA,NA,285.854
1990-06-04,15.912,NA,NA,NA,285.841
1990-06-05,15.965,NA,NA,NA,285.844
1990-06-06,16.07,NA,NA,NA,285.851
1990-06-07,16.07,NA,NA,NA,285.851
1990-06-08,15.755,NA,NA,NA,285.832
1990-06-09,15.441,NA,NA,NA,285.814
1990-06-10,15.126,NA,NA,NA,285.796
1990-06-11,15.073,NA,NA,NA,285.793
1990-06-12,15.65,NA,NA,NA,285.826
1990-06-13,16.226,NA,NA,NA,285.86
1990-06-14,16.646,NA,NA,NA,285.884
1990-06-15,16.384,NA,NA,NA,285.869
1990-06-16,16.122,NA,NA,NA,285.854
1990-06-17,18.656,NA,NA,NA,285.969
1990-06-18,17.655,NA,NA,NA,285.93
1990-06-19,16.856,NA,NA,NA,285.896
1990-06-20,17.115,NA,NA,NA,285.908
1990-06-21,17.577,NA,NA,NA,285.927
1990-06-22,17.501,NA,NA,NA,285.924
1990-06-23,17.423,NA,NA,NA,285.921
1990-06-24,17.346,NA,NA,NA,285.918
1990-06-25,17.346,NA,NA,NA,285.918
1990-06-26,17.501,NA,NA,NA,285.924
1990-06-27,17.731,NA,NA,NA,285.933
1990-06-28,17.963,NA,NA,NA,285.942
1990-06-29,17.809,NA,NA,NA,285.936
1990-06-30,17.501,NA,NA,NA,285.924
1990-07-01,16.96,NA,NA,NA,285.902
1990-07-02,16.699,NA,NA,NA,285.887
1990-07-03,16.699,NA,NA,NA,285.887
1990-07-04,16.751,NA,NA,NA,285.89
1990-07-05,16.804,NA,NA,NA,285.893
1990-07-06,16.699,NA,NA,NA,285.887
1990-07-07,16.646,NA,NA,NA,285.884
1990-07-08,16.594,NA,NA,NA,285.881
1990-07-09,16.541,NA,NA,NA,285.878
1990-07-10,16.436,NA,NA,NA,285.872
1990-07-11,16.331,NA,NA,NA,285.866
1990-07-12,16.226,NA,NA,NA,285.86
1990-07-13,16.226,NA,NA,NA,285.86
1990-07-14,16.279,NA,NA,NA,285.863
1990-07-15,16.279,NA,NA,NA,285.863
1990-07-16,16.279,NA,NA,NA,285.863
1990-07-17,16.226,NA,NA,NA,285.86
1990-07-18,16.175,NA,NA,NA,285.857
1990-07-19,16.175,NA,NA,NA,285.857
1990-07-20,16.122,NA,NA,NA,285.854
1990-07-21,16.07,NA,NA,NA,285.851
1990-07-22,16.017,NA,NA,NA,285.848
1990-07-23,15.965,NA,NA,NA,285.844
1990-07-24,15.86,NA,NA,NA,285.838
1990-07-25,15.755,NA,NA,NA,285.832
1990-07-26,15.65,NA,NA,NA,285.826
1990-07-27,15.755,NA,NA,NA,285.832
1990-07-28,15.86,NA,NA,NA,285.838
1990-07-29,15.965,NA,NA,NA,285.844
1990-07-30,16.07,NA,NA,NA,285.851
1990-07-31,15.807,NA,NA,NA,285.835
1990-08-01,15.546,NA,NA,NA,285.82
1990-08-02,15.283,NA,NA,NA,285.805
1990-08-03,15.231,NA,NA,NA,285.802
1990-08-04,15.178,NA,NA,NA,285.799
1990-08-05,15.126,NA,NA,NA,285.796
1990-08-06,15.073,NA,NA,NA,285.793
1990-08-07,15.021,NA,NA,NA,285.79
1990-08-08,15.021,NA,NA,NA,285.79
1990-08-09,14.968,NA,NA,NA,285.787
1990-08-10,14.812,NA,NA,NA,285.777
1990-08-11,14.707,NA,NA,NA,285.771
1990-08-12,14.602,NA,NA,NA,285.765
1990-08-13,14.497,NA,NA,NA,285.759
1990-08-14,14.444,NA,NA,NA,285.756
1990-08-15,14.392,NA,NA,NA,285.753
1990-08-16,14.444,NA,NA,NA,285.756
1990-08-17,14.863,NA,NA,NA,285.78
1990-08-18,15.283,NA,NA,NA,285.805
1990-08-19,15.702,NA,NA,NA,285.829
1990-08-20,16.122,NA,NA,NA,285.854
1990-08-21,16.017,NA,NA,NA,285.848
1990-08-22,15.912,NA,NA,NA,285.841
1990-08-23,16.122,NA,NA,NA,285.854
1990-08-24,16.279,NA,NA,NA,285.863
1990-08-25,16.384,NA,NA,NA,285.869
1990-08-26,16.436,NA,NA,NA,285.872
1990-08-27,16.489,NA,NA,NA,285.875
1990-08-28,16.331,NA,NA,NA,285.866
1990-08-29,16.175,NA,NA,NA,285.857
1990-08-30,16.07,NA,NA,NA,285.851
1990-08-31,15.912,NA,NA,NA,285.841
1990-09-01,15.807,NA,NA,NA,285.835
1990-09-02,15.65,NA,NA,NA,285.826
1990-09-03,15.493,NA,NA,NA,285.817
1990-09-04,15.388,NA,NA,NA,285.811
1990-09-05,15.388,NA,NA,NA,285.811
1990-09-06,15.388,NA,NA,NA,285.811
1990-09-07,15.388,NA,NA,NA,285.811
1990-09-08,15.546,NA,NA,NA,285.82
1990-09-09,15.755,NA,NA,NA,285.832
1990-09-10,15.86,NA,NA,NA,285.838
1990-09-11,15.702,NA,NA,NA,285.829
1990-09-12,15.597,NA,NA,NA,285.823
1990-09-13,15.441,NA,NA,NA,285.814
1990-09-14,15.283,NA,NA,NA,285.805
1990-09-15,15.178,NA,NA,NA,285.799
1990-09-16,15.021,NA,NA,NA,285.79
1990-09-17,14.863,NA,NA,NA,285.78
1990-09-18,14.916,NA,NA,NA,285.784
1990-09-19,15.021,NA,NA,NA,285.79
1990-09-20,15.073,NA,NA,NA,285.793
1990-09-21,15.021,NA,NA,NA,285.79
1990-09-22,14.968,NA,NA,NA,285.787
1990-09-23,14.916,NA,NA,NA,285.784
1990-09-24,14.863,NA,NA,NA,285.78
1990-09-25,14.968,NA,NA,NA,285.787
1990-09-26,15.021,NA,NA,NA,285.79
1990-09-27,15.073,NA,NA,NA,285.793
1990-09-28,15.021,NA,NA,NA,285.79
1990-09-29,14.916,NA,NA,NA,285.784
1990-09-30,14.863,NA,NA,NA,285.78
1990-10-01,14.863,NA,NA,NA,285.78
1990-10-02,15.231,NA,NA,NA,285.802
1990-10-03,15.597,NA,NA,NA,285.823
1990-10-04,15.912,NA,NA,NA,285.841
1990-10-05,15.702,NA,NA,NA,285.829
1990-10-06,15.546,NA,NA,NA,285.82
1990-10-07,15.336,NA,NA,NA,285.808
1990-10-08,15.178,NA,NA,NA,285.799
1990-10-09,15.021,NA,NA,NA,285.79
1990-10-10,15.073,NA,NA,NA,285.793
1990-10-11,15.126,NA,NA,NA,285.796
1990-10-12,15.126,NA,NA,NA,285.796
1990-10-13,15.073,NA,NA,NA,285.793
1990-10-14,15.073,NA,NA,NA,285.793
1990-10-15,15.073,NA,NA,NA,285.793
1990-10-16,15.283,NA,NA,NA,285.805
1990-10-17,15.546,NA,NA,NA,285.82
1990-10-18,15.65,NA,NA,NA,285.826
1990-10-19,15.388,NA,NA,NA,285.811
1990-10-20,15.126,NA,NA,NA,285.796
1990-10-21,14.863,NA,NA,NA,285.78
1990-10-22,14.654,NA,NA,NA,285.768
1990-10-23,14.602,NA,NA,NA,285.765
1990-10-24,14.549,NA,NA,NA,285.762
1990-10-25,14.549,NA,NA,NA,285.762
1990-10-26,14.549,NA,NA,NA,285.762
1990-10-27,14.602,NA,NA,NA,285.765
1990-10-28,14.602,NA,NA,NA,285.765
1990-10-29,14.654,NA,NA,NA,285.768
1990-10-30,14.497,NA,NA,NA,285.759
1990-10-31,14.444,NA,NA,NA,285.756
1990-11-01,14.444,NA,NA,NA,285.756
1990-11-02,14.392,NA,NA,NA,285.753
1990-11-03,14.392,NA,NA,NA,285.753
1990-11-04,14.339,NA,NA,NA,285.75
1990-11-05,14.339,NA,NA,NA,285.75
1990-11-06,14.392,NA,NA,NA,285.753
1990-11-07,14.392,NA,NA,NA,285.753
1990-11-08,14.444,NA,NA,NA,285.756
1990-11-09,14.444,NA,NA,NA,285.756
1990-11-10,14.444,NA,NA,NA,285.756
1990-11-11,14.444,NA,NA,NA,285.756
1990-11-12,14.444,NA,NA,NA,285.756
1990-11-13,14.497,NA,NA,NA,285.759
1990-11-14,14.968,NA,NA,NA,285.787
1990-11-15,15.441,NA,NA,NA,285.814
1990-11-16,15.807,NA,NA,NA,285.835
1990-11-17,15.441,NA,NA,NA,285.814
1990-11-18,15.021,NA,NA,NA,285.79
1990-11-19,14.863,NA,NA,NA,285.78
1990-11-20,15.231,NA,NA,NA,285.802
1990-11-21,15.441,NA,NA,NA,285.814
1990-11-22,15.231,NA,NA,NA,285.802
1990-11-23,15.073,NA,NA,NA,285.793
1990-11-24,14.916,NA,NA,NA,285.784
1990-11-25,14.759,NA,NA,NA,285.774
1990-11-26,14.602,NA,NA,NA,285.765
1990-11-27,14.602,NA,NA,NA,285.765
1990-11-28,14.602,NA,NA,NA,285.765
1990-11-29,14.654,NA,NA,NA,285.768
1990-11-30,14.654,NA,NA,NA,285.768
1990-12-01,14.654,NA,NA,NA,285.768
1990-12-02,14.812,NA,NA,NA,285.777
1990-12-03,14.916,NA,NA,NA,285.784
1990-12-04,14.968,NA,NA,NA,285.787
1990-12-05,15.021,NA,NA,NA,285.79
1990-12-06,15.021,NA,NA,NA,285.79
1990-12-07,15.073,NA,NA,NA,285.793
1990-12-08,15.126,NA,NA,NA,285.796
1990-12-09,15.126,NA,NA,NA,285.796
1990-12-10,15.178,NA,NA,NA,285.799
1990-12-11,15.231,NA,NA,NA,285.802
1990-12-12,15.283,NA,NA,NA,285.805
1990-12-13,15.336,NA,NA,NA,285.808
1990-12-14,15.388,NA,NA,NA,285.811
1990-12-15,15.441,NA,NA,NA,285.814
1990-12-16,15.441,NA,NA,NA,285.814
1990-12-17,15.493,NA,NA,NA,285.817
1990-12-18,15.546,NA,NA,NA,285.82
1990-12-19,15.597,NA,NA,NA,285.823
1990-12-20,15.597,NA,NA,NA,285.823
1990-12-21,15.546,NA,NA,NA,285.82
1990-12-22,15.546,NA,NA,NA,285.82
1990-12-23,15.546,NA,NA,NA,285.82
1990-12-24,15.493,NA,NA,NA,285.817
1990-12-25,15.493,NA,NA,NA,285.817
1990-12-26,15.441,NA,NA,NA,285.814
1990-12-27,15.441,NA,NA,NA,285.814
1990-12-28,15.441,NA,NA,NA,285.814
1990-12-29,15.441,NA,NA,NA,285.814
1990-12-30,15.388,NA,NA,NA,285.811
1990-12-31,15.388,NA,NA,NA,285.811
1991-01-01,15.388,NA,NA,NA,285.811
1991-01-02,15.388,NA,NA,NA,285.811
1991-01-03,15.388,NA,NA,NA,285.811
1991-01-04,15.388,NA,NA,NA,285.811
1991-01-05,15.388,NA,NA,NA,285.811
1991-01-06,15.388,NA,NA,NA,285.811
1991-01-07,15.388,NA,NA,NA,285.811
1991-01-08,15.336,NA,NA,NA,285.808
1991-01-09,15.336,NA,NA,NA,285.808
1991-01-10,15.336,NA,NA,NA,285.808
1991-01-11,15.336,NA,NA,NA,285.808
1991-01-12,15.388,NA,NA,NA,285.811
1991-01-13,15.388,NA,NA,NA,285.811
1991-01-14,15.441,NA,NA,NA,285.814
1991-01-15,15.441,NA,NA,NA,285.814
1991-01-16,15.388,NA,NA,NA,285.811
1991-01-17,15.388,NA,NA,NA,285.811
1991-01-18,15.388,NA,NA,NA,285.811
1991-01-19,15.388,NA,NA,NA,285.811
1991-01-20,15.388,NA,NA,NA,285.811
1991-01-21,15.388,NA,NA,NA,285.811
1991-01-22,15.388,NA,NA,NA,285.811
1991-01-23,15.441,NA,NA,NA,285.814
1991-01-24,15.441,NA,NA,NA,285.814
1991-01-25,15.441,NA,NA,NA,285.814
1991-01-26,15.493,NA,NA,NA,285.817
1991-01-27,15.493,NA,NA,NA,285.817
1991-01-28,15.493,NA,NA,NA,285.817
1991-01-29,15.493,NA,NA,NA,285.817
1991-01-30,15.441,NA,NA,NA,285.814
1991-01-31,15.441,NA,NA,NA,285.814
1991-02-01,15.441,NA,NA,NA,285.814
1991-02-02,15.441,NA,NA,NA,285.814
1991-02-03,15.493,NA,NA,NA,285.817
1991-02-04,15.493,NA,NA,NA,285.817
1991-02-05,15.493,NA,NA,NA,285.817
1991-02-06,15.493,NA,NA,NA,285.817
1991-02-07,15.493,NA,NA,NA,285.817
1991-02-08,15.546,NA,NA,NA,285.82
1991-02-09,15.546,NA,NA,NA,285.82
1991-02-10,15.597,NA,NA,NA,285.823
1991-02-11,15.65,NA,NA,NA,285.826
1991-02-12,15.702,NA,NA,NA,285.829
1991-02-13,15.702,NA,NA,NA,285.829
1991-02-14,15.755,NA,NA,NA,285.832
1991-02-15,15.807,NA,NA,NA,285.835
1991-02-16,15.86,NA,NA,NA,285.838
1991-02-17,15.912,NA,NA,NA,285.841
1991-02-18,16.017,NA,NA,NA,285.848
1991-02-19,16.07,NA,NA,NA,285.851
1991-02-20,16.07,NA,NA,NA,285.851
1991-02-21,16.07,NA,NA,NA,285.851
1991-02-22,16.07,NA,NA,NA,285.851
1991-02-23,16.017,NA,NA,NA,285.848
1991-02-24,15.965,NA,NA,NA,285.844
1991-02-25,15.965,NA,NA,NA,285.844
1991-02-26,15.965,NA,NA,NA,285.844
1991-02-27,16.017,NA,NA,NA,285.848
1991-02-28,16.07,NA,NA,NA,285.851
1991-03-01,16.07,NA,NA,NA,285.851
1991-03-02,16.07,NA,NA,NA,285.851
1991-03-03,16.017,NA,NA,NA,285.848
1991-03-04,16.122,NA,NA,NA,285.854
1991-03-05,16.226,NA,NA,NA,285.86
1991-03-06,16.331,NA,NA,NA,285.866
1991-03-07,16.384,NA,NA,NA,285.869
1991-03-08,16.489,NA,NA,NA,285.875
1991-03-09,16.646,NA,NA,NA,285.884
1991-03-10,16.804,NA,NA,NA,285.893
1991-03-11,16.909,NA,NA,NA,285.899
1991-03-12,11.771,NA,NA,NA,285.601
1991-03-13,11.928,NA,NA,NA,285.61
1991-03-14,17.423,NA,NA,NA,285.921
1991-03-15,17.423,NA,NA,NA,285.921
1991-03-16,17.501,NA,NA,NA,285.924
1991-03-17,17.501,NA,NA,NA,285.924
1991-03-18,17.577,NA,NA,NA,285.927
1991-03-19,17.655,NA,NA,NA,285.93
1991-03-20,17.809,NA,NA,NA,285.936
1991-03-21,17.963,NA,NA,NA,285.942
1991-03-22,17.885,NA,NA,NA,285.939
1991-03-23,17.885,NA,NA,NA,285.939
1991-03-24,17.885,NA,NA,NA,285.939
1991-03-25,18.04,NA,NA,NA,285.945
1991-03-26,17.655,NA,NA,NA,285.93
1991-03-27,17.885,NA,NA,NA,285.939
1991-03-28,17.731,NA,NA,NA,285.933
1991-03-29,17.731,NA,NA,NA,285.933
1991-03-30,17.731,NA,NA,NA,285.933
1991-03-31,17.963,NA,NA,NA,285.942
1991-04-01,18.04,NA,NA,NA,285.945
1991-04-02,18.117,NA,NA,NA,285.948
1991-04-03,18.272,NA,NA,NA,285.954
1991-04-04,18.426,NA,NA,NA,285.96
1991-04-05,18.348,NA,NA,NA,285.957
1991-04-06,18.272,NA,NA,NA,285.954
1991-04-07,18.272,NA,NA,NA,285.954
1991-04-08,18.194,NA,NA,NA,285.951
1991-04-09,17.885,NA,NA,NA,285.939
1991-04-10,17.577,NA,NA,NA,285.927
1991-04-11,17.269,NA,NA,NA,285.915
1991-04-12,16.96,NA,NA,NA,285.902
1991-04-13,18.348,NA,NA,NA,285.957
1991-04-14,18.811,NA,NA,NA,285.976
1991-04-15,20.43,NA,NA,NA,286.04
1991-04-16,18.888,NA,NA,NA,285.979
1991-04-17,18.888,NA,NA,NA,285.979
1991-04-18,18.888,NA,NA,NA,285.979
1991-04-19,18.734,NA,NA,NA,285.973
1991-04-20,18.811,NA,NA,NA,285.976
1991-04-21,18.888,NA,NA,NA,285.979
1991-04-22,19.119,NA,NA,NA,285.988
1991-04-23,18.888,NA,NA,NA,285.979
1991-04-24,18.502,NA,NA,NA,285.963
1991-04-25,17.346,NA,NA,NA,285.918
1991-04-26,18.811,NA,NA,NA,285.976
1991-04-27,18.888,NA,NA,NA,285.979
1991-04-28,19.119,NA,NA,NA,285.988
1991-04-29,19.581,NA,NA,NA,286.006
1991-04-30,22.048,NA,NA,NA,286.104
1991-05-01,21.201,NA,NA,NA,286.07
1991-05-02,19.968,NA,NA,NA,286.021
1991-05-03,19.273,NA,NA,NA,285.994
1991-05-04,19.273,NA,NA,NA,285.994
1991-05-05,19.659,NA,NA,NA,286.009
1991-05-06,21.355,NA,NA,NA,286.076
1991-05-07,19.273,NA,NA,NA,285.994
1991-05-08,18.194,NA,NA,NA,285.951
1991-05-09,18.426,NA,NA,NA,285.96
1991-05-10,18.348,NA,NA,NA,285.957
1991-05-11,18.502,NA,NA,NA,285.963
1991-05-12,18.734,NA,NA,NA,285.973
1991-05-13,19.197,NA,NA,NA,285.991
1991-05-14,19.197,NA,NA,NA,285.991
1991-05-15,19.119,NA,NA,NA,285.988
1991-05-16,20.507,NA,NA,NA,286.043
1991-05-17,20.044,NA,NA,NA,286.024
1991-05-18,19.427,NA,NA,NA,286
1991-05-19,19.273,NA,NA,NA,285.994
1991-05-20,19.119,NA,NA,NA,285.988
1991-05-21,18.888,NA,NA,NA,285.979
1991-05-22,18.811,NA,NA,NA,285.976
1991-05-23,18.734,NA,NA,NA,285.973
1991-05-24,18.888,NA,NA,NA,285.979
1991-05-25,18.888,NA,NA,NA,285.979
1991-05-26,18.888,NA,NA,NA,285.979
1991-05-27,19.042,NA,NA,NA,285.985
1991-05-28,19.197,NA,NA,NA,285.991
1991-05-29,19.197,NA,NA,NA,285.991
1991-05-30,19.197,NA,NA,NA,285.991
1991-05-31,20.507,NA,NA,NA,286.043
1991-06-01,20.815,NA,NA,NA,286.055
1991-06-02,21.201,NA,NA,NA,286.07
1991-06-03,21.818,NA,NA,NA,286.094
1991-06-04,20.044,NA,NA,NA,286.024
1991-06-05,22.048,NA,NA,NA,286.104
1991-06-06,22.743,NA,NA,NA,286.131
1991-06-07,23.205,NA,NA,NA,286.149
1991-06-08,23.899,NA,NA,NA,286.177
1991-06-09,24.67,NA,NA,NA,286.207
1991-06-10,25.922,NA,NA,NA,286.25
1991-06-11,26.458,NA,NA,NA,286.268
1991-06-12,26.906,NA,NA,NA,286.283
1991-06-13,27.621,NA,NA,NA,286.308
1991-06-14,28.068,NA,NA,NA,286.323
1991-06-15,28.068,NA,NA,NA,286.323
1991-06-16,27.979,NA,NA,NA,286.32
1991-06-17,27.889,NA,NA,NA,286.317
1991-06-18,27.531,NA,NA,NA,286.305
1991-06-19,27.264,NA,NA,NA,286.296
1991-06-20,27.264,NA,NA,NA,286.296
1991-06-21,28.247,NA,NA,NA,286.329
1991-06-22,29.946,NA,NA,NA,286.387
1991-06-23,32.272,NA,NA,NA,286.466
1991-06-24,32.718,NA,NA,NA,286.482
1991-06-25,32.539,NA,NA,NA,286.475
1991-06-26,33.433,NA,NA,NA,286.506
1991-06-27,33.433,NA,NA,NA,286.506
1991-06-28,33.524,NA,NA,NA,286.509
1991-06-29,33.709,NA,NA,NA,286.515
1991-06-30,33.255,NA,NA,NA,286.5
1991-07-01,34.759,NA,NA,NA,286.549
1991-07-02,33.804,NA,NA,NA,286.518
1991-07-03,34.186,NA,NA,NA,286.53
1991-07-04,34.091,NA,NA,NA,286.527
1991-07-05,33.995,NA,NA,NA,286.524
1991-07-06,35.524,NA,NA,NA,286.573
1991-07-07,35.62,NA,NA,NA,286.576
1991-07-08,34.951,NA,NA,NA,286.555
1991-07-09,34.091,NA,NA,NA,286.527
1991-07-10,33.166,NA,NA,NA,286.497
1991-07-11,32.539,NA,NA,NA,286.475
1991-07-12,32.093,NA,NA,NA,286.46
1991-07-13,31.287,NA,NA,NA,286.433
1991-07-14,30.393,NA,NA,NA,286.402
1991-07-15,29.946,NA,NA,NA,286.387
1991-07-16,29.499,NA,NA,NA,286.372
1991-07-17,29.141,NA,NA,NA,286.36
1991-07-18,28.604,NA,NA,NA,286.341
1991-07-19,27.889,NA,NA,NA,286.317
1991-07-20,27.71,NA,NA,NA,286.311
1991-07-21,27.621,NA,NA,NA,286.308
1991-07-22,27.531,NA,NA,NA,286.305
1991-07-23,26.637,NA,NA,NA,286.274
1991-07-24,26.19,NA,NA,NA,286.259
1991-07-25,26.1,NA,NA,NA,286.256
1991-07-26,26.1,NA,NA,NA,286.256
1991-07-27,26.1,NA,NA,NA,286.256
1991-07-28,27.8,NA,NA,NA,286.314
1991-07-29,29.499,NA,NA,NA,286.372
1991-07-30,29.41,NA,NA,NA,286.369
1991-07-31,30.035,NA,NA,NA,286.39
1991-08-01,30.483,NA,NA,NA,286.405
1991-08-02,33.166,NA,NA,NA,286.497
1991-08-03,34.951,NA,NA,NA,286.555
1991-08-04,35.812,NA,NA,NA,286.582
1991-08-05,37.15,NA,NA,NA,286.625
1991-08-06,39.062,NA,NA,NA,286.686
1991-08-07,40.304,NA,NA,NA,286.725
1991-08-08,41.069,NA,NA,NA,286.75
1991-08-09,40.591,NA,NA,NA,286.735
1991-08-10,39.635,NA,NA,NA,286.704
1991-08-11,38.679,NA,NA,NA,286.674
1991-08-12,38.392,NA,NA,NA,286.664
1991-08-13,37.532,NA,NA,NA,286.637
1991-08-14,36.576,NA,NA,NA,286.606
1991-08-15,34.856,NA,NA,NA,286.552
1991-08-16,33.709,NA,NA,NA,286.515
1991-08-17,32.897,NA,NA,NA,286.488
1991-08-18,31.287,NA,NA,NA,286.433
1991-08-19,29.856,NA,NA,NA,286.384
1991-08-20,28.694,NA,NA,NA,286.344
1991-08-21,27.8,NA,NA,NA,286.314
1991-08-22,26.906,NA,NA,NA,286.283
1991-08-23,25.743,NA,NA,NA,286.244
1991-08-24,25.117,NA,NA,NA,286.222
1991-08-25,24.67,NA,NA,NA,286.207
1991-08-26,24.131,NA,NA,NA,286.186
1991-08-27,23.436,NA,NA,NA,286.158
1991-08-28,22.511,NA,NA,NA,286.122
1991-08-29,22.203,NA,NA,NA,286.11
1991-08-30,21.74,NA,NA,NA,286.091
1991-08-31,21.278,NA,NA,NA,286.073
1991-09-01,20.815,NA,NA,NA,286.055
1991-09-02,20.43,NA,NA,NA,286.04
1991-09-03,20.044,NA,NA,NA,286.024
1991-09-04,19.273,NA,NA,NA,285.994
1991-09-05,18.502,NA,NA,NA,285.963
1991-09-06,18.194,NA,NA,NA,285.951
1991-09-07,18.194,NA,NA,NA,285.951
1991-09-08,18.194,NA,NA,NA,285.951
1991-09-09,18.194,NA,NA,NA,285.951
1991-09-10,18.888,NA,NA,NA,285.979
1991-09-11,20.815,NA,NA,NA,286.055
1991-09-12,18.811,NA,NA,NA,285.976
1991-09-13,18.965,NA,NA,NA,285.982
1991-09-14,19.197,NA,NA,NA,285.991
1991-09-15,19.427,NA,NA,NA,286
1991-09-16,19.736,NA,NA,NA,286.012
1991-09-17,19.505,NA,NA,NA,286.003
1991-09-18,21.586,NA,NA,NA,286.085
1991-09-19,18.888,NA,NA,NA,285.979
1991-09-20,18.117,NA,NA,NA,285.948
1991-09-21,18.502,NA,NA,NA,285.963
1991-09-22,18.888,NA,NA,NA,285.979
1991-09-23,19.119,NA,NA,NA,285.988
1991-09-24,19.042,NA,NA,NA,285.985
1991-09-25,20.43,NA,NA,NA,286.04
1991-09-26,18.426,NA,NA,NA,285.96
1991-09-27,18.348,NA,NA,NA,285.957
1991-09-28,18.502,NA,NA,NA,285.963
1991-09-29,18.656,NA,NA,NA,285.969
1991-09-30,18.888,NA,NA,NA,285.979
1991-10-01,18.734,NA,NA,NA,285.973
1991-10-02,19.119,NA,NA,NA,285.988
1991-10-03,19.119,NA,NA,NA,285.988
1991-10-04,19.427,NA,NA,NA,286
1991-10-05,19.427,NA,NA,NA,286
1991-10-06,19.581,NA,NA,NA,286.006
1991-10-07,19.659,NA,NA,NA,286.009
1991-10-08,20.43,NA,NA,NA,286.04
1991-10-09,20.044,NA,NA,NA,286.024
1991-10-10,20.044,NA,NA,NA,286.024
1991-10-11,20.122,NA,NA,NA,286.027
1991-10-12,19.659,NA,NA,NA,286.009
1991-10-13,19.505,NA,NA,NA,286.003
1991-10-14,19.351,NA,NA,NA,285.997
1991-10-15,19.197,NA,NA,NA,285.991
1991-10-16,19.042,NA,NA,NA,285.985
1991-10-17,19.89,NA,NA,NA,286.018
1991-10-18,19.197,NA,NA,NA,285.991
1991-10-19,18.888,NA,NA,NA,285.979
1991-10-20,18.656,NA,NA,NA,285.969
1991-10-21,18.502,NA,NA,NA,285.963
1991-10-22,18.194,NA,NA,NA,285.951
1991-10-23,19.119,NA,NA,NA,285.988
1991-10-24,19.581,NA,NA,NA,286.006
1991-10-25,18.194,NA,NA,NA,285.951
1991-10-26,17.731,NA,NA,NA,285.933
1991-10-27,16.96,NA,NA,NA,285.902
1991-10-28,16.331,NA,NA,NA,285.866
1991-10-29,14.863,NA,NA,NA,285.78
1991-10-30,19.581,NA,NA,NA,286.006
1991-10-31,19.197,NA,NA,NA,285.991
1991-11-01,18.811,NA,NA,NA,285.976
1991-11-02,18.502,NA,NA,NA,285.963
1991-11-03,18.348,NA,NA,NA,285.957
1991-11-04,18.117,NA,NA,NA,285.948
1991-11-05,18.272,NA,NA,NA,285.954
1991-11-06,18.348,NA,NA,NA,285.957
1991-11-07,18.194,NA,NA,NA,285.951
1991-11-08,18.348,NA,NA,NA,285.957
1991-11-09,18.348,NA,NA,NA,285.957
1991-11-10,18.348,NA,NA,NA,285.957
1991-11-11,18.348,NA,NA,NA,285.957
1991-11-12,18.348,NA,NA,NA,285.957
1991-11-13,18.348,NA,NA,NA,285.957
1991-11-14,18.348,NA,NA,NA,285.957
1991-11-15,18.348,NA,NA,NA,285.957
1991-11-16,18.426,NA,NA,NA,285.96
1991-11-17,18.426,NA,NA,NA,285.96
1991-11-18,18.502,NA,NA,NA,285.963
1991-11-19,18.502,NA,NA,NA,285.963
1991-11-20,18.502,NA,NA,NA,285.963
1991-11-21,18.502,NA,NA,NA,285.963
1991-11-22,18.348,NA,NA,NA,285.957
1991-11-23,18.117,NA,NA,NA,285.948
1991-11-24,17.963,NA,NA,NA,285.942
1991-11-25,17.809,NA,NA,NA,285.936
1991-11-26,17.809,NA,NA,NA,285.936
1991-11-27,17.885,NA,NA,NA,285.939
1991-11-28,17.885,NA,NA,NA,285.939
1991-11-29,17.885,NA,NA,NA,285.939
1991-11-30,17.963,NA,NA,NA,285.942
1991-12-01,18.04,NA,NA,NA,285.945
1991-12-02,18.194,NA,NA,NA,285.951
1991-12-03,18.194,NA,NA,NA,285.951
1991-12-04,18.117,NA,NA,NA,285.948
1991-12-05,18.117,NA,NA,NA,285.948
1991-12-06,17.577,NA,NA,NA,285.927
1991-12-07,17.655,NA,NA,NA,285.93
1991-12-08,17.655,NA,NA,NA,285.93
1991-12-09,17.731,NA,NA,NA,285.933
1991-12-10,17.731,NA,NA,NA,285.933
1991-12-11,17.731,NA,NA,NA,285.933
1991-12-12,17.731,NA,NA,NA,285.933
1991-12-13,17.731,NA,NA,NA,285.933
1991-12-14,17.731,NA,NA,NA,285.933
1991-12-15,17.655,NA,NA,NA,285.93
1991-12-16,17.655,NA,NA,NA,285.93
1991-12-17,17.577,NA,NA,NA,285.927
1991-12-18,17.577,NA,NA,NA,285.927
1991-12-19,17.501,NA,NA,NA,285.924
1991-12-20,17.501,NA,NA,NA,285.924
1991-12-21,17.501,NA,NA,NA,285.924
1991-12-22,17.423,NA,NA,NA,285.921
1991-12-23,17.423,NA,NA,NA,285.921
1991-12-24,17.423,NA,NA,NA,285.921
1991-12-25,17.346,NA,NA,NA,285.918
1991-12-26,17.269,NA,NA,NA,285.915
1991-12-27,17.269,NA,NA,NA,285.915
1991-12-28,17.192,NA,NA,NA,285.912
1991-12-29,17.192,NA,NA,NA,285.912
1991-12-30,17.115,NA,NA,NA,285.908
1991-12-31,17.115,NA,NA,NA,285.908
1992-01-01,17.115,NA,NA,NA,285.908
1992-01-02,17.115,NA,NA,NA,285.908
1992-01-03,17.115,NA,NA,NA,285.908
1992-01-04,17.115,NA,NA,NA,285.908
1992-01-05,17.038,NA,NA,NA,285.905
1992-01-06,17.038,NA,NA,NA,285.905
1992-01-07,17.115,NA,NA,NA,285.908
1992-01-08,17.192,NA,NA,NA,285.912
1992-01-09,17.346,NA,NA,NA,285.918
1992-01-10,17.269,NA,NA,NA,285.915
1992-01-11,17.269,NA,NA,NA,285.915
1992-01-12,17.269,NA,NA,NA,285.915
1992-01-13,17.346,NA,NA,NA,285.918
1992-01-14,17.346,NA,NA,NA,285.918
1992-01-15,17.346,NA,NA,NA,285.918
1992-01-16,17.269,NA,NA,NA,285.915
1992-01-17,17.269,NA,NA,NA,285.915
1992-01-18,17.346,NA,NA,NA,285.918
1992-01-19,17.346,NA,NA,NA,285.918
1992-01-20,17.423,NA,NA,NA,285.921
1992-01-21,17.501,NA,NA,NA,285.924
1992-01-22,17.423,NA,NA,NA,285.921
1992-01-23,17.346,NA,NA,NA,285.918
1992-01-24,17.269,NA,NA,NA,285.915
1992-01-25,17.269,NA,NA,NA,285.915
1992-01-26,17.269,NA,NA,NA,285.915
1992-01-27,17.269,NA,NA,NA,285.915
1992-01-28,17.269,NA,NA,NA,285.915
1992-01-29,17.269,NA,NA,NA,285.915
1992-01-30,17.269,NA,NA,NA,285.915
1992-01-31,17.269,NA,NA,NA,285.915
1992-02-01,17.269,NA,NA,NA,285.915
1992-02-02,17.346,NA,NA,NA,285.918
1992-02-03,17.423,NA,NA,NA,285.921
1992-02-04,17.423,NA,NA,NA,285.921
1992-02-05,17.501,NA,NA,NA,285.924
1992-02-06,17.577,NA,NA,NA,285.927
1992-02-07,17.577,NA,NA,NA,285.927
1992-02-08,17.655,NA,NA,NA,285.93
1992-02-09,17.655,NA,NA,NA,285.93
1992-02-10,17.731,NA,NA,NA,285.933
1992-02-11,17.731,NA,NA,NA,285.933
1992-02-12,17.809,NA,NA,NA,285.936
1992-02-13,17.809,NA,NA,NA,285.936
1992-02-14,17.809,NA,NA,NA,285.936
1992-02-15,17.885,NA,NA,NA,285.939
1992-02-16,17.885,NA,NA,NA,285.939
1992-02-17,17.885,NA,NA,NA,285.939
1992-02-18,17.963,NA,NA,NA,285.942
1992-02-19,17.963,NA,NA,NA,285.942
1992-02-20,17.963,NA,NA,NA,285.942
1992-02-21,17.963,NA,NA,NA,285.942
1992-02-22,17.963,NA,NA,NA,285.942
1992-02-23,17.963,NA,NA,NA,285.942
1992-02-24,18.04,NA,NA,NA,285.945
1992-02-25,18.04,NA,NA,NA,285.945
1992-02-26,18.04,NA,NA,NA,285.945
1992-02-27,18.04,NA,NA,NA,285.945
1992-02-28,18.194,NA,NA,NA,285.951
1992-02-29,18.348,NA,NA,NA,285.957
1992-03-01,18.502,NA,NA,NA,285.963
1992-03-02,18.656,NA,NA,NA,285.969
1992-03-03,18.965,NA,NA,NA,285.982
1992-03-04,19.351,NA,NA,NA,285.997
1992-03-05,19.89,NA,NA,NA,286.018
1992-03-06,20.584,NA,NA,NA,286.046
1992-03-07,21.355,NA,NA,NA,286.076
1992-03-08,22.203,NA,NA,NA,286.11
1992-03-09,22.589,NA,NA,NA,286.125
1992-03-10,22.665,NA,NA,NA,286.128
1992-03-11,22.897,NA,NA,NA,286.137
1992-03-12,23.051,NA,NA,NA,286.143
1992-03-13,23.436,NA,NA,NA,286.158
1992-03-14,23.668,NA,NA,NA,286.168
1992-03-15,23.59,NA,NA,NA,286.165
1992-03-16,23.59,NA,NA,NA,286.165
1992-03-17,23.514,NA,NA,NA,286.161
1992-03-18,23.282,NA,NA,NA,286.152
1992-03-19,23.282,NA,NA,NA,286.152
1992-03-20,23.128,NA,NA,NA,286.146
1992-03-21,22.897,NA,NA,NA,286.137
1992-03-22,22.665,NA,NA,NA,286.128
1992-03-23,22.357,NA,NA,NA,286.116
1992-03-24,22.203,NA,NA,NA,286.11
1992-03-25,21.972,NA,NA,NA,286.101
1992-03-26,22.743,NA,NA,NA,286.131
1992-03-27,21.278,NA,NA,NA,286.073
1992-03-28,21.278,NA,NA,NA,286.073
1992-03-29,21.278,NA,NA,NA,286.073
1992-03-30,21.355,NA,NA,NA,286.076
1992-03-31,23.59,NA,NA,NA,286.165
1992-04-01,21.664,NA,NA,NA,286.088
1992-04-02,20.43,NA,NA,NA,286.04
1992-04-03,20.507,NA,NA,NA,286.043
1992-04-04,20.815,NA,NA,NA,286.055
1992-04-05,21.201,NA,NA,NA,286.07
1992-04-06,22.28,NA,NA,NA,286.113
1992-04-07,21.201,NA,NA,NA,286.07
1992-04-08,21.123,NA,NA,NA,286.067
1992-04-09,20.507,NA,NA,NA,286.043
1992-04-10,17.038,NA,NA,NA,285.905
1992-04-11,17.731,NA,NA,NA,285.933
1992-04-12,18.348,NA,NA,NA,285.957
1992-04-13,19.736,NA,NA,NA,286.012
1992-04-14,20.276,NA,NA,NA,286.033
1992-04-15,20.584,NA,NA,NA,286.046
1992-04-16,23.436,NA,NA,NA,286.158
1992-04-17,21.509,NA,NA,NA,286.082
1992-04-18,21.586,NA,NA,NA,286.085
1992-04-19,21.972,NA,NA,NA,286.101
1992-04-20,22.126,NA,NA,NA,286.107
1992-04-21,23.59,NA,NA,NA,286.165
1992-04-22,21.74,NA,NA,NA,286.091
1992-04-23,21.047,NA,NA,NA,286.064
1992-04-24,21.278,NA,NA,NA,286.073
1992-04-25,21.278,NA,NA,NA,286.073
1992-04-26,21.278,NA,NA,NA,286.073
1992-04-27,21.278,NA,NA,NA,286.073
1992-04-28,21.123,NA,NA,NA,286.067
1992-04-29,21.509,NA,NA,NA,286.082
1992-04-30,20.893,NA,NA,NA,286.058
1992-05-01,22.28,NA,NA,NA,286.113
1992-05-02,22.048,NA,NA,NA,286.104
1992-05-03,21.818,NA,NA,NA,286.094
1992-05-04,21.586,NA,NA,NA,286.085
1992-05-05,20.815,NA,NA,NA,286.055
1992-05-06,20.815,NA,NA,NA,286.055
1992-05-07,20.738,NA,NA,NA,286.052
1992-05-08,20.352,NA,NA,NA,286.037
1992-05-09,20.661,NA,NA,NA,286.049
1992-05-10,21.047,NA,NA,NA,286.064
1992-05-11,21.355,NA,NA,NA,286.076
1992-05-12,21.047,NA,NA,NA,286.064
1992-05-13,20.584,NA,NA,NA,286.046
1992-05-14,20.122,NA,NA,NA,286.027
1992-05-15,20.43,NA,NA,NA,286.04
1992-05-16,20.044,NA,NA,NA,286.024
1992-05-17,19.659,NA,NA,NA,286.009
1992-05-18,19.427,NA,NA,NA,286
1992-05-19,19.119,NA,NA,NA,285.988
1992-05-20,19.427,NA,NA,NA,286
1992-05-21,19.505,NA,NA,NA,286.003
1992-05-22,19.89,NA,NA,NA,286.018
1992-05-23,19.813,NA,NA,NA,286.015
1992-05-24,19.659,NA,NA,NA,286.009
1992-05-25,19.581,NA,NA,NA,286.006
1992-05-26,19.505,NA,NA,NA,286.003
1992-05-27,19.351,NA,NA,NA,285.997
1992-05-28,19.427,NA,NA,NA,286
1992-05-29,19.042,NA,NA,NA,285.985
1992-05-30,19.042,NA,NA,NA,285.985
1992-05-31,18.965,NA,NA,NA,285.982
1992-06-01,18.811,NA,NA,NA,285.976
1992-06-02,18.502,NA,NA,NA,285.963
1992-06-03,18.348,NA,NA,NA,285.957
1992-06-04,18.58,NA,NA,NA,285.966
1992-06-05,18.04,NA,NA,NA,285.945
1992-06-06,17.963,NA,NA,NA,285.942
1992-06-07,17.885,NA,NA,NA,285.939
1992-06-08,17.885,NA,NA,NA,285.939
1992-06-09,17.731,NA,NA,NA,285.933
1992-06-10,18.04,NA,NA,NA,285.945
1992-06-11,18.04,NA,NA,NA,285.945
1992-06-12,17.731,NA,NA,NA,285.933
1992-06-13,16.96,NA,NA,NA,285.902
1992-06-14,16.436,NA,NA,NA,285.872
1992-06-15,16.122,NA,NA,NA,285.854
1992-06-16,17.423,NA,NA,NA,285.921
1992-06-17,19.813,NA,NA,NA,286.015
1992-06-18,21.74,NA,NA,NA,286.091
1992-06-19,24.848,NA,NA,NA,286.213
1992-06-20,30.035,NA,NA,NA,286.39
1992-06-21,38.01,NA,NA,NA,286.652
1992-06-22,43.394,NA,NA,NA,286.823
1992-06-23,44.948,NA,NA,NA,286.866
1992-06-24,44.726,NA,NA,NA,286.859
1992-06-25,43.727,NA,NA,NA,286.832
1992-06-26,40.591,NA,NA,NA,286.735
1992-06-27,38.01,NA,NA,NA,286.652
1992-06-28,36.289,NA,NA,NA,286.597
1992-06-29,34.568,NA,NA,NA,286.542
1992-06-30,32.45,NA,NA,NA,286.472
1992-07-01,32.45,NA,NA,NA,286.472
1992-07-02,32.181,NA,NA,NA,286.463
1992-07-03,30.751,NA,NA,NA,286.414
1992-07-04,30.035,NA,NA,NA,286.39
1992-07-05,30.214,NA,NA,NA,286.396
1992-07-06,30.393,NA,NA,NA,286.402
1992-07-07,32.808,NA,NA,NA,286.485
1992-07-08,33.076,NA,NA,NA,286.494
1992-07-09,32.629,NA,NA,NA,286.478
1992-07-10,32.539,NA,NA,NA,286.475
1992-07-11,31.824,NA,NA,NA,286.451
1992-07-12,31.108,NA,NA,NA,286.427
1992-07-13,30.662,NA,NA,NA,286.411
1992-07-14,30.125,NA,NA,NA,286.393
1992-07-15,30.841,NA,NA,NA,286.418
1992-07-16,30.214,NA,NA,NA,286.396
1992-07-17,30.483,NA,NA,NA,286.405
1992-07-18,29.768,NA,NA,NA,286.381
1992-07-19,28.962,NA,NA,NA,286.354
1992-07-20,28.158,NA,NA,NA,286.326
1992-07-21,27.889,NA,NA,NA,286.317
1992-07-22,27.8,NA,NA,NA,286.314
1992-07-23,27.8,NA,NA,NA,286.314
1992-07-24,27.442,NA,NA,NA,286.302
1992-07-25,27.174,NA,NA,NA,286.293
1992-07-26,26.995,NA,NA,NA,286.286
1992-07-27,26.816,NA,NA,NA,286.28
1992-07-28,26.548,NA,NA,NA,286.271
1992-07-29,25.564,NA,NA,NA,286.238
1992-07-30,25.475,NA,NA,NA,286.235
1992-07-31,24.938,NA,NA,NA,286.216
1992-08-01,24.67,NA,NA,NA,286.207
1992-08-02,24.285,NA,NA,NA,286.192
1992-08-03,23.899,NA,NA,NA,286.177
1992-08-04,22.974,NA,NA,NA,286.14
1992-08-05,22.511,NA,NA,NA,286.122
1992-08-06,22.048,NA,NA,NA,286.104
1992-08-07,22.048,NA,NA,NA,286.104
1992-08-08,21.894,NA,NA,NA,286.097
1992-08-09,21.818,NA,NA,NA,286.094
1992-08-10,21.74,NA,NA,NA,286.091
1992-08-11,21.047,NA,NA,NA,286.064
1992-08-12,21.047,NA,NA,NA,286.064
1992-08-13,20.43,NA,NA,NA,286.04
1992-08-14,20.276,NA,NA,NA,286.033
1992-08-15,20.122,NA,NA,NA,286.027
1992-08-16,19.968,NA,NA,NA,286.021
1992-08-17,19.89,NA,NA,NA,286.018
1992-08-18,19.968,NA,NA,NA,286.021
1992-08-19,19.736,NA,NA,NA,286.012
1992-08-20,19.505,NA,NA,NA,286.003
1992-08-21,19.505,NA,NA,NA,286.003
1992-08-22,19.736,NA,NA,NA,286.012
1992-08-23,19.968,NA,NA,NA,286.021
1992-08-24,20.122,NA,NA,NA,286.027
1992-08-25,20.43,NA,NA,NA,286.04
1992-08-26,19.89,NA,NA,NA,286.018
1992-08-27,19.659,NA,NA,NA,286.009
1992-08-28,19.119,NA,NA,NA,285.988
1992-08-29,19.042,NA,NA,NA,285.985
1992-08-30,18.965,NA,NA,NA,285.982
1992-08-31,18.888,NA,NA,NA,285.979
1992-09-01,17.731,NA,NA,NA,285.933
1992-09-02,19.197,NA,NA,NA,285.991
1992-09-03,19.197,NA,NA,NA,285.991
1992-09-04,18.734,NA,NA,NA,285.973
1992-09-05,18.811,NA,NA,NA,285.976
1992-09-06,18.888,NA,NA,NA,285.979
1992-09-07,18.965,NA,NA,NA,285.982
1992-09-08,19.042,NA,NA,NA,285.985
1992-09-09,19.119,NA,NA,NA,285.988
1992-09-10,20.198,NA,NA,NA,286.03
1992-09-11,18.426,NA,NA,NA,285.96
1992-09-12,18.734,NA,NA,NA,285.973
1992-09-13,19.042,NA,NA,NA,285.985
1992-09-14,19.427,NA,NA,NA,286
1992-09-15,18.502,NA,NA,NA,285.963
1992-09-16,19.505,NA,NA,NA,286.003
1992-09-17,18.272,NA,NA,NA,285.954
1992-09-18,19.89,NA,NA,NA,286.018
1992-09-19,19.736,NA,NA,NA,286.012
1992-09-20,19.581,NA,NA,NA,286.006
1992-09-21,19.427,NA,NA,NA,286
1992-09-22,18.811,NA,NA,NA,285.976
1992-09-23,17.731,NA,NA,NA,285.933
1992-09-24,17.731,NA,NA,NA,285.933
1992-09-25,18.348,NA,NA,NA,285.957
1992-09-26,18.426,NA,NA,NA,285.96
1992-09-27,18.426,NA,NA,NA,285.96
1992-09-28,18.502,NA,NA,NA,285.963
1992-09-29,16.175,NA,NA,NA,285.857
1992-09-30,16.751,NA,NA,NA,285.89
1992-10-01,16.96,NA,NA,NA,285.902
1992-10-02,16.751,NA,NA,NA,285.89
1992-10-03,16.541,NA,NA,NA,285.878
1992-10-04,16.331,NA,NA,NA,285.866
1992-10-05,16.122,NA,NA,NA,285.854
1992-10-06,16.96,NA,NA,NA,285.902
1992-10-07,16.751,NA,NA,NA,285.89
1992-10-08,16.96,NA,NA,NA,285.902
1992-10-09,16.751,NA,NA,NA,285.89
1992-10-10,16.646,NA,NA,NA,285.884
1992-10-11,16.489,NA,NA,NA,285.875
1992-10-12,16.384,NA,NA,NA,285.869
1992-10-13,16.226,NA,NA,NA,285.86
1992-10-14,16.226,NA,NA,NA,285.86
1992-10-15,16.122,NA,NA,NA,285.854
1992-10-16,16.122,NA,NA,NA,285.854
1992-10-17,15.912,NA,NA,NA,285.841
1992-10-18,15.702,NA,NA,NA,285.829
1992-10-19,15.493,NA,NA,NA,285.817
1992-10-20,16.331,NA,NA,NA,285.866
1992-10-21,15.493,NA,NA,NA,285.817
1992-10-22,16.017,NA,NA,NA,285.848
1992-10-23,16.331,NA,NA,NA,285.866
1992-10-24,16.226,NA,NA,NA,285.86
1992-10-25,16.175,NA,NA,NA,285.857
1992-10-26,16.122,NA,NA,NA,285.854
1992-10-27,15.912,NA,NA,NA,285.841
1992-10-28,16.331,NA,NA,NA,285.866
1992-10-29,16.017,NA,NA,NA,285.848
1992-10-30,15.912,NA,NA,NA,285.841
1992-10-31,16.436,NA,NA,NA,285.872
1992-11-01,16.699,NA,NA,NA,285.887
1992-11-02,16.96,NA,NA,NA,285.902
1992-11-03,17.269,NA,NA,NA,285.915
1992-11-04,17.577,NA,NA,NA,285.927
1992-11-05,16.541,NA,NA,NA,285.878
1992-11-06,16.331,NA,NA,NA,285.866
1992-11-07,16.384,NA,NA,NA,285.869
1992-11-08,16.436,NA,NA,NA,285.872
1992-11-09,16.541,NA,NA,NA,285.878
1992-11-10,16.541,NA,NA,NA,285.878
1992-11-11,16.646,NA,NA,NA,285.884
1992-11-12,16.751,NA,NA,NA,285.89
1992-11-13,18.194,NA,NA,NA,285.951
1992-11-14,17.731,NA,NA,NA,285.933
1992-11-15,16.96,NA,NA,NA,285.902
1992-11-16,16.541,NA,NA,NA,285.878
1992-11-17,16.541,NA,NA,NA,285.878
1992-11-18,16.541,NA,NA,NA,285.878
1992-11-19,16.541,NA,NA,NA,285.878
1992-11-20,16.96,NA,NA,NA,285.902
1992-11-21,16.96,NA,NA,NA,285.902
1992-11-22,16.96,NA,NA,NA,285.902
1992-11-23,16.96,NA,NA,NA,285.902
1992-11-24,16.96,NA,NA,NA,285.902
1992-11-25,16.96,NA,NA,NA,285.902
1992-11-26,16.96,NA,NA,NA,285.902
1992-11-27,17.038,NA,NA,NA,285.905
1992-11-28,17.038,NA,NA,NA,285.905
1992-11-29,17.115,NA,NA,NA,285.908
1992-11-30,17.115,NA,NA,NA,285.908
1992-12-01,17.115,NA,NA,NA,285.908
1992-12-02,17.269,NA,NA,NA,285.915
1992-12-03,17.269,NA,NA,NA,285.915
1992-12-04,17.269,NA,NA,NA,285.915
1992-12-05,17.269,NA,NA,NA,285.915
1992-12-06,17.269,NA,NA,NA,285.915
1992-12-07,17.269,NA,NA,NA,285.915
1992-12-08,17.577,NA,NA,NA,285.927
1992-12-09,17.577,NA,NA,NA,285.927
1992-12-10,17.577,NA,NA,NA,285.927
1992-12-11,17.577,NA,NA,NA,285.927
1992-12-12,17.655,NA,NA,NA,285.93
1992-12-13,17.731,NA,NA,NA,285.933
1992-12-14,17.885,NA,NA,NA,285.939
1992-12-15,17.885,NA,NA,NA,285.939
1992-12-16,18.194,NA,NA,NA,285.951
1992-12-17,18.04,NA,NA,NA,285.945
1992-12-18,17.885,NA,NA,NA,285.939
1992-12-19,17.885,NA,NA,NA,285.939
1992-12-20,17.885,NA,NA,NA,285.939
1992-12-21,17.885,NA,NA,NA,285.939
1992-12-22,17.885,NA,NA,NA,285.939
1992-12-23,17.885,NA,NA,NA,285.939
1992-12-24,17.423,NA,NA,NA,285.921
1992-12-25,17.346,NA,NA,NA,285.918
1992-12-26,17.269,NA,NA,NA,285.915
1992-12-27,17.115,NA,NA,NA,285.908
1992-12-28,16.96,NA,NA,NA,285.902
1992-12-29,16.96,NA,NA,NA,285.902
1992-12-30,16.856,NA,NA,NA,285.896
1992-12-31,16.856,NA,NA,NA,285.896
1993-01-01,16.856,NA,NA,NA,285.896
1993-01-02,16.804,NA,NA,NA,285.893
1993-01-03,16.804,NA,NA,NA,285.893
1993-01-04,16.751,NA,NA,NA,285.89
1993-01-05,16.646,NA,NA,NA,285.884
1993-01-06,16.541,NA,NA,NA,285.878
1993-01-07,16.541,NA,NA,NA,285.878
1993-01-08,16.541,NA,NA,NA,285.878
1993-01-09,16.541,NA,NA,NA,285.878
1993-01-10,16.541,NA,NA,NA,285.878
1993-01-11,16.541,NA,NA,NA,285.878
1993-01-12,16.541,NA,NA,NA,285.878
1993-01-13,16.594,NA,NA,NA,285.881
1993-01-14,16.699,NA,NA,NA,285.887
1993-01-15,16.751,NA,NA,NA,285.89
1993-01-16,16.751,NA,NA,NA,285.89
1993-01-17,16.751,NA,NA,NA,285.89
1993-01-18,16.751,NA,NA,NA,285.89
1993-01-19,16.751,NA,NA,NA,285.89
1993-01-20,16.646,NA,NA,NA,285.884
1993-01-21,16.751,NA,NA,NA,285.89
1993-01-22,16.751,NA,NA,NA,285.89
1993-01-23,16.751,NA,NA,NA,285.89
1993-01-24,16.751,NA,NA,NA,285.89
1993-01-25,16.751,NA,NA,NA,285.89
1993-01-26,16.751,NA,NA,NA,285.89
1993-01-27,16.751,NA,NA,NA,285.89
1993-01-28,16.751,NA,NA,NA,285.89
1993-01-29,16.751,NA,NA,NA,285.89
1993-01-30,16.751,NA,NA,NA,285.89
1993-01-31,16.751,NA,NA,NA,285.89
1993-02-01,16.751,NA,NA,NA,285.89
1993-02-02,16.751,NA,NA,NA,285.89
1993-02-03,16.751,NA,NA,NA,285.89
1993-02-04,17.577,NA,NA,NA,285.927
1993-02-05,17.577,NA,NA,NA,285.927
1993-02-06,17.423,NA,NA,NA,285.921
1993-02-07,17.269,NA,NA,NA,285.915
1993-02-08,17.038,NA,NA,NA,285.905
1993-02-09,17.731,NA,NA,NA,285.933
1993-02-10,16.699,NA,NA,NA,285.887
1993-02-11,16.804,NA,NA,NA,285.893
1993-02-12,16.909,NA,NA,NA,285.899
1993-02-13,16.96,NA,NA,NA,285.902
1993-02-14,17.038,NA,NA,NA,285.905
1993-02-15,17.115,NA,NA,NA,285.908
1993-02-16,17.192,NA,NA,NA,285.912
1993-02-17,16.909,NA,NA,NA,285.899
1993-02-18,17.038,NA,NA,NA,285.905
1993-02-19,17.038,NA,NA,NA,285.905
1993-02-20,17.038,NA,NA,NA,285.905
1993-02-21,17.038,NA,NA,NA,285.905
1993-02-22,17.038,NA,NA,NA,285.905
1993-02-23,16.909,NA,NA,NA,285.899
1993-02-24,16.909,NA,NA,NA,285.899
1993-02-25,16.909,NA,NA,NA,285.899
1993-02-26,16.909,NA,NA,NA,285.899
1993-02-27,16.909,NA,NA,NA,285.899
1993-02-28,16.856,NA,NA,NA,285.896
1993-03-01,16.804,NA,NA,NA,285.893
1993-03-02,16.909,NA,NA,NA,285.899
1993-03-03,16.909,NA,NA,NA,285.899
1993-03-04,16.909,NA,NA,NA,285.899
1993-03-05,16.804,NA,NA,NA,285.893
1993-03-06,16.804,NA,NA,NA,285.893
1993-03-07,16.856,NA,NA,NA,285.896
1993-03-08,16.909,NA,NA,NA,285.899
1993-03-09,16.909,NA,NA,NA,285.899
1993-03-10,17.346,NA,NA,NA,285.918
1993-03-11,17.192,NA,NA,NA,285.912
1993-03-12,17.192,NA,NA,NA,285.912
1993-03-13,17.346,NA,NA,NA,285.918
1993-03-14,17.423,NA,NA,NA,285.921
1993-03-15,17.501,NA,NA,NA,285.924
1993-03-16,18.117,NA,NA,NA,285.948
1993-03-17,18.117,NA,NA,NA,285.948
1993-03-18,18.58,NA,NA,NA,285.966
1993-03-19,19.042,NA,NA,NA,285.985
1993-03-20,19.659,NA,NA,NA,286.009
1993-03-21,19.813,NA,NA,NA,286.015
1993-03-22,19.968,NA,NA,NA,286.021
1993-03-23,19.968,NA,NA,NA,286.021
1993-03-24,19.505,NA,NA,NA,286.003
1993-03-25,19.659,NA,NA,NA,286.009
1993-03-26,20.276,NA,NA,NA,286.033
1993-03-27,21.201,NA,NA,NA,286.07
1993-03-28,23.051,NA,NA,NA,286.143
1993-03-29,25.117,NA,NA,NA,286.222
1993-03-30,28.694,NA,NA,NA,286.344
1993-03-31,31.735,NA,NA,NA,286.448
1993-04-01,34.856,NA,NA,NA,286.552
1993-04-02,38.488,NA,NA,NA,286.667
1993-04-03,41.547,NA,NA,NA,286.765
1993-04-04,43.949,NA,NA,NA,286.838
1993-04-05,45.281,NA,NA,NA,286.875
1993-04-06,45.281,NA,NA,NA,286.875
1993-04-07,45.059,NA,NA,NA,286.869
1993-04-08,43.505,NA,NA,NA,286.826
1993-04-09,43.283,NA,NA,NA,286.82
1993-04-10,41.547,NA,NA,NA,286.765
1993-04-11,41.547,NA,NA,NA,286.765
1993-04-12,41.26,NA,NA,NA,286.756
1993-04-13,40.974,NA,NA,NA,286.747
1993-04-14,41.165,NA,NA,NA,286.753
1993-04-15,40.974,NA,NA,NA,286.747
1993-04-16,41.547,NA,NA,NA,286.765
1993-04-17,41.165,NA,NA,NA,286.753
1993-04-18,40.783,NA,NA,NA,286.741
1993-04-19,41.165,NA,NA,NA,286.753
1993-04-20,41.165,NA,NA,NA,286.753
1993-04-21,40.018,NA,NA,NA,286.716
1993-04-22,38.871,NA,NA,NA,286.68
1993-04-23,38.679,NA,NA,NA,286.674
1993-04-24,38.871,NA,NA,NA,286.68
1993-04-25,36.959,NA,NA,NA,286.619
1993-04-26,35.047,NA,NA,NA,286.558
1993-04-27,34.282,NA,NA,NA,286.533
1993-04-28,33.9,NA,NA,NA,286.521
1993-04-29,33.166,NA,NA,NA,286.497
1993-04-30,32.093,NA,NA,NA,286.46
1993-05-01,31.735,NA,NA,NA,286.448
1993-05-02,31.735,NA,NA,NA,286.448
1993-05-03,30.662,NA,NA,NA,286.411
1993-05-04,29.768,NA,NA,NA,286.381
1993-05-05,29.231,NA,NA,NA,286.363
1993-05-06,28.158,NA,NA,NA,286.326
1993-05-07,27.442,NA,NA,NA,286.302
1993-05-08,28.516,NA,NA,NA,286.338
1993-05-09,29.946,NA,NA,NA,286.387
1993-05-10,30.304,NA,NA,NA,286.399
1993-05-11,30.841,NA,NA,NA,286.418
1993-05-12,31.02,NA,NA,NA,286.424
1993-05-13,31.02,NA,NA,NA,286.424
1993-05-14,30.662,NA,NA,NA,286.411
1993-05-15,29.768,NA,NA,NA,286.381
1993-05-16,29.589,NA,NA,NA,286.375
1993-05-17,28.337,NA,NA,NA,286.332
1993-05-18,28.873,NA,NA,NA,286.35
1993-05-19,28.158,NA,NA,NA,286.326
1993-05-20,27.8,NA,NA,NA,286.314
1993-05-21,27.085,NA,NA,NA,286.289
1993-05-22,27.352,NA,NA,NA,286.299
1993-05-23,28.247,NA,NA,NA,286.329
1993-05-24,29.589,NA,NA,NA,286.375
1993-05-25,26.369,NA,NA,NA,286.265
1993-05-26,26.012,NA,NA,NA,286.253
1993-05-27,25.475,NA,NA,NA,286.235
1993-05-28,26.369,NA,NA,NA,286.265
1993-05-29,26.369,NA,NA,NA,286.265
1993-05-30,26.369,NA,NA,NA,286.265
1993-05-31,26.369,NA,NA,NA,286.265
1993-06-01,26.369,NA,NA,NA,286.265
1993-06-02,26.19,NA,NA,NA,286.259
1993-06-03,26.369,NA,NA,NA,286.265
1993-06-04,26.012,NA,NA,NA,286.253
1993-06-05,25.564,NA,NA,NA,286.238
1993-06-06,24.67,NA,NA,NA,286.207
1993-06-07,24.285,NA,NA,NA,286.192
1993-06-08,24.285,NA,NA,NA,286.192
1993-06-09,26.012,NA,NA,NA,286.253
1993-06-10,24.938,NA,NA,NA,286.216
1993-06-11,24.76,NA,NA,NA,286.21
1993-06-12,25.564,NA,NA,NA,286.238
1993-06-13,26.458,NA,NA,NA,286.268
1993-06-14,27.442,NA,NA,NA,286.302
1993-06-15,24.938,NA,NA,NA,286.216
1993-06-16,23.668,NA,NA,NA,286.168
1993-06-17,26.727,NA,NA,NA,286.277
1993-06-18,26.369,NA,NA,NA,286.265
1993-06-19,27.442,NA,NA,NA,286.302
1993-06-20,27.8,NA,NA,NA,286.314
1993-06-21,29.231,NA,NA,NA,286.363
1993-06-22,33.9,NA,NA,NA,286.521
1993-06-23,38.871,NA,NA,NA,286.68
1993-06-24,42.694,NA,NA,NA,286.802
1993-06-25,44.837,NA,NA,NA,286.863
1993-06-26,45.725,NA,NA,NA,286.887
1993-06-27,45.725,NA,NA,NA,286.887
1993-06-28,44.393,NA,NA,NA,286.85
1993-06-29,43.949,NA,NA,NA,286.838
1993-06-30,43.949,NA,NA,NA,286.838
1993-07-01,42.503,NA,NA,NA,286.795
1993-07-02,41.93,NA,NA,NA,286.777
1993-07-03,41.165,NA,NA,NA,286.753
1993-07-04,42.694,NA,NA,NA,286.802
1993-07-05,44.393,NA,NA,NA,286.85
1993-07-06,46.391,NA,NA,NA,286.905
1993-07-07,48.389,NA,NA,NA,286.96
1993-07-08,51.054,NA,NA,NA,287.033
1993-07-09,54.625,NA,NA,NA,287.131
1993-07-10,56.5,NA,NA,NA,287.18
1993-07-11,57.906,NA,NA,NA,287.216
1993-07-12,59.078,NA,NA,NA,287.247
1993-07-13,58.374,NA,NA,NA,287.228
1993-07-14,58.843,NA,NA,NA,287.24
1993-07-15,57.437,NA,NA,NA,287.204
1993-07-16,56.5,NA,NA,NA,287.18
1993-07-17,56.031,NA,NA,NA,287.167
1993-07-18,55.093,NA,NA,NA,287.143
1993-07-19,54.625,NA,NA,NA,287.131
1993-07-20,54.162,NA,NA,NA,287.119
1993-07-21,54.162,NA,NA,NA,287.119
1993-07-22,53.718,NA,NA,NA,287.106
1993-07-23,54.162,NA,NA,NA,287.119
1993-07-24,53.274,NA,NA,NA,287.094
1993-07-25,53.496,NA,NA,NA,287.1
1993-07-26,54.162,NA,NA,NA,287.119
1993-07-27,56.031,NA,NA,NA,287.167
1993-07-28,58.609,NA,NA,NA,287.234
1993-07-29,60.249,NA,NA,NA,287.277
1993-07-30,61.187,NA,NA,NA,287.301
1993-07-31,64.233,NA,NA,NA,287.381
1993-08-01,61.421,NA,NA,NA,287.308
1993-08-02,65.171,NA,NA,NA,287.405
1993-08-03,62.827,NA,NA,NA,287.344
1993-08-04,62.124,NA,NA,NA,287.326
1993-08-05,61.655,NA,NA,NA,287.314
1993-08-06,60.249,NA,NA,NA,287.277
1993-08-07,58.843,NA,NA,NA,287.24
1993-08-08,56.968,NA,NA,NA,287.192
1993-08-09,53.718,NA,NA,NA,287.106
1993-08-10,50.388,NA,NA,NA,287.015
1993-08-11,47.39,NA,NA,NA,286.933
1993-08-12,44.837,NA,NA,NA,286.863
1993-08-13,42.407,NA,NA,NA,286.792
1993-08-14,41.26,NA,NA,NA,286.756
1993-08-15,39.348,NA,NA,NA,286.695
1993-08-16,37.915,NA,NA,NA,286.649
1993-08-17,35.812,NA,NA,NA,286.582
1993-08-18,38.297,NA,NA,NA,286.661
1993-08-19,38.106,NA,NA,NA,286.655
1993-08-20,37.724,NA,NA,NA,286.643
1993-08-21,37.436,NA,NA,NA,286.634
1993-08-22,36.959,NA,NA,NA,286.619
1993-08-23,36.576,NA,NA,NA,286.606
1993-08-24,35.812,NA,NA,NA,286.582
1993-08-25,34.568,NA,NA,NA,286.542
1993-08-26,33.345,NA,NA,NA,286.503
1993-08-27,33.166,NA,NA,NA,286.497
1993-08-28,31.824,NA,NA,NA,286.451
1993-08-29,30.841,NA,NA,NA,286.418
1993-08-30,31.556,NA,NA,NA,286.442
1993-08-31,30.483,NA,NA,NA,286.405
1993-09-01,29.41,NA,NA,NA,286.369
1993-09-02,29.41,NA,NA,NA,286.369
1993-09-03,28.694,NA,NA,NA,286.344
1993-09-04,28.247,NA,NA,NA,286.329
1993-09-05,27.8,NA,NA,NA,286.314
1993-09-06,26.995,NA,NA,NA,286.286
1993-09-07,26.19,NA,NA,NA,286.259
1993-09-08,25.833,NA,NA,NA,286.247
1993-09-09,25.833,NA,NA,NA,286.247
1993-09-10,24.76,NA,NA,NA,286.21
1993-09-11,24.76,NA,NA,NA,286.21
1993-09-12,24.76,NA,NA,NA,286.21
1993-09-13,24.76,NA,NA,NA,286.21
1993-09-14,24.439,NA,NA,NA,286.198
1993-09-15,23.822,NA,NA,NA,286.174
1993-09-16,23.514,NA,NA,NA,286.161
1993-09-17,23.822,NA,NA,NA,286.174
1993-09-18,23.899,NA,NA,NA,286.177
1993-09-19,23.976,NA,NA,NA,286.18
1993-09-20,24.131,NA,NA,NA,286.186
1993-09-21,24.76,NA,NA,NA,286.21
1993-09-22,25.117,NA,NA,NA,286.222
1993-09-23,24.938,NA,NA,NA,286.216
1993-09-24,25.117,NA,NA,NA,286.222
1993-09-25,25.117,NA,NA,NA,286.222
1993-09-26,25.206,NA,NA,NA,286.225
1993-09-27,25.296,NA,NA,NA,286.229
1993-09-28,25.117,NA,NA,NA,286.222
1993-09-29,25.117,NA,NA,NA,286.222
1993-09-30,23.668,NA,NA,NA,286.168
1993-10-01,25.475,NA,NA,NA,286.235
1993-10-02,24.938,NA,NA,NA,286.216
1993-10-03,24.439,NA,NA,NA,286.198
1993-10-04,24.131,NA,NA,NA,286.186
1993-10-05,24.131,NA,NA,NA,286.186
1993-10-06,24.131,NA,NA,NA,286.186
1993-10-07,24.439,NA,NA,NA,286.198
1993-10-08,23.822,NA,NA,NA,286.174
1993-10-09,23.744,NA,NA,NA,286.171
1993-10-10,23.668,NA,NA,NA,286.168
1993-10-11,23.59,NA,NA,NA,286.165
1993-10-12,23.514,NA,NA,NA,286.161
1993-10-13,23.205,NA,NA,NA,286.149
1993-10-14,22.897,NA,NA,NA,286.137
1993-10-15,22.589,NA,NA,NA,286.125
1993-10-16,22.357,NA,NA,NA,286.116
1993-10-17,22.974,NA,NA,NA,286.14
1993-10-18,21.972,NA,NA,NA,286.101
1993-10-19,21.664,NA,NA,NA,286.088
1993-10-20,22.28,NA,NA,NA,286.113
1993-10-21,23.051,NA,NA,NA,286.143
1993-10-22,21.355,NA,NA,NA,286.076
1993-10-23,21.355,NA,NA,NA,286.076
1993-10-24,21.355,NA,NA,NA,286.076
1993-10-25,21.355,NA,NA,NA,286.076
1993-10-26,23.514,NA,NA,NA,286.161
1993-10-27,21.972,NA,NA,NA,286.101
1993-10-28,22.589,NA,NA,NA,286.125
1993-10-29,22.589,NA,NA,NA,286.125
1993-10-30,21.047,NA,NA,NA,286.064
1993-10-31,20.815,NA,NA,NA,286.055
1993-11-01,20.43,NA,NA,NA,286.04
1993-11-02,20.43,NA,NA,NA,286.04
1993-11-03,20.738,NA,NA,NA,286.052
1993-11-04,20.738,NA,NA,NA,286.052
1993-11-05,21.972,NA,NA,NA,286.101
1993-11-06,21.509,NA,NA,NA,286.082
1993-11-07,20.969,NA,NA,NA,286.061
1993-11-08,20.584,NA,NA,NA,286.046
1993-11-09,20.584,NA,NA,NA,286.046
1993-11-10,20.738,NA,NA,NA,286.052
1993-11-11,20.893,NA,NA,NA,286.058
1993-11-12,21.047,NA,NA,NA,286.064
1993-11-13,21.123,NA,NA,NA,286.067
1993-11-14,21.278,NA,NA,NA,286.073
1993-11-15,21.355,NA,NA,NA,286.076
1993-11-16,21.355,NA,NA,NA,286.076
1993-11-17,21.355,NA,NA,NA,286.076
1993-11-18,21.355,NA,NA,NA,286.076
1993-11-19,21.972,NA,NA,NA,286.101
1993-11-20,21.894,NA,NA,NA,286.097
1993-11-21,21.818,NA,NA,NA,286.094
1993-11-22,21.664,NA,NA,NA,286.088
1993-11-23,21.664,NA,NA,NA,286.088
1993-11-24,21.664,NA,NA,NA,286.088
1993-11-25,21.664,NA,NA,NA,286.088
1993-11-26,21.664,NA,NA,NA,286.088
1993-11-27,21.586,NA,NA,NA,286.085
1993-11-28,21.586,NA,NA,NA,286.085
1993-11-29,21.509,NA,NA,NA,286.082
1993-11-30,21.509,NA,NA,NA,286.082
1993-12-01,21.664,NA,NA,NA,286.088
1993-12-02,21.664,NA,NA,NA,286.088
1993-12-03,21.818,NA,NA,NA,286.094
1993-12-04,21.894,NA,NA,NA,286.097
1993-12-05,21.894,NA,NA,NA,286.097
1993-12-06,21.972,NA,NA,NA,286.101
1993-12-07,21.818,NA,NA,NA,286.094
1993-12-08,21.818,NA,NA,NA,286.094
1993-12-09,21.664,NA,NA,NA,286.088
1993-12-10,21.972,NA,NA,NA,286.101
1993-12-11,21.818,NA,NA,NA,286.094
1993-12-12,21.664,NA,NA,NA,286.088
1993-12-13,21.509,NA,NA,NA,286.082
1993-12-14,20.584,NA,NA,NA,286.046
1993-12-15,20.661,NA,NA,NA,286.049
1993-12-16,20.738,NA,NA,NA,286.052
1993-12-17,20.738,NA,NA,NA,286.052
1993-12-18,20.815,NA,NA,NA,286.055
1993-12-19,20.815,NA,NA,NA,286.055
1993-12-20,20.893,NA,NA,NA,286.058
1993-12-21,20.738,NA,NA,NA,286.052
1993-12-22,20.738,NA,NA,NA,286.052
1993-12-23,20.43,NA,NA,NA,286.04
1993-12-24,20.352,NA,NA,NA,286.037
1993-12-25,20.276,NA,NA,NA,286.033
1993-12-26,20.198,NA,NA,NA,286.03
1993-12-27,20.122,NA,NA,NA,286.027
1993-12-28,20.122,NA,NA,NA,286.027
1993-12-29,20.122,NA,NA,NA,286.027
1993-12-30,19.968,NA,NA,NA,286.021
1993-12-31,19.968,NA,NA,NA,286.021
1994-01-01,19.968,NA,NA,NA,286.021
1994-01-02,19.89,NA,NA,NA,286.018
1994-01-03,19.813,NA,NA,NA,286.015
1994-01-04,19.813,NA,NA,NA,286.015
1994-01-05,19.505,NA,NA,NA,286.003
1994-01-06,19.505,NA,NA,NA,286.003
1994-01-07,19.505,NA,NA,NA,286.003
1994-01-08,19.505,NA,NA,NA,286.003
1994-01-09,19.505,NA,NA,NA,286.003
1994-01-10,19.505,NA,NA,NA,286.003
1994-01-11,19.505,NA,NA,NA,286.003
1994-01-12,19.351,NA,NA,NA,285.997
1994-01-13,19.273,NA,NA,NA,285.994
1994-01-14,19.351,NA,NA,NA,285.997
1994-01-15,19.273,NA,NA,NA,285.994
1994-01-16,19.273,NA,NA,NA,285.994
1994-01-17,19.273,NA,NA,NA,285.994
1994-01-18,19.197,NA,NA,NA,285.991
1994-01-19,19.197,NA,NA,NA,285.991
1994-01-20,19.197,NA,NA,NA,285.991
1994-01-21,19.197,NA,NA,NA,285.991
1994-01-22,19.197,NA,NA,NA,285.991
1994-01-23,19.197,NA,NA,NA,285.991
1994-01-24,19.197,NA,NA,NA,285.991
1994-01-25,19.197,NA,NA,NA,285.991
1994-01-26,18.888,NA,NA,NA,285.979
1994-01-27,18.888,NA,NA,NA,285.979
1994-01-28,18.888,NA,NA,NA,285.979
1994-01-29,18.888,NA,NA,NA,285.979
1994-01-30,18.888,NA,NA,NA,285.979
1994-01-31,18.888,NA,NA,NA,285.979
1994-02-01,18.888,NA,NA,NA,285.979
1994-02-02,18.888,NA,NA,NA,285.979
1994-02-03,18.888,NA,NA,NA,285.979
1994-02-04,18.888,NA,NA,NA,285.979
1994-02-05,18.888,NA,NA,NA,285.979
1994-02-06,18.888,NA,NA,NA,285.979
1994-02-07,18.888,NA,NA,NA,285.979
1994-02-08,18.888,NA,NA,NA,285.979
1994-02-09,18.888,NA,NA,NA,285.979
1994-02-10,18.888,NA,NA,NA,285.979
1994-02-11,18.888,NA,NA,NA,285.979
1994-02-12,18.888,NA,NA,NA,285.979
1994-02-13,18.888,NA,NA,NA,285.979
1994-02-14,18.888,NA,NA,NA,285.979
1994-02-15,18.888,NA,NA,NA,285.979
1994-02-16,18.888,NA,NA,NA,285.979
1994-02-17,18.888,NA,NA,NA,285.979
1994-02-18,18.888,NA,NA,NA,285.979
1994-02-19,18.888,NA,NA,NA,285.979
1994-02-20,18.811,NA,NA,NA,285.976
1994-02-21,18.811,NA,NA,NA,285.976
1994-02-22,18.734,NA,NA,NA,285.973
1994-02-23,18.656,NA,NA,NA,285.969
1994-02-24,18.58,NA,NA,NA,285.966
1994-02-25,18.888,NA,NA,NA,285.979
1994-02-26,18.888,NA,NA,NA,285.979
1994-02-27,18.888,NA,NA,NA,285.979
1994-02-28,18.888,NA,NA,NA,285.979
1994-03-01,18.888,NA,NA,NA,285.979
1994-03-02,18.888,NA,NA,NA,285.979
1994-03-03,18.888,NA,NA,NA,285.979
1994-03-04,18.965,NA,NA,NA,285.982
1994-03-05,19.042,NA,NA,NA,285.985
1994-03-06,19.042,NA,NA,NA,285.985
1994-03-07,21.355,NA,NA,NA,286.076
1994-03-08,22.589,NA,NA,NA,286.125
1994-03-09,24.76,NA,NA,NA,286.21
1994-03-10,31.914,NA,NA,NA,286.454
1994-03-11,38.392,NA,NA,NA,286.664
1994-03-12,39.827,NA,NA,NA,286.71
1994-03-13,40.974,NA,NA,NA,286.747
1994-03-14,40.974,NA,NA,NA,286.747
1994-03-15,41.738,NA,NA,NA,286.771
1994-03-16,42.886,NA,NA,NA,286.808
1994-03-17,44.171,NA,NA,NA,286.844
1994-03-18,45.503,NA,NA,NA,286.881
1994-03-19,45.947,NA,NA,NA,286.893
1994-03-20,47.279,NA,NA,NA,286.93
1994-03-21,48.611,NA,NA,NA,286.966
1994-03-22,53.163,NA,NA,NA,287.091
1994-03-23,56.734,NA,NA,NA,287.186
1994-03-24,57.671,NA,NA,NA,287.21
1994-03-25,58.14,NA,NA,NA,287.222
1994-03-26,57.203,NA,NA,NA,287.198
1994-03-27,57.671,NA,NA,NA,287.21
1994-03-28,57.437,NA,NA,NA,287.204
1994-03-29,55.796,NA,NA,NA,287.161
1994-03-30,53.94,NA,NA,NA,287.112
1994-03-31,52.608,NA,NA,NA,287.076
1994-04-01,51.276,NA,NA,NA,287.039
1994-04-02,49.055,NA,NA,NA,286.978
1994-04-03,47.945,NA,NA,NA,286.948
1994-04-04,46.391,NA,NA,NA,286.905
1994-04-05,45.059,NA,NA,NA,286.869
1994-04-06,43.283,NA,NA,NA,286.82
1994-04-07,42.121,NA,NA,NA,286.783
1994-04-08,41.356,NA,NA,NA,286.759
1994-04-09,40.783,NA,NA,NA,286.741
1994-04-10,40.209,NA,NA,NA,286.722
1994-04-11,39.827,NA,NA,NA,286.71
1994-04-12,38.871,NA,NA,NA,286.68
1994-04-13,38.297,NA,NA,NA,286.661
1994-04-14,37.915,NA,NA,NA,286.649
1994-04-15,40.974,NA,NA,NA,286.747
1994-04-16,37.15,NA,NA,NA,286.625
1994-04-17,36.768,NA,NA,NA,286.613
1994-04-18,36.768,NA,NA,NA,286.613
1994-04-19,36.385,NA,NA,NA,286.6
1994-04-20,35.238,NA,NA,NA,286.564
1994-04-21,34.856,NA,NA,NA,286.552
1994-04-22,34.664,NA,NA,NA,286.546
1994-04-23,34.091,NA,NA,NA,286.527
1994-04-24,33.345,NA,NA,NA,286.503
1994-04-25,33.345,NA,NA,NA,286.503
1994-04-26,33.345,NA,NA,NA,286.503
1994-04-27,33.345,NA,NA,NA,286.503
1994-04-28,35.333,NA,NA,NA,286.567
1994-04-29,40.974,NA,NA,NA,286.747
1994-04-30,44.615,NA,NA,NA,286.856
1994-05-01,48.389,NA,NA,NA,286.96
1994-05-02,51.054,NA,NA,NA,287.033
1994-05-03,53.052,NA,NA,NA,287.088
1994-05-04,54.859,NA,NA,NA,287.137
1994-05-05,54.859,NA,NA,NA,287.137
1994-05-06,53.94,NA,NA,NA,287.112
1994-05-07,53.274,NA,NA,NA,287.094
1994-05-08,51.498,NA,NA,NA,287.045
1994-05-09,49.944,NA,NA,NA,287.003
1994-05-10,48.167,NA,NA,NA,286.954
1994-05-11,46.835,NA,NA,NA,286.917
1994-05-12,45.17,NA,NA,NA,286.872
1994-05-13,42.121,NA,NA,NA,286.783
1994-05-14,41.165,NA,NA,NA,286.753
1994-05-15,40.209,NA,NA,NA,286.722
1994-05-16,38.297,NA,NA,NA,286.661
1994-05-17,36.003,NA,NA,NA,286.588
1994-05-18,37.15,NA,NA,NA,286.625
1994-05-19,36.768,NA,NA,NA,286.613
1994-05-20,35.62,NA,NA,NA,286.576
1994-05-21,34.473,NA,NA,NA,286.539
1994-05-22,31.824,NA,NA,NA,286.451
1994-05-23,31.824,NA,NA,NA,286.451
1994-05-24,31.914,NA,NA,NA,286.454
1994-05-25,31.914,NA,NA,NA,286.454
1994-05-26,31.377,NA,NA,NA,286.436
1994-05-27,30.93,NA,NA,NA,286.421
1994-05-28,30.841,NA,NA,NA,286.418
1994-05-29,30.841,NA,NA,NA,286.418
1994-05-30,30.304,NA,NA,NA,286.399
1994-05-31,30.304,NA,NA,NA,286.399
1994-06-01,29.768,NA,NA,NA,286.381
1994-06-02,29.589,NA,NA,NA,286.375
1994-06-03,29.052,NA,NA,NA,286.357
1994-06-04,28.873,NA,NA,NA,286.35
1994-06-05,28.604,NA,NA,NA,286.341
1994-06-06,28.337,NA,NA,NA,286.332
1994-06-07,27.264,NA,NA,NA,286.296
1994-06-08,26.548,NA,NA,NA,286.271
1994-06-09,26.19,NA,NA,NA,286.259
1994-06-10,25.117,NA,NA,NA,286.222
1994-06-11,24.67,NA,NA,NA,286.207
1994-06-12,24.131,NA,NA,NA,286.186
1994-06-13,23.822,NA,NA,NA,286.174
1994-06-14,23.205,NA,NA,NA,286.149
1994-06-15,23.822,NA,NA,NA,286.174
1994-06-16,23.822,NA,NA,NA,286.174
1994-06-17,22.897,NA,NA,NA,286.137
1994-06-18,22.897,NA,NA,NA,286.137
1994-06-19,22.897,NA,NA,NA,286.137
1994-06-20,22.743,NA,NA,NA,286.131
1994-06-21,22.743,NA,NA,NA,286.131
1994-06-22,22.743,NA,NA,NA,286.131
1994-06-23,24.67,NA,NA,NA,286.207
1994-06-24,25.117,NA,NA,NA,286.222
1994-06-25,25.117,NA,NA,NA,286.222
1994-06-26,25.117,NA,NA,NA,286.222
1994-06-27,25.475,NA,NA,NA,286.235
1994-06-28,26.19,NA,NA,NA,286.259
1994-06-29,25.833,NA,NA,NA,286.247
1994-06-30,24.76,NA,NA,NA,286.21
1994-07-01,25.117,NA,NA,NA,286.222
1994-07-02,24.76,NA,NA,NA,286.21
1994-07-03,24.285,NA,NA,NA,286.192
1994-07-04,23.976,NA,NA,NA,286.18
1994-07-05,23.822,NA,NA,NA,286.174
1994-07-06,23.976,NA,NA,NA,286.18
1994-07-07,23.822,NA,NA,NA,286.174
1994-07-08,23.822,NA,NA,NA,286.174
1994-07-09,27.889,NA,NA,NA,286.317
1994-07-10,29.768,NA,NA,NA,286.381
1994-07-11,32.629,NA,NA,NA,286.478
1994-07-12,36.385,NA,NA,NA,286.6
1994-07-13,38.297,NA,NA,NA,286.661
1994-07-14,39.827,NA,NA,NA,286.71
1994-07-15,39.827,NA,NA,NA,286.71
1994-07-16,39.444,NA,NA,NA,286.698
1994-07-17,39.062,NA,NA,NA,286.686
1994-07-18,38.297,NA,NA,NA,286.661
1994-07-19,38.106,NA,NA,NA,286.655
1994-07-20,38.106,NA,NA,NA,286.655
1994-07-21,36.768,NA,NA,NA,286.613
1994-07-22,36.194,NA,NA,NA,286.594
1994-07-23,36.003,NA,NA,NA,286.588
1994-07-24,35.62,NA,NA,NA,286.576
1994-07-25,35.429,NA,NA,NA,286.57
1994-07-26,34.856,NA,NA,NA,286.552
1994-07-27,34.091,NA,NA,NA,286.527
1994-07-28,33.345,NA,NA,NA,286.503
1994-07-29,32.629,NA,NA,NA,286.478
1994-07-30,31.645,NA,NA,NA,286.445
1994-07-31,30.662,NA,NA,NA,286.411
1994-08-01,30.662,NA,NA,NA,286.411
1994-08-02,28.873,NA,NA,NA,286.35
1994-08-03,27.979,NA,NA,NA,286.32
1994-08-04,26.906,NA,NA,NA,286.283
1994-08-05,25.475,NA,NA,NA,286.235
1994-08-06,24.131,NA,NA,NA,286.186
1994-08-07,24.76,NA,NA,NA,286.21
1994-08-08,24.439,NA,NA,NA,286.198
1994-08-09,24.439,NA,NA,NA,286.198
1994-08-10,24.439,NA,NA,NA,286.198
1994-08-11,23.976,NA,NA,NA,286.18
1994-08-12,23.514,NA,NA,NA,286.161
1994-08-13,23.59,NA,NA,NA,286.165
1994-08-14,23.668,NA,NA,NA,286.168
1994-08-15,23.822,NA,NA,NA,286.174
1994-08-16,23.822,NA,NA,NA,286.174
1994-08-17,23.976,NA,NA,NA,286.18
1994-08-18,24.131,NA,NA,NA,286.186
1994-08-19,24.439,NA,NA,NA,286.198
1994-08-20,24.207,NA,NA,NA,286.189
1994-08-21,23.36,NA,NA,NA,286.155
1994-08-22,22.743,NA,NA,NA,286.131
1994-08-23,22.589,NA,NA,NA,286.125
1994-08-24,22.28,NA,NA,NA,286.113
1994-08-25,21.664,NA,NA,NA,286.088
1994-08-26,21.972,NA,NA,NA,286.101
1994-08-27,21.432,NA,NA,NA,286.079
1994-08-28,21.123,NA,NA,NA,286.067
1994-08-29,20.738,NA,NA,NA,286.052
1994-08-30,20.738,NA,NA,NA,286.052
1994-08-31,20.584,NA,NA,NA,286.046
1994-09-01,20.276,NA,NA,NA,286.033
1994-09-02,20.122,NA,NA,NA,286.027
1994-09-03,20.815,NA,NA,NA,286.055
1994-09-04,21.201,NA,NA,NA,286.07
1994-09-05,21.586,NA,NA,NA,286.085
1994-09-06,21.664,NA,NA,NA,286.088
1994-09-07,21.664,NA,NA,NA,286.088
1994-09-08,21.664,NA,NA,NA,286.088
1994-09-09,21.664,NA,NA,NA,286.088
1994-09-10,21.432,NA,NA,NA,286.079
1994-09-11,21.201,NA,NA,NA,286.07
1994-09-12,20.738,NA,NA,NA,286.052
1994-09-13,21.047,NA,NA,NA,286.064
1994-09-14,20.893,NA,NA,NA,286.058
1994-09-15,21.355,NA,NA,NA,286.076
1994-09-16,21.972,NA,NA,NA,286.101
1994-09-17,21.432,NA,NA,NA,286.079
1994-09-18,20.815,NA,NA,NA,286.055
1994-09-19,20.584,NA,NA,NA,286.046
1994-09-20,20.43,NA,NA,NA,286.04
1994-09-21,20.584,NA,NA,NA,286.046
1994-09-22,20.893,NA,NA,NA,286.058
1994-09-23,20.893,NA,NA,NA,286.058
1994-09-24,19.968,NA,NA,NA,286.021
1994-09-25,19.659,NA,NA,NA,286.009
1994-09-26,19.505,NA,NA,NA,286.003
1994-09-27,19.197,NA,NA,NA,285.991
1994-09-28,18.888,NA,NA,NA,285.979
1994-09-29,18.426,NA,NA,NA,285.96
1994-09-30,18.426,NA,NA,NA,285.96
1994-10-01,18.502,NA,NA,NA,285.963
1994-10-02,18.502,NA,NA,NA,285.963
1994-10-03,18.58,NA,NA,NA,285.966
1994-10-04,18.888,NA,NA,NA,285.979
1994-10-05,18.888,NA,NA,NA,285.979
1994-10-06,17.655,NA,NA,NA,285.93
1994-10-07,19.273,NA,NA,NA,285.994
1994-10-08,18.117,NA,NA,NA,285.948
1994-10-09,18.04,NA,NA,NA,285.945
1994-10-10,17.963,NA,NA,NA,285.942
1994-10-11,17.963,NA,NA,NA,285.942
1994-10-12,17.809,NA,NA,NA,285.936
1994-10-13,17.963,NA,NA,NA,285.942
1994-10-14,17.963,NA,NA,NA,285.942
1994-10-15,18.117,NA,NA,NA,285.948
1994-10-16,18.348,NA,NA,NA,285.957
1994-10-17,18.58,NA,NA,NA,285.966
1994-10-18,18.888,NA,NA,NA,285.979
1994-10-19,20.122,NA,NA,NA,286.027
1994-10-20,19.505,NA,NA,NA,286.003
1994-10-21,19.505,NA,NA,NA,286.003
1994-10-22,19.813,NA,NA,NA,286.015
1994-10-23,20.044,NA,NA,NA,286.024
1994-10-24,20.276,NA,NA,NA,286.033
1994-10-25,19.813,NA,NA,NA,286.015
1994-10-26,19.505,NA,NA,NA,286.003
1994-10-27,20.122,NA,NA,NA,286.027
1994-10-28,21.355,NA,NA,NA,286.076
1994-10-29,21.586,NA,NA,NA,286.085
1994-10-30,21.74,NA,NA,NA,286.091
1994-10-31,21.972,NA,NA,NA,286.101
1994-11-01,20.893,NA,NA,NA,286.058
1994-11-02,21.355,NA,NA,NA,286.076
1994-11-03,21.355,NA,NA,NA,286.076
1994-11-04,20.738,NA,NA,NA,286.052
1994-11-05,20.43,NA,NA,NA,286.04
1994-11-06,20.122,NA,NA,NA,286.027
1994-11-07,19.813,NA,NA,NA,286.015
1994-11-08,20.122,NA,NA,NA,286.027
1994-11-09,19.968,NA,NA,NA,286.021
1994-11-10,19.197,NA,NA,NA,285.991
1994-11-11,18.734,NA,NA,NA,285.973
1994-11-12,19.197,NA,NA,NA,285.991
1994-11-13,19.273,NA,NA,NA,285.994
1994-11-14,19.813,NA,NA,NA,286.015
1994-11-15,19.197,NA,NA,NA,285.991
1994-11-16,17.501,NA,NA,NA,285.924
1994-11-17,17.963,NA,NA,NA,285.942
1994-11-18,17.963,NA,NA,NA,285.942
1994-11-19,24.938,NA,NA,NA,286.216
1994-11-20,23.899,NA,NA,NA,286.177
1994-11-21,23.205,NA,NA,NA,286.149
1994-11-22,18.888,NA,NA,NA,285.979
1994-11-23,19.505,NA,NA,NA,286.003
1994-11-24,19.659,NA,NA,NA,286.009
1994-11-25,19.813,NA,NA,NA,286.015
1994-11-26,19.505,NA,NA,NA,286.003
1994-11-27,20.352,NA,NA,NA,286.037
1994-11-28,20.893,NA,NA,NA,286.058
1994-11-29,19.968,NA,NA,NA,286.021
1994-11-30,19.813,NA,NA,NA,286.015
1994-12-01,19.968,NA,NA,NA,286.021
1994-12-02,20.122,NA,NA,NA,286.027
1994-12-03,20.122,NA,NA,NA,286.027
1994-12-04,20.122,NA,NA,NA,286.027
1994-12-05,20.122,NA,NA,NA,286.027
1994-12-06,19.813,NA,NA,NA,286.015
1994-12-07,19.968,NA,NA,NA,286.021
1994-12-08,20.276,NA,NA,NA,286.033
1994-12-09,20.43,NA,NA,NA,286.04
1994-12-10,20.43,NA,NA,NA,286.04
1994-12-11,20.43,NA,NA,NA,286.04
1994-12-12,20.43,NA,NA,NA,286.04
1994-12-13,20.43,NA,NA,NA,286.04
1994-12-14,20.738,NA,NA,NA,286.052
1994-12-15,20.738,NA,NA,NA,286.052
1994-12-16,20.738,NA,NA,NA,286.052
1994-12-17,20.738,NA,NA,NA,286.052
1994-12-18,20.738,NA,NA,NA,286.052
1994-12-19,20.738,NA,NA,NA,286.052
1994-12-20,20.738,NA,NA,NA,286.052
1994-12-21,20.738,NA,NA,NA,286.052
1994-12-22,19.273,NA,NA,NA,285.994
1994-12-23,19.505,NA,NA,NA,286.003
1994-12-24,19.505,NA,NA,NA,286.003
1994-12-25,19.505,NA,NA,NA,286.003
1994-12-26,19.505,NA,NA,NA,286.003
1994-12-27,19.505,NA,NA,NA,286.003
1994-12-28,19.505,NA,NA,NA,286.003
1994-12-29,19.505,NA,NA,NA,286.003
1994-12-30,19.505,NA,NA,NA,286.003
1994-12-31,19.505,NA,NA,NA,286.003
1995-01-01,19.505,NA,NA,NA,286.003
1995-01-02,19.505,NA,NA,NA,286.003
1995-01-03,19.505,NA,NA,NA,286.003
1995-01-04,19.505,NA,NA,NA,286.003
1995-01-05,19.505,NA,NA,NA,286.003
1995-01-06,19.505,NA,NA,NA,286.003
1995-01-07,19.505,NA,NA,NA,286.003
1995-01-08,19.505,NA,NA,NA,286.003
1995-01-09,19.505,NA,NA,NA,286.003
1995-01-10,19.505,NA,NA,NA,286.003
1995-01-11,19.197,NA,NA,NA,285.991
1995-01-12,19.197,NA,NA,NA,285.991
1995-01-13,19.197,NA,NA,NA,285.991
1995-01-14,19.197,NA,NA,NA,285.991
1995-01-15,19.197,NA,NA,NA,285.991
1995-01-16,19.197,NA,NA,NA,285.991
1995-01-17,19.197,NA,NA,NA,285.991
1995-01-18,19.197,NA,NA,NA,285.991
1995-01-19,19.197,NA,NA,NA,285.991
1995-01-20,19.197,NA,NA,NA,285.991
1995-01-21,19.197,NA,NA,NA,285.991
1995-01-22,19.197,NA,NA,NA,285.991
1995-01-23,19.197,NA,NA,NA,285.991
1995-01-24,19.197,NA,NA,NA,285.991
1995-01-25,19.197,NA,NA,NA,285.991
1995-01-26,19.197,NA,NA,NA,285.991
1995-01-27,19.197,NA,NA,NA,285.991
1995-01-28,19.197,NA,NA,NA,285.991
1995-01-29,19.197,NA,NA,NA,285.991
1995-01-30,19.197,NA,NA,NA,285.991
1995-01-31,19.197,NA,NA,NA,285.991
1995-02-01,19.197,NA,NA,NA,285.991
1995-02-02,19.197,NA,NA,NA,285.991
1995-02-03,19.505,NA,NA,NA,286.003
1995-02-04,19.505,NA,NA,NA,286.003
1995-02-05,19.505,NA,NA,NA,286.003
1995-02-06,19.505,NA,NA,NA,286.003
1995-02-07,19.505,NA,NA,NA,286.003
1995-02-08,19.505,NA,NA,NA,286.003
1995-02-09,19.505,NA,NA,NA,286.003
1995-02-10,19.505,NA,NA,NA,286.003
1995-02-11,18.502,NA,NA,NA,285.963
1995-02-12,17.731,NA,NA,NA,285.933
1995-02-13,17.346,NA,NA,NA,285.918
1995-02-14,17.346,NA,NA,NA,285.918
1995-02-15,17.655,NA,NA,NA,285.93
1995-02-16,17.655,NA,NA,NA,285.93
1995-02-17,17.655,NA,NA,NA,285.93
1995-02-18,17.655,NA,NA,NA,285.93
1995-02-19,17.655,NA,NA,NA,285.93
1995-02-20,17.655,NA,NA,NA,285.93
1995-02-21,17.501,NA,NA,NA,285.924
1995-02-22,17.501,NA,NA,NA,285.924
1995-02-23,17.501,NA,NA,NA,285.924
1995-02-24,17.655,NA,NA,NA,285.93
1995-02-25,17.655,NA,NA,NA,285.93
1995-02-26,17.655,NA,NA,NA,285.93
1995-02-27,17.655,NA,NA,NA,285.93
1995-02-28,17.655,NA,NA,NA,285.93
1995-03-01,17.655,NA,NA,NA,285.93
1995-03-02,17.655,NA,NA,NA,285.93
1995-03-03,17.655,NA,NA,NA,285.93
1995-03-04,17.655,NA,NA,NA,285.93
1995-03-05,17.655,NA,NA,NA,285.93
1995-03-06,17.655,NA,NA,NA,285.93
1995-03-07,17.963,NA,NA,NA,285.942
1995-03-08,17.963,NA,NA,NA,285.942
1995-03-09,17.809,NA,NA,NA,285.936
1995-03-10,17.809,NA,NA,NA,285.936
1995-03-11,17.655,NA,NA,NA,285.93
1995-03-12,18.117,NA,NA,NA,285.948
1995-03-13,18.888,NA,NA,NA,285.979
1995-03-14,22.511,NA,NA,NA,286.122
1995-03-15,24.938,NA,NA,NA,286.216
1995-03-16,29.946,NA,NA,NA,286.387
1995-03-17,36.194,NA,NA,NA,286.594
1995-03-18,41.93,NA,NA,NA,286.777
1995-03-19,45.392,NA,NA,NA,286.878
1995-03-20,46.613,NA,NA,NA,286.911
1995-03-21,47.501,NA,NA,NA,286.936
1995-03-22,47.501,NA,NA,NA,286.936
1995-03-23,47.945,NA,NA,NA,286.948
1995-03-24,47.501,NA,NA,NA,286.936
1995-03-25,47.057,NA,NA,NA,286.923
1995-03-26,46.613,NA,NA,NA,286.911
1995-03-27,47.057,NA,NA,NA,286.923
1995-03-28,49.278,NA,NA,NA,286.984
1995-03-29,50.943,NA,NA,NA,287.03
1995-03-30,54.859,NA,NA,NA,287.137
1995-03-31,55.796,NA,NA,NA,287.161
1995-04-01,56.031,NA,NA,NA,287.167
1995-04-02,55.093,NA,NA,NA,287.143
1995-04-03,54.273,NA,NA,NA,287.122
1995-04-04,53.829,NA,NA,NA,287.109
1995-04-05,52.164,NA,NA,NA,287.064
1995-04-06,49.833,NA,NA,NA,287
1995-04-07,47.057,NA,NA,NA,286.923
1995-04-08,44.615,NA,NA,NA,286.856
1995-04-09,43.172,NA,NA,NA,286.817
1995-04-10,41.26,NA,NA,NA,286.756
1995-04-11,40.304,NA,NA,NA,286.725
1995-04-12,38.488,NA,NA,NA,286.667
1995-04-13,38.679,NA,NA,NA,286.674
1995-04-14,37.436,NA,NA,NA,286.634
1995-04-15,40.113,NA,NA,NA,286.719
1995-04-16,42.407,NA,NA,NA,286.792
1995-04-17,42.216,NA,NA,NA,286.786
1995-04-18,42.886,NA,NA,NA,286.808
1995-04-19,48.167,NA,NA,NA,286.954
1995-04-20,61.421,NA,NA,NA,287.308
1995-04-21,54.859,NA,NA,NA,287.137
1995-04-22,58.609,NA,NA,NA,287.234
1995-04-23,57.789,NA,NA,NA,287.213
1995-04-24,57.554,NA,NA,NA,287.207
1995-04-25,56.382,NA,NA,NA,287.176
1995-04-26,54.976,NA,NA,NA,287.14
1995-04-27,52.053,NA,NA,NA,287.061
1995-04-28,50.388,NA,NA,NA,287.015
1995-04-29,48.722,NA,NA,NA,286.969
1995-04-30,46.724,NA,NA,NA,286.914
1995-05-01,44.837,NA,NA,NA,286.863
1995-05-02,42.694,NA,NA,NA,286.802
1995-05-03,41.738,NA,NA,NA,286.771
1995-05-04,40.686,NA,NA,NA,286.738
1995-05-05,39.539,NA,NA,NA,286.701
1995-05-06,38.297,NA,NA,NA,286.661
1995-05-07,36.671,NA,NA,NA,286.61
1995-05-08,35.333,NA,NA,NA,286.567
1995-05-09,36.48,NA,NA,NA,286.603
1995-05-10,36.863,NA,NA,NA,286.616
1995-05-11,36.48,NA,NA,NA,286.603
1995-05-12,36.863,NA,NA,NA,286.616
1995-05-13,39.253,NA,NA,NA,286.692
1995-05-14,41.26,NA,NA,NA,286.756
1995-05-15,42.216,NA,NA,NA,286.786
1995-05-16,44.282,NA,NA,NA,286.847
1995-05-17,44.726,NA,NA,NA,286.859
1995-05-18,45.614,NA,NA,NA,286.884
1995-05-19,45.614,NA,NA,NA,286.884
1995-05-20,43.838,NA,NA,NA,286.835
1995-05-21,42.981,NA,NA,NA,286.811
1995-05-22,42.216,NA,NA,NA,286.786
1995-05-23,41.451,NA,NA,NA,286.762
1995-05-24,40.686,NA,NA,NA,286.738
1995-05-25,40.304,NA,NA,NA,286.725
1995-05-26,39.157,NA,NA,NA,286.689
1995-05-27,39.348,NA,NA,NA,286.695
1995-05-28,39.922,NA,NA,NA,286.713
1995-05-29,39.922,NA,NA,NA,286.713
1995-05-30,40.304,NA,NA,NA,286.725
1995-05-31,41.451,NA,NA,NA,286.762
1995-06-01,42.216,NA,NA,NA,286.786
1995-06-02,43.394,NA,NA,NA,286.823
1995-06-03,43.838,NA,NA,NA,286.835
1995-06-04,43.838,NA,NA,NA,286.835
1995-06-05,43.172,NA,NA,NA,286.817
1995-06-06,42.981,NA,NA,NA,286.811
1995-06-07,42.981,NA,NA,NA,286.811
1995-06-08,41.642,NA,NA,NA,286.768
1995-06-09,41.451,NA,NA,NA,286.762
1995-06-10,41.069,NA,NA,NA,286.75
1995-06-11,40.686,NA,NA,NA,286.738
1995-06-12,40.686,NA,NA,NA,286.738
1995-06-13,40.686,NA,NA,NA,286.738
1995-06-14,40.686,NA,NA,NA,286.738
1995-06-15,40.495,NA,NA,NA,286.731
1995-06-16,40.495,NA,NA,NA,286.731
1995-06-17,40.113,NA,NA,NA,286.719
1995-06-18,39.157,NA,NA,NA,286.689
1995-06-19,38.392,NA,NA,NA,286.664
1995-06-20,37.245,NA,NA,NA,286.628
1995-06-21,35.715,NA,NA,NA,286.579
1995-06-22,33.995,NA,NA,NA,286.524
1995-06-23,32.897,NA,NA,NA,286.488
1995-06-24,31.824,NA,NA,NA,286.451
1995-06-25,30.751,NA,NA,NA,286.414
1995-06-26,29.768,NA,NA,NA,286.381
1995-06-27,28.783,NA,NA,NA,286.347
1995-06-28,28.068,NA,NA,NA,286.323
1995-06-29,27.352,NA,NA,NA,286.299
1995-06-30,26.279,NA,NA,NA,286.262
1995-07-01,25.206,NA,NA,NA,286.225
1995-07-02,24.207,NA,NA,NA,286.189
1995-07-03,23.899,NA,NA,NA,286.177
1995-07-04,27.352,NA,NA,NA,286.299
1995-07-05,34.091,NA,NA,NA,286.527
1995-07-06,36.863,NA,NA,NA,286.616
1995-07-07,45.17,NA,NA,NA,286.872
1995-07-08,52.719,NA,NA,NA,287.079
1995-07-09,58.96,NA,NA,NA,287.244
1995-07-10,62.476,NA,NA,NA,287.335
1995-07-11,62.944,NA,NA,NA,287.347
1995-07-12,62.007,NA,NA,NA,287.323
1995-07-13,59.663,NA,NA,NA,287.262
1995-07-14,56.382,NA,NA,NA,287.176
1995-07-15,53.163,NA,NA,NA,287.091
1995-07-16,49.278,NA,NA,NA,286.984
1995-07-17,45.17,NA,NA,NA,286.872
1995-07-18,42.025,NA,NA,NA,286.78
1995-07-19,39.539,NA,NA,NA,286.701
1995-07-20,38.392,NA,NA,NA,286.664
1995-07-21,36.671,NA,NA,NA,286.61
1995-07-22,35.715,NA,NA,NA,286.579
1995-07-23,33.995,NA,NA,NA,286.524
1995-07-24,32.718,NA,NA,NA,286.482
1995-07-25,31.645,NA,NA,NA,286.445
1995-07-26,30.93,NA,NA,NA,286.421
1995-07-27,28.783,NA,NA,NA,286.347
1995-07-28,29.856,NA,NA,NA,286.384
1995-07-29,29.141,NA,NA,NA,286.36
1995-07-30,28.962,NA,NA,NA,286.354
1995-07-31,28.783,NA,NA,NA,286.347
1995-08-01,28.783,NA,NA,NA,286.347
1995-08-02,28.426,NA,NA,NA,286.335
1995-08-03,28.426,NA,NA,NA,286.335
1995-08-04,29.499,NA,NA,NA,286.372
1995-08-05,29.141,NA,NA,NA,286.36
1995-08-06,28.962,NA,NA,NA,286.354
1995-08-07,28.783,NA,NA,NA,286.347
1995-08-08,28.068,NA,NA,NA,286.323
1995-08-09,29.32,NA,NA,NA,286.366
1995-08-10,28.962,NA,NA,NA,286.354
1995-08-11,29.32,NA,NA,NA,286.366
1995-08-12,29.32,NA,NA,NA,286.366
1995-08-13,29.32,NA,NA,NA,286.366
1995-08-14,31.198,NA,NA,NA,286.43
1995-08-15,31.645,NA,NA,NA,286.445
1995-08-16,32.003,NA,NA,NA,286.457
1995-08-17,31.645,NA,NA,NA,286.445
1995-08-18,32.003,NA,NA,NA,286.457
1995-08-19,31.824,NA,NA,NA,286.451
1995-08-20,32.003,NA,NA,NA,286.457
1995-08-21,31.645,NA,NA,NA,286.445
1995-08-22,30.93,NA,NA,NA,286.421
1995-08-23,30.572,NA,NA,NA,286.408
1995-08-24,29.856,NA,NA,NA,286.384
1995-08-25,29.141,NA,NA,NA,286.36
1995-08-26,28.962,NA,NA,NA,286.354
1995-08-27,28.694,NA,NA,NA,286.344
1995-08-28,28.604,NA,NA,NA,286.341
1995-08-29,28.962,NA,NA,NA,286.354
1995-08-30,29.32,NA,NA,NA,286.366
1995-08-31,29.678,NA,NA,NA,286.378
1995-09-01,29.499,NA,NA,NA,286.372
1995-09-02,29.589,NA,NA,NA,286.375
1995-09-03,29.499,NA,NA,NA,286.372
1995-09-04,29.589,NA,NA,NA,286.375
1995-09-05,30.035,NA,NA,NA,286.39
1995-09-06,29.678,NA,NA,NA,286.378
1995-09-07,30.393,NA,NA,NA,286.402
1995-09-08,30.035,NA,NA,NA,286.39
1995-09-09,29.141,NA,NA,NA,286.36
1995-09-10,28.247,NA,NA,NA,286.329
1995-09-11,28.604,NA,NA,NA,286.341
1995-09-12,28.247,NA,NA,NA,286.329
1995-09-13,27.889,NA,NA,NA,286.317
1995-09-14,27.174,NA,NA,NA,286.293
1995-09-15,25.027,NA,NA,NA,286.219
1995-09-16,24.938,NA,NA,NA,286.216
1995-09-17,24.848,NA,NA,NA,286.213
1995-09-18,24.67,NA,NA,NA,286.207
1995-09-19,24.361,NA,NA,NA,286.195
1995-09-20,23.744,NA,NA,NA,286.171
1995-09-21,23.128,NA,NA,NA,286.146
1995-09-22,22.511,NA,NA,NA,286.122
1995-09-23,22.357,NA,NA,NA,286.116
1995-09-24,22.126,NA,NA,NA,286.107
1995-09-25,21.894,NA,NA,NA,286.097
1995-09-26,21.74,NA,NA,NA,286.091
1995-09-27,21.432,NA,NA,NA,286.079
1995-09-28,21.278,NA,NA,NA,286.073
1995-09-29,20.661,NA,NA,NA,286.049
1995-09-30,24.67,NA,NA,NA,286.207
1995-10-01,26.458,NA,NA,NA,286.268
1995-10-02,27.889,NA,NA,NA,286.317
1995-10-03,26.1,NA,NA,NA,286.256
1995-10-04,28.247,NA,NA,NA,286.329
1995-10-05,31.108,NA,NA,NA,286.427
1995-10-06,33.612,NA,NA,NA,286.512
1995-10-07,35.142,NA,NA,NA,286.561
1995-10-08,35.907,NA,NA,NA,286.585
1995-10-09,37.054,NA,NA,NA,286.622
1995-10-10,37.436,NA,NA,NA,286.634
1995-10-11,37.818,NA,NA,NA,286.646
1995-10-12,38.201,NA,NA,NA,286.658
1995-10-13,39.348,NA,NA,NA,286.695
1995-10-14,39.73,NA,NA,NA,286.707
1995-10-15,38.966,NA,NA,NA,286.683
1995-10-16,38.583,NA,NA,NA,286.67
1995-10-17,39.348,NA,NA,NA,286.695
1995-10-18,38.583,NA,NA,NA,286.67
1995-10-19,37.627,NA,NA,NA,286.64
1995-10-20,37.054,NA,NA,NA,286.622
1995-10-21,34.377,NA,NA,NA,286.536
1995-10-22,33.995,NA,NA,NA,286.524
1995-10-23,33.804,NA,NA,NA,286.518
1995-10-24,33.255,NA,NA,NA,286.5
1995-10-25,33.255,NA,NA,NA,286.5
1995-10-26,33.433,NA,NA,NA,286.506
1995-10-27,35.142,NA,NA,NA,286.561
1995-10-28,34.951,NA,NA,NA,286.555
1995-10-29,37.818,NA,NA,NA,286.646
1995-10-30,40.495,NA,NA,NA,286.731
1995-10-31,42.789,NA,NA,NA,286.805
1995-11-01,44.06,NA,NA,NA,286.841
1995-11-02,44.06,NA,NA,NA,286.841
1995-11-03,43.172,NA,NA,NA,286.817
1995-11-04,41.26,NA,NA,NA,286.756
1995-11-05,40.686,NA,NA,NA,286.738
1995-11-06,40.113,NA,NA,NA,286.719
1995-11-07,40.304,NA,NA,NA,286.725
1995-11-08,39.922,NA,NA,NA,286.713
1995-11-09,39.73,NA,NA,NA,286.707
1995-11-10,39.157,NA,NA,NA,286.689
1995-11-11,37.818,NA,NA,NA,286.646
1995-11-12,37.245,NA,NA,NA,286.628
1995-11-13,35.142,NA,NA,NA,286.561
1995-11-14,34.951,NA,NA,NA,286.555
1995-11-15,34.759,NA,NA,NA,286.549
1995-11-16,34.186,NA,NA,NA,286.53
1995-11-17,33.995,NA,NA,NA,286.524
1995-11-18,33.433,NA,NA,NA,286.506
1995-11-19,32.897,NA,NA,NA,286.488
1995-11-20,32.539,NA,NA,NA,286.475
1995-11-21,32.181,NA,NA,NA,286.463
1995-11-22,31.287,NA,NA,NA,286.433
1995-11-23,30.572,NA,NA,NA,286.408
1995-11-24,30.035,NA,NA,NA,286.39
1995-11-25,29.678,NA,NA,NA,286.378
1995-11-26,29.141,NA,NA,NA,286.36
1995-11-27,28.962,NA,NA,NA,286.354
1995-11-28,28.604,NA,NA,NA,286.341
1995-11-29,28.426,NA,NA,NA,286.335
1995-11-30,27.352,NA,NA,NA,286.299
1995-12-01,26.19,NA,NA,NA,286.259
1995-12-02,26.1,NA,NA,NA,286.256
1995-12-03,26.1,NA,NA,NA,286.256
1995-12-04,25.743,NA,NA,NA,286.244
1995-12-05,26.1,NA,NA,NA,286.256
1995-12-06,25.743,NA,NA,NA,286.244
1995-12-07,25.385,NA,NA,NA,286.232
1995-12-08,25.385,NA,NA,NA,286.232
1995-12-09,25.027,NA,NA,NA,286.219
1995-12-10,25.027,NA,NA,NA,286.219
1995-12-11,24.67,NA,NA,NA,286.207
1995-12-12,24.67,NA,NA,NA,286.207
1995-12-13,24.67,NA,NA,NA,286.207
1995-12-14,24.67,NA,NA,NA,286.207
1995-12-15,23.436,NA,NA,NA,286.158
1995-12-16,23.436,NA,NA,NA,286.158
1995-12-17,23.128,NA,NA,NA,286.146
1995-12-18,22.819,NA,NA,NA,286.134
1995-12-19,22.819,NA,NA,NA,286.134
1995-12-20,22.819,NA,NA,NA,286.134
1995-12-21,22.819,NA,NA,NA,286.134
1995-12-22,22.819,NA,NA,NA,286.134
1995-12-23,22.819,NA,NA,NA,286.134
1995-12-24,22.819,NA,NA,NA,286.134
1995-12-25,22.743,NA,NA,NA,286.131
1995-12-26,22.665,NA,NA,NA,286.128
1995-12-27,22.511,NA,NA,NA,286.122
1995-12-28,22.203,NA,NA,NA,286.11
1995-12-29,22.203,NA,NA,NA,286.11
1995-12-30,22.203,NA,NA,NA,286.11
1995-12-31,22.203,NA,NA,NA,286.11
1996-01-01,22.203,NA,NA,NA,286.11
1996-01-02,22.203,NA,NA,NA,286.11
1996-01-03,22.203,NA,NA,NA,286.11
1996-01-04,21.894,NA,NA,NA,286.097
1996-01-05,21.894,NA,NA,NA,286.097
1996-01-06,21.972,NA,NA,NA,286.101
1996-01-07,22.048,NA,NA,NA,286.104
1996-01-08,22.203,NA,NA,NA,286.11
1996-01-09,22.203,NA,NA,NA,286.11
1996-01-10,22.203,NA,NA,NA,286.11
1996-01-11,19.119,NA,NA,NA,285.988
1996-01-12,19.119,NA,NA,NA,285.988
1996-01-13,19.273,NA,NA,NA,285.994
1996-01-14,19.273,NA,NA,NA,285.994
1996-01-15,19.427,NA,NA,NA,286
1996-01-16,19.581,NA,NA,NA,286.006
1996-01-17,19.581,NA,NA,NA,286.006
1996-01-18,19.505,NA,NA,NA,286.003
1996-01-19,19.427,NA,NA,NA,286
1996-01-20,19.427,NA,NA,NA,286
1996-01-21,19.197,NA,NA,NA,285.991
1996-01-22,18.811,NA,NA,NA,285.976
1996-01-23,18.348,NA,NA,NA,285.957
1996-01-24,18.194,NA,NA,NA,285.951
1996-01-25,17.885,NA,NA,NA,285.939
1996-01-26,17.577,NA,NA,NA,285.927
1996-01-27,17.577,NA,NA,NA,285.927
1996-01-28,17.577,NA,NA,NA,285.927
1996-01-29,17.577,NA,NA,NA,285.927
1996-01-30,17.577,NA,NA,NA,285.927
1996-01-31,17.423,NA,NA,NA,285.921
1996-02-01,17.423,NA,NA,NA,285.921
1996-02-02,17.269,NA,NA,NA,285.915
1996-02-03,17.269,NA,NA,NA,285.915
1996-02-04,17.269,NA,NA,NA,285.915
1996-02-05,17.269,NA,NA,NA,285.915
1996-02-06,17.269,NA,NA,NA,285.915
1996-02-07,17.269,NA,NA,NA,285.915
1996-02-08,17.269,NA,NA,NA,285.915
1996-02-09,17.269,NA,NA,NA,285.915
1996-02-10,17.269,NA,NA,NA,285.915
1996-02-11,17.346,NA,NA,NA,285.918
1996-02-12,17.423,NA,NA,NA,285.921
1996-02-13,17.423,NA,NA,NA,285.921
1996-02-14,17.577,NA,NA,NA,285.927
1996-02-15,17.577,NA,NA,NA,285.927
1996-02-16,17.577,NA,NA,NA,285.927
1996-02-17,17.885,NA,NA,NA,285.939
1996-02-18,18.272,NA,NA,NA,285.954
1996-02-19,18.502,NA,NA,NA,285.963
1996-02-20,18.811,NA,NA,NA,285.976
1996-02-21,18.811,NA,NA,NA,285.976
1996-02-22,19.273,NA,NA,NA,285.994
1996-02-23,20.044,NA,NA,NA,286.024
1996-02-24,20.969,NA,NA,NA,286.061
1996-02-25,21.586,NA,NA,NA,286.085
1996-02-26,22.203,NA,NA,NA,286.11
1996-02-27,22.819,NA,NA,NA,286.134
1996-02-28,22.974,NA,NA,NA,286.14
1996-02-29,22.665,NA,NA,NA,286.128
1996-03-01,23.128,NA,NA,NA,286.146
1996-03-02,23.744,NA,NA,NA,286.171
1996-03-03,23.744,NA,NA,NA,286.171
1996-03-04,23.744,NA,NA,NA,286.171
1996-03-05,23.744,NA,NA,NA,286.171
1996-03-06,24.053,NA,NA,NA,286.183
1996-03-07,23.899,NA,NA,NA,286.177
1996-03-08,23.744,NA,NA,NA,286.171
1996-03-09,23.436,NA,NA,NA,286.158
1996-03-10,23.128,NA,NA,NA,286.146
1996-03-11,22.819,NA,NA,NA,286.134
1996-03-12,22.665,NA,NA,NA,286.128
1996-03-13,23.128,NA,NA,NA,286.146
1996-03-14,24.67,NA,NA,NA,286.207
1996-03-15,29.678,NA,NA,NA,286.378
1996-03-16,33.612,NA,NA,NA,286.512
1996-03-17,39.922,NA,NA,NA,286.713
1996-03-18,44.726,NA,NA,NA,286.859
1996-03-19,47.168,NA,NA,NA,286.927
1996-03-20,47.612,NA,NA,NA,286.939
1996-03-21,48.056,NA,NA,NA,286.951
1996-03-22,47.612,NA,NA,NA,286.939
1996-03-23,47.168,NA,NA,NA,286.927
1996-03-24,46.724,NA,NA,NA,286.914
1996-03-25,42.789,NA,NA,NA,286.805
1996-03-26,41.451,NA,NA,NA,286.762
1996-03-27,40.686,NA,NA,NA,286.738
1996-03-28,39.539,NA,NA,NA,286.701
1996-03-29,38.966,NA,NA,NA,286.683
1996-03-30,38.966,NA,NA,NA,286.683
1996-03-31,38.966,NA,NA,NA,286.683
1996-04-01,38.966,NA,NA,NA,286.683
1996-04-02,38.966,NA,NA,NA,286.683
1996-04-03,39.73,NA,NA,NA,286.707
1996-04-04,39.73,NA,NA,NA,286.707
1996-04-05,40.113,NA,NA,NA,286.719
1996-04-06,40.878,NA,NA,NA,286.744
1996-04-07,41.642,NA,NA,NA,286.768
1996-04-08,44.06,NA,NA,NA,286.841
1996-04-09,44.504,NA,NA,NA,286.853
1996-04-10,41.833,NA,NA,NA,286.774
1996-04-11,40.495,NA,NA,NA,286.731
1996-04-12,39.922,NA,NA,NA,286.713
1996-04-13,40.495,NA,NA,NA,286.731
1996-04-14,40.495,NA,NA,NA,286.731
1996-04-15,40.495,NA,NA,NA,286.731
1996-04-16,40.878,NA,NA,NA,286.744
1996-04-17,40.686,NA,NA,NA,286.738
1996-04-18,40.878,NA,NA,NA,286.744
1996-04-19,40.495,NA,NA,NA,286.731
1996-04-20,40.113,NA,NA,NA,286.719
1996-04-21,40.113,NA,NA,NA,286.719
1996-04-22,38.966,NA,NA,NA,286.683
1996-04-23,38.583,NA,NA,NA,286.67
1996-04-24,36.863,NA,NA,NA,286.616
1996-04-25,37.054,NA,NA,NA,286.622
1996-04-26,34.759,NA,NA,NA,286.549
1996-04-27,33.612,NA,NA,NA,286.512
1996-04-28,33.612,NA,NA,NA,286.512
1996-04-29,33.255,NA,NA,NA,286.5
1996-04-30,32.539,NA,NA,NA,286.475
1996-05-01,32.539,NA,NA,NA,286.475
1996-05-02,32.181,NA,NA,NA,286.463
1996-05-03,32.181,NA,NA,NA,286.463
1996-05-04,31.377,NA,NA,NA,286.436
1996-05-05,30.93,NA,NA,NA,286.421
1996-05-06,30.393,NA,NA,NA,286.402
1996-05-07,31.108,NA,NA,NA,286.427
1996-05-08,31.108,NA,NA,NA,286.427
1996-05-09,31.108,NA,NA,NA,286.427
1996-05-10,32.181,NA,NA,NA,286.463
1996-05-11,32.718,NA,NA,NA,286.482
1996-05-12,32.629,NA,NA,NA,286.478
1996-05-13,32.539,NA,NA,NA,286.475
1996-05-14,29.678,NA,NA,NA,286.378
1996-05-15,33.255,NA,NA,NA,286.5
1996-05-16,33.433,NA,NA,NA,286.506
1996-05-17,32.539,NA,NA,NA,286.475
1996-05-18,34.091,NA,NA,NA,286.527
1996-05-19,35.524,NA,NA,NA,286.573
1996-05-20,36.289,NA,NA,NA,286.597
1996-05-21,38.583,NA,NA,NA,286.67
1996-05-22,40.686,NA,NA,NA,286.738
1996-05-23,42.025,NA,NA,NA,286.78
1996-05-24,42.789,NA,NA,NA,286.805
1996-05-25,43.172,NA,NA,NA,286.817
1996-05-26,42.789,NA,NA,NA,286.805
1996-05-27,41.26,NA,NA,NA,286.756
1996-05-28,41.642,NA,NA,NA,286.768
1996-05-29,41.642,NA,NA,NA,286.768
1996-05-30,40.495,NA,NA,NA,286.731
1996-05-31,39.539,NA,NA,NA,286.701
1996-06-01,40.113,NA,NA,NA,286.719
1996-06-02,39.348,NA,NA,NA,286.695
1996-06-03,38.966,NA,NA,NA,286.683
1996-06-04,38.01,NA,NA,NA,286.652
1996-06-05,37.818,NA,NA,NA,286.646
1996-06-06,39.157,NA,NA,NA,286.689
1996-06-07,39.348,NA,NA,NA,286.695
1996-06-08,38.392,NA,NA,NA,286.664
1996-06-09,37.436,NA,NA,NA,286.634
1996-06-10,37.818,NA,NA,NA,286.646
1996-06-11,37.054,NA,NA,NA,286.622
1996-06-12,36.289,NA,NA,NA,286.597
1996-06-13,35.142,NA,NA,NA,286.561
1996-06-14,34.377,NA,NA,NA,286.536
1996-06-15,32.718,NA,NA,NA,286.482
1996-06-16,32.272,NA,NA,NA,286.466
1996-06-17,31.824,NA,NA,NA,286.451
1996-06-18,30.751,NA,NA,NA,286.414
1996-06-19,30.035,NA,NA,NA,286.39
1996-06-20,29.499,NA,NA,NA,286.372
1996-06-21,27.531,NA,NA,NA,286.305
1996-06-22,27.531,NA,NA,NA,286.305
1996-06-23,27.352,NA,NA,NA,286.299
1996-06-24,27.174,NA,NA,NA,286.293
1996-06-25,27.174,NA,NA,NA,286.293
1996-06-26,27.174,NA,NA,NA,286.293
1996-06-27,27.174,NA,NA,NA,286.293
1996-06-28,26.279,NA,NA,NA,286.262
1996-06-29,25.564,NA,NA,NA,286.238
1996-06-30,24.67,NA,NA,NA,286.207
1996-07-01,24.053,NA,NA,NA,286.183
1996-07-02,23.744,NA,NA,NA,286.171
1996-07-03,23.128,NA,NA,NA,286.146
1996-07-04,22.743,NA,NA,NA,286.131
1996-07-05,22.511,NA,NA,NA,286.122
1996-07-06,22.665,NA,NA,NA,286.128
1996-07-07,22.819,NA,NA,NA,286.134
1996-07-08,23.436,NA,NA,NA,286.158
1996-07-09,22.511,NA,NA,NA,286.122
1996-07-10,20.738,NA,NA,NA,286.052
1996-07-11,20.738,NA,NA,NA,286.052
1996-07-12,20.738,NA,NA,NA,286.052
1996-07-13,19.813,NA,NA,NA,286.015
1996-07-14,20.122,NA,NA,NA,286.027
1996-07-15,20.122,NA,NA,NA,286.027
1996-07-16,20.122,NA,NA,NA,286.027
1996-07-17,20.122,NA,NA,NA,286.027
1996-07-18,20.122,NA,NA,NA,286.027
1996-07-19,20.122,NA,NA,NA,286.027
1996-07-20,20.044,NA,NA,NA,286.024
1996-07-21,19.89,NA,NA,NA,286.018
1996-07-22,19.813,NA,NA,NA,286.015
1996-07-23,19.813,NA,NA,NA,286.015
1996-07-24,19.351,NA,NA,NA,285.997
1996-07-25,19.042,NA,NA,NA,285.985
1996-07-26,18.426,NA,NA,NA,285.96
1996-07-27,18.58,NA,NA,NA,285.966
1996-07-28,18.888,NA,NA,NA,285.979
1996-07-29,19.197,NA,NA,NA,285.991
1996-07-30,19.197,NA,NA,NA,285.991
1996-07-31,19.505,NA,NA,NA,286.003
1996-08-01,19.505,NA,NA,NA,286.003
1996-08-02,19.197,NA,NA,NA,285.991
1996-08-03,19.042,NA,NA,NA,285.985
1996-08-04,19.042,NA,NA,NA,285.985
1996-08-05,18.888,NA,NA,NA,285.979
1996-08-06,17.963,NA,NA,NA,285.942
1996-08-07,19.505,NA,NA,NA,286.003
1996-08-08,19.197,NA,NA,NA,285.991
1996-08-09,18.888,NA,NA,NA,285.979
1996-08-10,18.965,NA,NA,NA,285.982
1996-08-11,19.042,NA,NA,NA,285.985
1996-08-12,19.197,NA,NA,NA,285.991
1996-08-13,18.734,NA,NA,NA,285.973
1996-08-14,19.197,NA,NA,NA,285.991
1996-08-15,19.659,NA,NA,NA,286.009
1996-08-16,19.505,NA,NA,NA,286.003
1996-08-17,19.273,NA,NA,NA,285.994
1996-08-18,19.042,NA,NA,NA,285.985
1996-08-19,18.888,NA,NA,NA,285.979
1996-08-20,19.197,NA,NA,NA,285.991
1996-08-21,18.272,NA,NA,NA,285.954
1996-08-22,18.58,NA,NA,NA,285.966
1996-08-23,18.888,NA,NA,NA,285.979
1996-08-24,18.502,NA,NA,NA,285.963
1996-08-25,18.348,NA,NA,NA,285.957
1996-08-26,18.272,NA,NA,NA,285.954
1996-08-27,17.655,NA,NA,NA,285.93
1996-08-28,16.804,NA,NA,NA,285.893
1996-08-29,17.346,NA,NA,NA,285.918
1996-08-30,16.594,NA,NA,NA,285.881
1996-08-31,16.384,NA,NA,NA,285.869
1996-09-01,16.175,NA,NA,NA,285.857
1996-09-02,16.175,NA,NA,NA,285.857
1996-09-03,16.07,NA,NA,NA,285.851
1996-09-04,15.965,NA,NA,NA,285.844
1996-09-05,15.336,NA,NA,NA,285.808
1996-09-06,15.441,NA,NA,NA,285.814
1996-09-07,15.86,NA,NA,NA,285.838
1996-09-08,16.175,NA,NA,NA,285.857
1996-09-09,17.346,NA,NA,NA,285.918
1996-09-10,17.655,NA,NA,NA,285.93
1996-09-11,17.731,NA,NA,NA,285.933
1996-09-12,17.423,NA,NA,NA,285.921
1996-09-13,17.423,NA,NA,NA,285.921
1996-09-14,17.115,NA,NA,NA,285.908
1996-09-15,16.96,NA,NA,NA,285.902
1996-09-16,16.646,NA,NA,NA,285.884
1996-09-17,16.856,NA,NA,NA,285.896
1996-09-18,16.856,NA,NA,NA,285.896
1996-09-19,16.646,NA,NA,NA,285.884
1996-09-20,16.226,NA,NA,NA,285.86
1996-09-21,17.731,NA,NA,NA,285.933
1996-09-22,17.731,NA,NA,NA,285.933
1996-09-23,17.731,NA,NA,NA,285.933
1996-09-24,17.577,NA,NA,NA,285.927
1996-09-25,17.115,NA,NA,NA,285.908
1996-09-26,17.885,NA,NA,NA,285.939
1996-09-27,16.856,NA,NA,NA,285.896
1996-09-28,15.597,NA,NA,NA,285.823
1996-09-29,15.65,NA,NA,NA,285.826
1996-09-30,15.702,NA,NA,NA,285.829
1996-10-01,15.807,NA,NA,NA,285.835
1996-10-02,16.856,NA,NA,NA,285.896
1996-10-03,15.388,NA,NA,NA,285.811
1996-10-04,14.654,NA,NA,NA,285.768
1996-10-05,14.863,NA,NA,NA,285.78
1996-10-06,15.126,NA,NA,NA,285.796
1996-10-07,15.388,NA,NA,NA,285.811
1996-10-08,15.388,NA,NA,NA,285.811
1996-10-09,16.122,NA,NA,NA,285.854
1996-10-10,15.597,NA,NA,NA,285.823
1996-10-11,14.968,NA,NA,NA,285.787
1996-10-12,15.073,NA,NA,NA,285.793
1996-10-13,15.231,NA,NA,NA,285.802
1996-10-14,15.388,NA,NA,NA,285.811
1996-10-15,15.597,NA,NA,NA,285.823
1996-10-16,15.597,NA,NA,NA,285.823
1996-10-17,21.123,NA,NA,NA,286.067
1996-10-18,16.646,NA,NA,NA,285.884
1996-10-19,16.909,NA,NA,NA,285.899
1996-10-20,17.346,NA,NA,NA,285.918
1996-10-21,17.885,NA,NA,NA,285.939
1996-10-22,18.04,NA,NA,NA,285.945
1996-10-23,18.348,NA,NA,NA,285.957
1996-10-24,18.04,NA,NA,NA,285.945
1996-10-25,17.731,NA,NA,NA,285.933
1996-10-26,17.731,NA,NA,NA,285.933
1996-10-27,17.885,NA,NA,NA,285.939
1996-10-28,18.04,NA,NA,NA,285.945
1996-10-29,17.731,NA,NA,NA,285.933
1996-10-30,32.003,NA,NA,NA,286.457
1996-10-31,32.003,NA,NA,NA,286.457
1996-11-01,32.003,NA,NA,NA,286.457
1996-11-02,32.003,NA,NA,NA,286.457
1996-11-03,32.003,NA,NA,NA,286.457
1996-11-04,32.003,NA,NA,NA,286.457
1996-11-05,32.003,NA,NA,NA,286.457
1996-11-06,32.003,NA,NA,NA,286.457
1996-11-07,20.507,NA,NA,NA,286.043
1996-11-08,20.815,NA,NA,NA,286.055
1996-11-09,20.815,NA,NA,NA,286.055
1996-11-10,20.044,NA,NA,NA,286.024
1996-11-11,19.273,NA,NA,NA,285.994
1996-11-12,19.273,NA,NA,NA,285.994
1996-11-13,19.273,NA,NA,NA,285.994
1996-11-14,19.273,NA,NA,NA,285.994
1996-11-15,19.273,NA,NA,NA,285.994
1996-11-16,19.351,NA,NA,NA,285.997
1996-11-17,19.351,NA,NA,NA,285.997
1996-11-18,19.427,NA,NA,NA,286
1996-11-19,19.273,NA,NA,NA,285.994
1996-11-20,19.427,NA,NA,NA,286
1996-11-21,19.581,NA,NA,NA,286.006
1996-11-22,19.427,NA,NA,NA,286
1996-11-23,19.351,NA,NA,NA,285.997
1996-11-24,19.351,NA,NA,NA,285.997
1996-11-25,19.273,NA,NA,NA,285.994
1996-11-26,19.273,NA,NA,NA,285.994
1996-11-27,19.119,NA,NA,NA,285.988
1996-11-28,19.119,NA,NA,NA,285.988
1996-11-29,19.042,NA,NA,NA,285.985
1996-11-30,19.042,NA,NA,NA,285.985
1996-12-01,18.965,NA,NA,NA,285.982
1996-12-02,18.965,NA,NA,NA,285.982
1996-12-03,18.965,NA,NA,NA,285.982
1996-12-04,18.811,NA,NA,NA,285.976
1996-12-05,18.965,NA,NA,NA,285.982
1996-12-06,18.811,NA,NA,NA,285.976
1996-12-07,18.502,NA,NA,NA,285.963
1996-12-08,18.348,NA,NA,NA,285.957
1996-12-09,18.04,NA,NA,NA,285.945
1996-12-10,18.04,NA,NA,NA,285.945
1996-12-11,18.04,NA,NA,NA,285.945
1996-12-12,18.04,NA,NA,NA,285.945
1996-12-13,18.04,NA,NA,NA,285.945
1996-12-14,18.04,NA,NA,NA,285.945
1996-12-15,18.04,NA,NA,NA,285.945
1996-12-16,18.04,NA,NA,NA,285.945
1996-12-17,17.731,NA,NA,NA,285.933
1996-12-18,17.577,NA,NA,NA,285.927
1996-12-19,17.423,NA,NA,NA,285.921
1996-12-20,17.423,NA,NA,NA,285.921
1996-12-21,17.423,NA,NA,NA,285.921
1996-12-22,17.423,NA,NA,NA,285.921
1996-12-23,17.423,NA,NA,NA,285.921
1996-12-24,17.731,NA,NA,NA,285.933
1996-12-25,17.577,NA,NA,NA,285.927
1996-12-26,17.423,NA,NA,NA,285.921
1996-12-27,17.885,NA,NA,NA,285.939
1996-12-28,17.885,NA,NA,NA,285.939
1996-12-29,17.885,NA,NA,NA,285.939
1996-12-30,17.885,NA,NA,NA,285.939
1996-12-31,17.885,NA,NA,NA,285.939
1997-01-01,17.885,NA,NA,NA,285.939
1997-01-02,17.885,NA,NA,NA,285.939
1997-01-03,17.885,NA,NA,NA,285.939
1997-01-04,17.885,NA,NA,NA,285.939
1997-01-05,17.885,NA,NA,NA,285.939
1997-01-06,17.885,NA,NA,NA,285.939
1997-01-07,17.885,NA,NA,NA,285.939
1997-01-08,18.734,NA,NA,NA,285.973
1997-01-09,18.734,NA,NA,NA,285.973
1997-01-10,18.734,NA,NA,NA,285.973
1997-01-11,18.734,NA,NA,NA,285.973
1997-01-12,18.734,NA,NA,NA,285.973
1997-01-13,18.734,NA,NA,NA,285.973
1997-01-14,18.734,NA,NA,NA,285.973
1997-01-15,18.734,NA,NA,NA,285.973
1997-01-16,18.734,NA,NA,NA,285.973
1997-01-17,18.734,NA,NA,NA,285.973
1997-01-18,18.734,NA,NA,NA,285.973
1997-01-19,18.734,NA,NA,NA,285.973
1997-01-20,18.734,NA,NA,NA,285.973
1997-01-21,18.734,NA,NA,NA,285.973
1997-01-22,18.734,NA,NA,NA,285.973
1997-01-23,18.734,NA,NA,NA,285.973
1997-01-24,18.734,NA,NA,NA,285.973
1997-01-25,18.734,NA,NA,NA,285.973
1997-01-26,18.734,NA,NA,NA,285.973
1997-01-27,18.734,NA,NA,NA,285.973
1997-01-28,18.734,NA,NA,NA,285.973
1997-01-29,18.734,NA,NA,NA,285.973
1997-01-30,18.734,NA,NA,NA,285.973
1997-01-31,18.734,NA,NA,NA,285.973
1997-02-01,18.734,NA,NA,NA,285.973
1997-02-02,18.734,NA,NA,NA,285.973
1997-02-03,18.734,NA,NA,NA,285.973
1997-02-04,18.734,NA,NA,NA,285.973
1997-02-05,18.734,NA,NA,NA,285.973
1997-02-06,18.734,NA,NA,NA,285.973
1997-02-07,18.734,NA,NA,NA,285.973
1997-02-08,18.734,NA,NA,NA,285.973
1997-02-09,18.734,NA,NA,NA,285.973
1997-02-10,18.734,NA,NA,NA,285.973
1997-02-11,18.734,NA,NA,NA,285.973
1997-02-12,18.734,NA,NA,NA,285.973
1997-02-13,18.734,NA,NA,NA,285.973
1997-02-14,18.734,NA,NA,NA,285.973
1997-02-15,18.734,NA,NA,NA,285.973
1997-02-16,18.734,NA,NA,NA,285.973
1997-02-17,18.734,NA,NA,NA,285.973
1997-02-18,18.734,NA,NA,NA,285.973
1997-02-19,18.734,NA,NA,NA,285.973
1997-02-20,18.734,NA,NA,NA,285.973
1997-02-21,18.734,NA,NA,NA,285.973
1997-02-22,18.734,NA,NA,NA,285.973
1997-02-23,18.734,NA,NA,NA,285.973
1997-02-24,18.888,NA,NA,NA,285.979
1997-02-25,19.273,NA,NA,NA,285.994
1997-02-26,19.659,NA,NA,NA,286.009
1997-02-27,20.044,NA,NA,NA,286.024
1997-02-28,20.43,NA,NA,NA,286.04
1997-03-01,22.819,NA,NA,NA,286.134
1997-03-02,20.044,NA,NA,NA,286.024
1997-03-03,19.968,NA,NA,NA,286.021
1997-03-04,22.897,NA,NA,NA,286.137
1997-03-05,23.282,NA,NA,NA,286.152
1997-03-06,23.822,NA,NA,NA,286.174
1997-03-07,24.131,NA,NA,NA,286.186
1997-03-08,23.668,NA,NA,NA,286.168
1997-03-09,24.053,NA,NA,NA,286.183
1997-03-10,28.337,NA,NA,NA,286.332
1997-03-11,28.604,NA,NA,NA,286.341
1997-03-12,30.662,NA,NA,NA,286.411
1997-03-13,32.539,NA,NA,NA,286.475
1997-03-14,32.987,NA,NA,NA,286.491
1997-03-15,34.091,NA,NA,NA,286.527
1997-03-16,36.671,NA,NA,NA,286.61
1997-03-17,38.583,NA,NA,NA,286.67
1997-03-18,35.047,NA,NA,NA,286.558
1997-03-19,38.966,NA,NA,NA,286.683
1997-03-20,40.686,NA,NA,NA,286.738
1997-03-21,35.812,NA,NA,NA,286.582
1997-03-22,36.48,NA,NA,NA,286.603
1997-03-23,36.671,NA,NA,NA,286.61
1997-03-24,36.959,NA,NA,NA,286.619
1997-03-25,32.629,NA,NA,NA,286.478
1997-03-26,42.216,NA,NA,NA,286.786
1997-03-27,32.272,NA,NA,NA,286.466
1997-03-28,33.612,NA,NA,NA,286.512
1997-03-29,47.612,NA,NA,NA,286.939
1997-03-30,48.389,NA,NA,NA,286.96
1997-03-31,34.759,NA,NA,NA,286.549
1997-04-01,44.171,NA,NA,NA,286.844
1997-04-02,60.249,NA,NA,NA,287.277
1997-04-03,88.354,NA,NA,NA,287.92
1997-04-04,96.828,NA,NA,NA,288.097
1997-04-05,108.392,NA,NA,NA,288.326
1997-04-06,122.152,NA,NA,NA,288.579
1997-04-07,151.841,NA,NA,NA,289.115
1997-04-08,138.804,NA,NA,NA,288.892
1997-04-09,134.314,NA,NA,NA,288.807
1997-04-10,140.086,NA,NA,NA,288.917
1997-04-11,135.115,NA,NA,NA,288.822
1997-04-12,131.107,NA,NA,NA,288.746
1997-04-13,126.136,NA,NA,NA,288.652
1997-04-14,110.828,NA,NA,NA,288.371
1997-04-15,118.155,NA,NA,NA,288.505
1997-04-16,111.494,NA,NA,NA,288.383
1997-04-17,107.004,NA,NA,NA,288.298
1997-04-18,95.132,NA,NA,NA,288.063
1997-04-19,91.617,NA,NA,NA,287.99
1997-04-20,88.496,NA,NA,NA,287.923
1997-04-21,85.233,NA,NA,NA,287.853
1997-04-22,90.198,NA,NA,NA,287.96
1997-04-23,81.404,NA,NA,NA,287.771
1997-04-24,78.881,NA,NA,NA,287.716
1997-04-25,76.439,NA,NA,NA,287.661
1997-04-26,74.132,NA,NA,NA,287.609
1997-04-27,71.961,NA,NA,NA,287.561
1997-04-28,68.569,NA,NA,NA,287.484
1997-04-29,65.288,NA,NA,NA,287.408
1997-04-30,64.116,NA,NA,NA,287.378
1997-05-01,60.484,NA,NA,NA,287.283
1997-05-02,58.96,NA,NA,NA,287.244
1997-05-03,57.671,NA,NA,NA,287.21
1997-05-04,55.796,NA,NA,NA,287.161
1997-05-05,54.976,NA,NA,NA,287.14
1997-05-06,51.942,NA,NA,NA,287.058
1997-05-07,50.055,NA,NA,NA,287.006
1997-05-08,48.611,NA,NA,NA,286.966
1997-05-09,48.944,NA,NA,NA,286.975
1997-05-10,45.392,NA,NA,NA,286.878
1997-05-11,44.282,NA,NA,NA,286.847
1997-05-12,43.077,NA,NA,NA,286.814
1997-05-13,41.93,NA,NA,NA,286.777
1997-05-14,38.679,NA,NA,NA,286.674
1997-05-15,41.738,NA,NA,NA,286.771
1997-05-16,40.686,NA,NA,NA,286.738
1997-05-17,39.922,NA,NA,NA,286.713
1997-05-18,39.348,NA,NA,NA,286.695
1997-05-19,38.392,NA,NA,NA,286.664
1997-05-20,35.524,NA,NA,NA,286.573
1997-05-21,34.664,NA,NA,NA,286.546
1997-05-22,33.804,NA,NA,NA,286.518
1997-05-23,33.709,NA,NA,NA,286.515
1997-05-24,32.718,NA,NA,NA,286.482
1997-05-25,31.824,NA,NA,NA,286.451
1997-05-26,31.108,NA,NA,NA,286.427
1997-05-27,30.662,NA,NA,NA,286.411
1997-05-28,31.735,NA,NA,NA,286.448
1997-05-29,31.466,NA,NA,NA,286.439
1997-05-30,30.572,NA,NA,NA,286.408
1997-05-31,30.572,NA,NA,NA,286.408
1997-06-01,30.572,NA,NA,NA,286.408
1997-06-02,30.572,NA,NA,NA,286.408
1997-06-03,29.589,NA,NA,NA,286.375
1997-06-04,29.856,NA,NA,NA,286.384
1997-06-05,29.678,NA,NA,NA,286.378
1997-06-06,29.41,NA,NA,NA,286.369
1997-06-07,29.052,NA,NA,NA,286.357
1997-06-08,28.694,NA,NA,NA,286.344
1997-06-09,28.426,NA,NA,NA,286.335
1997-06-10,27.8,NA,NA,NA,286.314
1997-06-11,27.174,NA,NA,NA,286.293
1997-06-12,25.475,NA,NA,NA,286.235
1997-06-13,25.654,NA,NA,NA,286.241
1997-06-14,24.67,NA,NA,NA,286.207
1997-06-15,24.131,NA,NA,NA,286.186
1997-06-16,23.744,NA,NA,NA,286.171
1997-06-17,22.28,NA,NA,NA,286.113
1997-06-18,22.435,NA,NA,NA,286.119
1997-06-19,21.355,NA,NA,NA,286.076
1997-06-20,21.586,NA,NA,NA,286.085
1997-06-21,21.201,NA,NA,NA,286.07
1997-06-22,20.815,NA,NA,NA,286.055
1997-06-23,20.43,NA,NA,NA,286.04
1997-06-24,20.969,NA,NA,NA,286.061
1997-06-25,21.123,NA,NA,NA,286.067
1997-06-26,20.507,NA,NA,NA,286.043
1997-06-27,20.276,NA,NA,NA,286.033
1997-06-28,20.352,NA,NA,NA,286.037
1997-06-29,20.43,NA,NA,NA,286.04
1997-06-30,20.507,NA,NA,NA,286.043
1997-07-01,20.584,NA,NA,NA,286.046
1997-07-02,24.67,NA,NA,NA,286.207
1997-07-03,23.436,NA,NA,NA,286.158
1997-07-04,24.207,NA,NA,NA,286.189
1997-07-05,25.027,NA,NA,NA,286.219
1997-07-06,25.206,NA,NA,NA,286.225
1997-07-07,24.207,NA,NA,NA,286.189
1997-07-08,25.296,NA,NA,NA,286.229
1997-07-09,24.848,NA,NA,NA,286.213
1997-07-10,24.207,NA,NA,NA,286.189
1997-07-11,24.593,NA,NA,NA,286.204
1997-07-12,24.67,NA,NA,NA,286.207
1997-07-13,24.285,NA,NA,NA,286.192
1997-07-14,24.131,NA,NA,NA,286.186
1997-07-15,23.36,NA,NA,NA,286.155
1997-07-16,22.743,NA,NA,NA,286.131
1997-07-17,22.665,NA,NA,NA,286.128
1997-07-18,22.974,NA,NA,NA,286.14
1997-07-19,22.743,NA,NA,NA,286.131
1997-07-20,22.511,NA,NA,NA,286.122
1997-07-21,22.28,NA,NA,NA,286.113
1997-07-22,21.894,NA,NA,NA,286.097
1997-07-23,21.586,NA,NA,NA,286.085
1997-07-24,20.893,NA,NA,NA,286.058
1997-07-25,21.586,NA,NA,NA,286.085
1997-07-26,21.586,NA,NA,NA,286.085
1997-07-27,21.586,NA,NA,NA,286.085
1997-07-28,21.586,NA,NA,NA,286.085
1997-07-29,21.123,NA,NA,NA,286.067
1997-07-30,21.047,NA,NA,NA,286.064
1997-07-31,20.507,NA,NA,NA,286.043
1997-08-01,21.201,NA,NA,NA,286.07
1997-08-02,21.278,NA,NA,NA,286.073
1997-08-03,21.355,NA,NA,NA,286.076
1997-08-04,21.355,NA,NA,NA,286.076
1997-08-05,20.43,NA,NA,NA,286.04
1997-08-06,20.584,NA,NA,NA,286.046
1997-08-07,20.507,NA,NA,NA,286.043
1997-08-08,20.198,NA,NA,NA,286.03
1997-08-09,20.276,NA,NA,NA,286.033
1997-08-10,20.507,NA,NA,NA,286.043
1997-08-11,20.738,NA,NA,NA,286.052
1997-08-12,20.815,NA,NA,NA,286.055
1997-08-13,20.198,NA,NA,NA,286.03
1997-08-14,19.968,NA,NA,NA,286.021
1997-08-15,21.355,NA,NA,NA,286.076
1997-08-16,21.432,NA,NA,NA,286.079
1997-08-17,21.586,NA,NA,NA,286.085
1997-08-18,21.74,NA,NA,NA,286.091
1997-08-19,21.894,NA,NA,NA,286.097
1997-08-20,22.897,NA,NA,NA,286.137
1997-08-21,22.743,NA,NA,NA,286.131
1997-08-22,22.974,NA,NA,NA,286.14
1997-08-23,22.819,NA,NA,NA,286.134
1997-08-24,22.665,NA,NA,NA,286.128
1997-08-25,22.511,NA,NA,NA,286.122
1997-08-26,22.974,NA,NA,NA,286.14
1997-08-27,22.589,NA,NA,NA,286.125
1997-08-28,21.278,NA,NA,NA,286.073
1997-08-29,21.664,NA,NA,NA,286.088
1997-08-30,21.972,NA,NA,NA,286.101
1997-08-31,21.894,NA,NA,NA,286.097
1997-09-01,21.586,NA,NA,NA,286.085
1997-09-02,21.509,NA,NA,NA,286.082
1997-09-03,20.738,NA,NA,NA,286.052
1997-09-04,20.661,NA,NA,NA,286.049
1997-09-05,21.047,NA,NA,NA,286.064
1997-09-06,20.198,NA,NA,NA,286.03
1997-09-07,20.044,NA,NA,NA,286.024
1997-09-08,19.351,NA,NA,NA,285.997
1997-09-09,20.276,NA,NA,NA,286.033
1997-09-10,20.044,NA,NA,NA,286.024
1997-09-11,19.581,NA,NA,NA,286.006
1997-09-12,17.577,NA,NA,NA,285.927
1997-09-13,18.502,NA,NA,NA,285.963
1997-09-14,19.273,NA,NA,NA,285.994
1997-09-15,20.044,NA,NA,NA,286.024
1997-09-16,19.427,NA,NA,NA,286
1997-09-17,19.736,NA,NA,NA,286.012
1997-09-18,18.58,NA,NA,NA,285.966
1997-09-19,19.736,NA,NA,NA,286.012
1997-09-20,19.197,NA,NA,NA,285.991
1997-09-21,17.885,NA,NA,NA,285.939
1997-09-22,18.426,NA,NA,NA,285.96
1997-09-23,18.502,NA,NA,NA,285.963
1997-09-24,17.731,NA,NA,NA,285.933
1997-09-25,17.731,NA,NA,NA,285.933
1997-09-26,18.04,NA,NA,NA,285.945
1997-09-27,18.502,NA,NA,NA,285.963
1997-09-28,19.273,NA,NA,NA,285.994
1997-09-29,19.351,NA,NA,NA,285.997
1997-09-30,17.192,NA,NA,NA,285.912
1997-10-01,16.384,NA,NA,NA,285.869
1997-10-02,17.115,NA,NA,NA,285.908
1997-10-03,17.115,NA,NA,NA,285.908
1997-10-04,17.115,NA,NA,NA,285.908
1997-10-05,17.115,NA,NA,NA,285.908
1997-10-06,17.115,NA,NA,NA,285.908
1997-10-07,16.909,NA,NA,NA,285.899
1997-10-08,16.489,NA,NA,NA,285.875
1997-10-09,20.198,NA,NA,NA,286.03
1997-10-10,16.856,NA,NA,NA,285.896
1997-10-11,16.96,NA,NA,NA,285.902
1997-10-12,17.731,NA,NA,NA,285.933
1997-10-13,18.348,NA,NA,NA,285.957
1997-10-14,18.965,NA,NA,NA,285.982
1997-10-15,19.119,NA,NA,NA,285.988
1997-10-16,19.273,NA,NA,NA,285.994
1997-10-17,19.505,NA,NA,NA,286.003
1997-10-18,20.044,NA,NA,NA,286.024
1997-10-19,20.044,NA,NA,NA,286.024
1997-10-20,20.198,NA,NA,NA,286.03
1997-10-21,20.969,NA,NA,NA,286.061
1997-10-22,19.736,NA,NA,NA,286.012
1997-10-23,19.89,NA,NA,NA,286.018
1997-10-24,20.122,NA,NA,NA,286.027
1997-10-25,20.044,NA,NA,NA,286.024
1997-10-26,19.89,NA,NA,NA,286.018
1997-10-27,19.813,NA,NA,NA,286.015
1997-10-28,20.198,NA,NA,NA,286.03
1997-10-29,20.122,NA,NA,NA,286.027
1997-10-30,19.736,NA,NA,NA,286.012
1997-10-31,19.736,NA,NA,NA,286.012
1997-11-01,20.815,NA,NA,NA,286.055
1997-11-02,21.586,NA,NA,NA,286.085
1997-11-03,22.974,NA,NA,NA,286.14
1997-11-04,18.888,NA,NA,NA,285.979
1997-11-05,18.656,NA,NA,NA,285.969
1997-11-06,19.197,NA,NA,NA,285.991
1997-11-07,19.197,NA,NA,NA,285.991
1997-11-08,19.119,NA,NA,NA,285.988
1997-11-09,19.119,NA,NA,NA,285.988
1997-11-10,19.042,NA,NA,NA,285.985
1997-11-11,19.042,NA,NA,NA,285.985
1997-11-12,19.042,NA,NA,NA,285.985
1997-11-13,18.888,NA,NA,NA,285.979
1997-11-14,19.273,NA,NA,NA,285.994
1997-11-15,19.119,NA,NA,NA,285.988
1997-11-16,19.042,NA,NA,NA,285.985
1997-11-17,18.965,NA,NA,NA,285.982
1997-11-18,19.042,NA,NA,NA,285.985
1997-11-19,19.042,NA,NA,NA,285.985
1997-11-20,19.119,NA,NA,NA,285.988
1997-11-21,18.888,NA,NA,NA,285.979
1997-11-22,18.811,NA,NA,NA,285.976
1997-11-23,18.734,NA,NA,NA,285.973
1997-11-24,18.734,NA,NA,NA,285.973
1997-11-25,18.888,NA,NA,NA,285.979
1997-11-26,18.811,NA,NA,NA,285.976
1997-11-27,18.811,NA,NA,NA,285.976
1997-11-28,18.811,NA,NA,NA,285.976
1997-11-29,18.811,NA,NA,NA,285.976
1997-11-30,18.811,NA,NA,NA,285.976
1997-12-01,18.811,NA,NA,NA,285.976
1997-12-02,18.811,NA,NA,NA,285.976
1997-12-03,18.811,NA,NA,NA,285.976
1997-12-04,18.888,NA,NA,NA,285.979
1997-12-05,18.888,NA,NA,NA,285.979
1997-12-06,18.811,NA,NA,NA,285.976
1997-12-07,18.656,NA,NA,NA,285.969
1997-12-08,18.502,NA,NA,NA,285.963
1997-12-09,18.58,NA,NA,NA,285.966
1997-12-10,18.58,NA,NA,NA,285.966
1997-12-11,18.58,NA,NA,NA,285.966
1997-12-12,18.58,NA,NA,NA,285.966
1997-12-13,18.502,NA,NA,NA,285.963
1997-12-14,18.426,NA,NA,NA,285.96
1997-12-15,18.426,NA,NA,NA,285.96
1997-12-16,18.656,NA,NA,NA,285.969
1997-12-17,18.348,NA,NA,NA,285.957
1997-12-18,18.58,NA,NA,NA,285.966
1997-12-19,18.656,NA,NA,NA,285.969
1997-12-20,18.502,NA,NA,NA,285.963
1997-12-21,18.734,NA,NA,NA,285.973
1997-12-22,18.58,NA,NA,NA,285.966
1997-12-23,18.58,NA,NA,NA,285.966
1997-12-24,18.656,NA,NA,NA,285.969
1997-12-25,18.734,NA,NA,NA,285.973
1997-12-26,18.811,NA,NA,NA,285.976
1997-12-27,18.888,NA,NA,NA,285.979
1997-12-28,18.965,NA,NA,NA,285.982
1997-12-29,18.965,NA,NA,NA,285.982
1997-12-30,19.273,NA,NA,NA,285.994
1997-12-31,18.811,NA,NA,NA,285.976
1998-01-01,18.965,NA,NA,NA,285.982
1998-01-02,19.119,NA,NA,NA,285.988
1998-01-03,18.965,NA,NA,NA,285.982
1998-01-04,18.734,NA,NA,NA,285.973
1998-01-05,18.502,NA,NA,NA,285.963
1998-01-06,19.273,NA,NA,NA,285.994
1998-01-07,19.197,NA,NA,NA,285.991
1998-01-08,19.351,NA,NA,NA,285.997
1998-01-09,21.972,NA,NA,NA,286.101
1998-01-10,21.972,NA,NA,NA,286.101
1998-01-11,21.972,NA,NA,NA,286.101
1998-01-12,19.659,NA,NA,NA,286.009
1998-01-13,19.659,NA,NA,NA,286.009
1998-01-14,19.659,NA,NA,NA,286.009
1998-01-15,19.505,NA,NA,NA,286.003
1998-01-16,19.505,NA,NA,NA,286.003
1998-01-17,19.351,NA,NA,NA,285.997
1998-01-18,19.197,NA,NA,NA,285.991
1998-01-19,19.042,NA,NA,NA,285.985
1998-01-20,18.888,NA,NA,NA,285.979
1998-01-21,18.888,NA,NA,NA,285.979
1998-01-22,18.888,NA,NA,NA,285.979
1998-01-23,18.965,NA,NA,NA,285.982
1998-01-24,18.965,NA,NA,NA,285.982
1998-01-25,19.042,NA,NA,NA,285.985
1998-01-26,19.042,NA,NA,NA,285.985
1998-01-27,19.119,NA,NA,NA,285.988
1998-01-28,19.042,NA,NA,NA,285.985
1998-01-29,18.965,NA,NA,NA,285.982
1998-01-30,18.811,NA,NA,NA,285.976
1998-01-31,18.656,NA,NA,NA,285.969
1998-02-01,18.656,NA,NA,NA,285.969
1998-02-02,18.502,NA,NA,NA,285.963
1998-02-03,18.58,NA,NA,NA,285.966
1998-02-04,18.734,NA,NA,NA,285.973
1998-02-05,18.888,NA,NA,NA,285.979
1998-02-06,19.042,NA,NA,NA,285.985
1998-02-07,19.119,NA,NA,NA,285.988
1998-02-08,19.119,NA,NA,NA,285.988
1998-02-09,19.197,NA,NA,NA,285.991
1998-02-10,19.197,NA,NA,NA,285.991
1998-02-11,19.273,NA,NA,NA,285.994
1998-02-12,19.273,NA,NA,NA,285.994
1998-02-13,19.273,NA,NA,NA,285.994
1998-02-14,19.351,NA,NA,NA,285.997
1998-02-15,19.427,NA,NA,NA,286
1998-02-16,19.505,NA,NA,NA,286.003
1998-02-17,19.581,NA,NA,NA,286.006
1998-02-18,20.044,NA,NA,NA,286.024
1998-02-19,20.43,NA,NA,NA,286.04
1998-02-20,20.969,NA,NA,NA,286.061
1998-02-21,21.586,NA,NA,NA,286.085
1998-02-22,22.357,NA,NA,NA,286.116
1998-02-23,23.128,NA,NA,NA,286.146
1998-02-24,24.285,NA,NA,NA,286.192
1998-02-25,23.899,NA,NA,NA,286.177
1998-02-26,23.128,NA,NA,NA,286.146
1998-02-27,30.393,NA,NA,NA,286.402
1998-02-28,30.393,NA,NA,NA,286.402
1998-03-01,30.393,NA,NA,NA,286.402
1998-03-02,37.532,NA,NA,NA,286.637
1998-03-03,37.436,NA,NA,NA,286.634
1998-03-04,37.245,NA,NA,NA,286.628
1998-03-05,37.054,NA,NA,NA,286.622
1998-03-06,36.863,NA,NA,NA,286.616
1998-03-07,36.863,NA,NA,NA,286.616
1998-03-08,36.863,NA,NA,NA,286.616
1998-03-09,36.863,NA,NA,NA,286.616
1998-03-10,36.863,NA,NA,NA,286.616
1998-03-11,31.198,NA,NA,NA,286.43
1998-03-12,29.589,NA,NA,NA,286.375
1998-03-13,28.962,NA,NA,NA,286.354
1998-03-14,28.247,NA,NA,NA,286.329
1998-03-15,27.8,NA,NA,NA,286.314
1998-03-16,27.531,NA,NA,NA,286.305
1998-03-17,27.174,NA,NA,NA,286.293
1998-03-18,26.637,NA,NA,NA,286.274
1998-03-19,26.727,NA,NA,NA,286.277
1998-03-20,26.458,NA,NA,NA,286.268
1998-03-21,26.637,NA,NA,NA,286.274
1998-03-22,26.816,NA,NA,NA,286.28
1998-03-23,26.816,NA,NA,NA,286.28
1998-03-24,26.995,NA,NA,NA,286.286
1998-03-25,26.727,NA,NA,NA,286.277
1998-03-26,26.816,NA,NA,NA,286.28
1998-03-27,27.352,NA,NA,NA,286.299
1998-03-28,28.247,NA,NA,NA,286.329
1998-03-29,29.141,NA,NA,NA,286.36
1998-03-30,30.214,NA,NA,NA,286.396
1998-03-31,31.198,NA,NA,NA,286.43
1998-04-01,34.186,NA,NA,NA,286.53
1998-04-02,35.62,NA,NA,NA,286.576
1998-04-03,38.01,NA,NA,NA,286.652
1998-04-04,39.539,NA,NA,NA,286.701
1998-04-05,40.974,NA,NA,NA,286.747
1998-04-06,40.783,NA,NA,NA,286.741
1998-04-07,41.547,NA,NA,NA,286.765
1998-04-08,42.789,NA,NA,NA,286.805
1998-04-09,44.171,NA,NA,NA,286.844
1998-04-10,45.836,NA,NA,NA,286.89
1998-04-11,47.168,NA,NA,NA,286.927
1998-04-12,46.28,NA,NA,NA,286.902
1998-04-13,48.278,NA,NA,NA,286.957
1998-04-14,47.057,NA,NA,NA,286.923
1998-04-15,45.281,NA,NA,NA,286.875
1998-04-16,45.614,NA,NA,NA,286.884
1998-04-17,42.407,NA,NA,NA,286.792
1998-04-18,41.165,NA,NA,NA,286.753
1998-04-19,39.253,NA,NA,NA,286.692
1998-04-20,38.392,NA,NA,NA,286.664
1998-04-21,36.289,NA,NA,NA,286.597
1998-04-22,35.62,NA,NA,NA,286.576
1998-04-23,34.186,NA,NA,NA,286.53
1998-04-24,33.345,NA,NA,NA,286.503
1998-04-25,31.556,NA,NA,NA,286.442
1998-04-26,32.003,NA,NA,NA,286.457
1998-04-27,32.272,NA,NA,NA,286.466
1998-04-28,30.93,NA,NA,NA,286.421
1998-04-29,31.108,NA,NA,NA,286.427
1998-04-30,30.125,NA,NA,NA,286.393
1998-05-01,30.304,NA,NA,NA,286.399
1998-05-02,30.572,NA,NA,NA,286.408
1998-05-03,30.662,NA,NA,NA,286.411
1998-05-04,29.678,NA,NA,NA,286.378
1998-05-05,29.946,NA,NA,NA,286.387
1998-05-06,29.052,NA,NA,NA,286.357
1998-05-07,30.125,NA,NA,NA,286.393
1998-05-08,30.125,NA,NA,NA,286.393
1998-05-09,28.873,NA,NA,NA,286.35
1998-05-10,28.337,NA,NA,NA,286.332
1998-05-11,28.516,NA,NA,NA,286.338
1998-05-12,28.068,NA,NA,NA,286.323
1998-05-13,28.783,NA,NA,NA,286.347
1998-05-14,27.085,NA,NA,NA,286.289
1998-05-15,27.174,NA,NA,NA,286.293
1998-05-16,28.158,NA,NA,NA,286.326
1998-05-17,26.995,NA,NA,NA,286.286
1998-05-18,27.442,NA,NA,NA,286.302
1998-05-19,28.516,NA,NA,NA,286.338
1998-05-20,28.426,NA,NA,NA,286.335
1998-05-21,29.678,NA,NA,NA,286.378
1998-05-22,30.841,NA,NA,NA,286.418
1998-05-23,31.02,NA,NA,NA,286.424
1998-05-24,31.556,NA,NA,NA,286.442
1998-05-25,32.093,NA,NA,NA,286.46
1998-05-26,32.629,NA,NA,NA,286.478
1998-05-27,32.539,NA,NA,NA,286.475
1998-05-28,33.345,NA,NA,NA,286.503
1998-05-29,33.255,NA,NA,NA,286.5
1998-05-30,32.718,NA,NA,NA,286.482
1998-05-31,31.824,NA,NA,NA,286.451
1998-06-01,31.645,NA,NA,NA,286.445
1998-06-02,31.824,NA,NA,NA,286.451
1998-06-03,30.125,NA,NA,NA,286.393
1998-06-04,30.214,NA,NA,NA,286.396
1998-06-05,29.946,NA,NA,NA,286.387
1998-06-06,29.141,NA,NA,NA,286.36
1998-06-07,28.247,NA,NA,NA,286.329
1998-06-08,27.71,NA,NA,NA,286.311
1998-06-09,27.442,NA,NA,NA,286.302
1998-06-10,26.995,NA,NA,NA,286.286
1998-06-11,26.279,NA,NA,NA,286.262
1998-06-12,26.19,NA,NA,NA,286.259
1998-06-13,26.19,NA,NA,NA,286.259
1998-06-14,26.279,NA,NA,NA,286.262
1998-06-15,26.279,NA,NA,NA,286.262
1998-06-16,25.206,NA,NA,NA,286.225
1998-06-17,24.361,NA,NA,NA,286.195
1998-06-18,23.668,NA,NA,NA,286.168
1998-06-19,23.822,NA,NA,NA,286.174
1998-06-20,24.207,NA,NA,NA,286.189
1998-06-21,23.668,NA,NA,NA,286.168
1998-06-22,23.822,NA,NA,NA,286.174
1998-06-23,23.36,NA,NA,NA,286.155
1998-06-24,23.051,NA,NA,NA,286.143
1998-06-25,23.822,NA,NA,NA,286.174
1998-06-26,22.589,NA,NA,NA,286.125
1998-06-27,24.053,NA,NA,NA,286.183
1998-06-28,24.361,NA,NA,NA,286.195
1998-06-29,24.207,NA,NA,NA,286.189
1998-06-30,24.515,NA,NA,NA,286.201
1998-07-01,24.515,NA,NA,NA,286.201
1998-07-02,24.131,NA,NA,NA,286.186
1998-07-03,24.207,NA,NA,NA,286.189
1998-07-04,23.744,NA,NA,NA,286.171
1998-07-05,23.051,NA,NA,NA,286.143
1998-07-06,24.131,NA,NA,NA,286.186
1998-07-07,24.207,NA,NA,NA,286.189
1998-07-08,24.207,NA,NA,NA,286.189
1998-07-09,24.285,NA,NA,NA,286.192
1998-07-10,23.976,NA,NA,NA,286.18
1998-07-11,23.899,NA,NA,NA,286.177
1998-07-12,24.131,NA,NA,NA,286.186
1998-07-13,24.938,NA,NA,NA,286.216
1998-07-14,24.131,NA,NA,NA,286.186
1998-07-15,25.564,NA,NA,NA,286.238
1998-07-16,25.654,NA,NA,NA,286.241
1998-07-17,25.833,NA,NA,NA,286.247
1998-07-18,26.279,NA,NA,NA,286.262
1998-07-19,27.174,NA,NA,NA,286.293
1998-07-20,26.458,NA,NA,NA,286.268
1998-07-21,26.995,NA,NA,NA,286.286
1998-07-22,26.727,NA,NA,NA,286.277
1998-07-23,26.369,NA,NA,NA,286.265
1998-07-24,25.922,NA,NA,NA,286.25
1998-07-25,25.206,NA,NA,NA,286.225
1998-07-26,24.938,NA,NA,NA,286.216
1998-07-27,24.67,NA,NA,NA,286.207
1998-07-28,24.361,NA,NA,NA,286.195
1998-07-29,24.053,NA,NA,NA,286.183
1998-07-30,23.976,NA,NA,NA,286.18
1998-07-31,23.59,NA,NA,NA,286.165
1998-08-01,22.743,NA,NA,NA,286.131
1998-08-02,22.203,NA,NA,NA,286.11
1998-08-03,22.048,NA,NA,NA,286.104
1998-08-04,23.051,NA,NA,NA,286.143
1998-08-05,20.738,NA,NA,NA,286.052
1998-08-06,20.352,NA,NA,NA,286.037
1998-08-07,20.044,NA,NA,NA,286.024
1998-08-08,19.736,NA,NA,NA,286.012
1998-08-09,19.968,NA,NA,NA,286.021
1998-08-10,20.43,NA,NA,NA,286.04
1998-08-11,19.659,NA,NA,NA,286.009
1998-08-12,19.505,NA,NA,NA,286.003
1998-08-13,19.505,NA,NA,NA,286.003
1998-08-14,19.89,NA,NA,NA,286.018
1998-08-15,19.505,NA,NA,NA,286.003
1998-08-16,18.348,NA,NA,NA,285.957
1998-08-17,18.965,NA,NA,NA,285.982
1998-08-18,18.348,NA,NA,NA,285.957
1998-08-19,17.885,NA,NA,NA,285.939
1998-08-20,19.197,NA,NA,NA,285.991
1998-08-21,18.734,NA,NA,NA,285.973
1998-08-22,19.273,NA,NA,NA,285.994
1998-08-23,19.968,NA,NA,NA,286.021
1998-08-24,19.968,NA,NA,NA,286.021
1998-08-25,19.427,NA,NA,NA,286
1998-08-26,19.197,NA,NA,NA,285.991
1998-08-27,19.505,NA,NA,NA,286.003
1998-08-28,19.505,NA,NA,NA,286.003
1998-08-29,19.813,NA,NA,NA,286.015
1998-08-30,18.811,NA,NA,NA,285.976
1998-08-31,18.656,NA,NA,NA,285.969
1998-09-01,19.581,NA,NA,NA,286.006
1998-09-02,18.965,NA,NA,NA,285.982
1998-09-03,17.963,NA,NA,NA,285.942
1998-09-04,17.885,NA,NA,NA,285.939
1998-09-05,17.809,NA,NA,NA,285.936
1998-09-06,17.809,NA,NA,NA,285.936
1998-09-07,18.04,NA,NA,NA,285.945
1998-09-08,17.346,NA,NA,NA,285.918
1998-09-09,16.594,NA,NA,NA,285.881
1998-09-10,17.192,NA,NA,NA,285.912
1998-09-11,17.346,NA,NA,NA,285.918
1998-09-12,17.346,NA,NA,NA,285.918
1998-09-13,16.804,NA,NA,NA,285.893
1998-09-14,18.194,NA,NA,NA,285.951
1998-09-15,17.655,NA,NA,NA,285.93
1998-09-16,17.192,NA,NA,NA,285.912
1998-09-17,16.96,NA,NA,NA,285.902
1998-09-18,16.751,NA,NA,NA,285.89
1998-09-19,16.226,NA,NA,NA,285.86
1998-09-20,17.501,NA,NA,NA,285.924
1998-09-21,16.909,NA,NA,NA,285.899
1998-09-22,16.646,NA,NA,NA,285.884
1998-09-23,16.279,NA,NA,NA,285.863
1998-09-24,16.594,NA,NA,NA,285.881
1998-09-25,16.751,NA,NA,NA,285.89
1998-09-26,17.115,NA,NA,NA,285.908
1998-09-27,16.96,NA,NA,NA,285.902
1998-09-28,16.331,NA,NA,NA,285.866
1998-09-29,16.751,NA,NA,NA,285.89
1998-09-30,16.804,NA,NA,NA,285.893
1998-10-01,16.436,NA,NA,NA,285.872
1998-10-02,16.07,NA,NA,NA,285.851
1998-10-03,16.122,NA,NA,NA,285.854
1998-10-04,14.863,NA,NA,NA,285.78
1998-10-05,15.912,NA,NA,NA,285.841
1998-10-06,17.501,NA,NA,NA,285.924
1998-10-07,17.963,NA,NA,NA,285.942
1998-10-08,16.909,NA,NA,NA,285.899
1998-10-09,16.856,NA,NA,NA,285.896
1998-10-10,16.856,NA,NA,NA,285.896
1998-10-11,16.856,NA,NA,NA,285.896
1998-10-12,16.856,NA,NA,NA,285.896
1998-10-13,17.038,NA,NA,NA,285.905
1998-10-14,15.702,NA,NA,NA,285.829
1998-10-15,16.646,NA,NA,NA,285.884
1998-10-16,17.655,NA,NA,NA,285.93
1998-10-17,20.198,NA,NA,NA,286.03
1998-10-18,19.505,NA,NA,NA,286.003
1998-10-19,19.659,NA,NA,NA,286.009
1998-10-20,19.042,NA,NA,NA,285.985
1998-10-21,19.119,NA,NA,NA,285.988
1998-10-22,19.119,NA,NA,NA,285.988
1998-10-23,18.734,NA,NA,NA,285.973
1998-10-24,19.119,NA,NA,NA,285.988
1998-10-25,19.197,NA,NA,NA,285.991
1998-10-26,19.197,NA,NA,NA,285.991
1998-10-27,19.968,NA,NA,NA,286.021
1998-10-28,19.89,NA,NA,NA,286.018
1998-10-29,18.117,NA,NA,NA,285.948
1998-10-30,21.972,NA,NA,NA,286.101
1998-10-31,21.201,NA,NA,NA,286.07
1998-11-01,20.815,NA,NA,NA,286.055
1998-11-02,20.276,NA,NA,NA,286.033
1998-11-03,20.815,NA,NA,NA,286.055
1998-11-04,21.123,NA,NA,NA,286.067
1998-11-05,21.432,NA,NA,NA,286.079
1998-11-06,21.355,NA,NA,NA,286.076
1998-11-07,21.123,NA,NA,NA,286.067
1998-11-08,21.586,NA,NA,NA,286.085
1998-11-09,21.355,NA,NA,NA,286.076
1998-11-10,24.515,NA,NA,NA,286.201
1998-11-11,22.897,NA,NA,NA,286.137
1998-11-12,22.743,NA,NA,NA,286.131
1998-11-13,22.897,NA,NA,NA,286.137
1998-11-14,23.36,NA,NA,NA,286.155
1998-11-15,23.205,NA,NA,NA,286.149
1998-11-16,23.899,NA,NA,NA,286.177
1998-11-17,23.822,NA,NA,NA,286.174
1998-11-18,22.203,NA,NA,NA,286.11
1998-11-19,25.654,NA,NA,NA,286.241
1998-11-20,23.436,NA,NA,NA,286.158
1998-11-21,23.282,NA,NA,NA,286.152
1998-11-22,23.59,NA,NA,NA,286.165
1998-11-23,24.053,NA,NA,NA,286.183
1998-11-24,24.131,NA,NA,NA,286.186
1998-11-25,24.848,NA,NA,NA,286.213
1998-11-26,24.848,NA,NA,NA,286.213
1998-11-27,25.385,NA,NA,NA,286.232
1998-11-28,25.564,NA,NA,NA,286.238
1998-11-29,25.833,NA,NA,NA,286.247
1998-11-30,26.727,NA,NA,NA,286.277
1998-12-01,25.654,NA,NA,NA,286.241
1998-12-02,26.1,NA,NA,NA,286.256
1998-12-03,26.1,NA,NA,NA,286.256
1998-12-04,26.012,NA,NA,NA,286.253
1998-12-05,26.369,NA,NA,NA,286.265
1998-12-06,25.654,NA,NA,NA,286.241
1998-12-07,25.475,NA,NA,NA,286.235
1998-12-08,25.385,NA,NA,NA,286.232
1998-12-09,25.206,NA,NA,NA,286.225
1998-12-10,24.938,NA,NA,NA,286.216
1998-12-11,24.67,NA,NA,NA,286.207
1998-12-12,24.593,NA,NA,NA,286.204
1998-12-13,24.67,NA,NA,NA,286.207
1998-12-14,24.285,NA,NA,NA,286.192
1998-12-15,24.593,NA,NA,NA,286.204
1998-12-16,23.899,NA,NA,NA,286.177
1998-12-17,23.899,NA,NA,NA,286.177
1998-12-18,26.19,NA,NA,NA,286.259
1998-12-19,23.36,NA,NA,NA,286.155
1998-12-20,22.743,NA,NA,NA,286.131
1998-12-21,22.435,NA,NA,NA,286.119
1998-12-22,22.357,NA,NA,NA,286.116
1998-12-23,22.126,NA,NA,NA,286.107
1998-12-24,21.894,NA,NA,NA,286.097
1998-12-25,21.664,NA,NA,NA,286.088
1998-12-26,21.432,NA,NA,NA,286.079
1998-12-27,21.355,NA,NA,NA,286.076
1998-12-28,21.201,NA,NA,NA,286.07
1998-12-29,21.201,NA,NA,NA,286.07
1998-12-30,20.969,NA,NA,NA,286.061
1998-12-31,20.969,NA,NA,NA,286.061
1999-01-01,20.893,NA,NA,NA,286.058
1999-01-02,21.123,NA,NA,NA,286.067
1999-01-03,21.123,NA,NA,NA,286.067
1999-01-04,20.969,NA,NA,NA,286.061
1999-01-05,20.893,NA,NA,NA,286.058
1999-01-06,20.969,NA,NA,NA,286.061
1999-01-07,20.738,NA,NA,NA,286.052
1999-01-08,20.815,NA,NA,NA,286.055
1999-01-09,20.661,NA,NA,NA,286.049
1999-01-10,20.661,NA,NA,NA,286.049
1999-01-11,20.507,NA,NA,NA,286.043
1999-01-12,20.507,NA,NA,NA,286.043
1999-01-13,20.43,NA,NA,NA,286.04
1999-01-14,20.43,NA,NA,NA,286.04
1999-01-15,20.276,NA,NA,NA,286.033
1999-01-16,20.198,NA,NA,NA,286.03
1999-01-17,20.044,NA,NA,NA,286.024
1999-01-18,19.968,NA,NA,NA,286.021
1999-01-19,19.813,NA,NA,NA,286.015
1999-01-20,19.813,NA,NA,NA,286.015
1999-01-21,19.813,NA,NA,NA,286.015
1999-01-22,19.813,NA,NA,NA,286.015
1999-01-23,19.89,NA,NA,NA,286.018
1999-01-24,19.89,NA,NA,NA,286.018
1999-01-25,19.813,NA,NA,NA,286.015
1999-01-26,19.89,NA,NA,NA,286.018
1999-01-27,20.044,NA,NA,NA,286.024
1999-01-28,19.968,NA,NA,NA,286.021
1999-01-29,19.968,NA,NA,NA,286.021
1999-01-30,19.89,NA,NA,NA,286.018
1999-01-31,19.968,NA,NA,NA,286.021
1999-02-01,19.968,NA,NA,NA,286.021
1999-02-02,19.968,NA,NA,NA,286.021
1999-02-03,19.968,NA,NA,NA,286.021
1999-02-04,19.968,NA,NA,NA,286.021
1999-02-05,19.968,NA,NA,NA,286.021
1999-02-06,19.968,NA,NA,NA,286.021
1999-02-07,19.968,NA,NA,NA,286.021
1999-02-08,20.044,NA,NA,NA,286.024
1999-02-09,20.044,NA,NA,NA,286.024
1999-02-10,20.122,NA,NA,NA,286.027
1999-02-11,20.43,NA,NA,NA,286.04
1999-02-12,20.43,NA,NA,NA,286.04
1999-02-13,20.276,NA,NA,NA,286.033
1999-02-14,20.584,NA,NA,NA,286.046
1999-02-15,20.661,NA,NA,NA,286.049
1999-02-16,20.893,NA,NA,NA,286.058
1999-02-17,21.201,NA,NA,NA,286.07
1999-02-18,21.586,NA,NA,NA,286.085
1999-02-19,21.894,NA,NA,NA,286.097
1999-02-20,22.435,NA,NA,NA,286.119
1999-02-21,22.665,NA,NA,NA,286.128
1999-02-22,22.743,NA,NA,NA,286.131
1999-02-23,22.897,NA,NA,NA,286.137
1999-02-24,22.897,NA,NA,NA,286.137
1999-02-25,22.743,NA,NA,NA,286.131
1999-02-26,22.819,NA,NA,NA,286.134
1999-02-27,22.819,NA,NA,NA,286.134
1999-02-28,23.051,NA,NA,NA,286.143
1999-03-01,23.128,NA,NA,NA,286.146
1999-03-02,23.514,NA,NA,NA,286.161
1999-03-03,23.59,NA,NA,NA,286.165
1999-03-04,23.36,NA,NA,NA,286.155
1999-03-05,23.668,NA,NA,NA,286.168
1999-03-06,24.053,NA,NA,NA,286.183
1999-03-07,24.439,NA,NA,NA,286.198
1999-03-08,24.76,NA,NA,NA,286.21
1999-03-09,25.027,NA,NA,NA,286.219
1999-03-10,24.848,NA,NA,NA,286.213
1999-03-11,24.67,NA,NA,NA,286.207
1999-03-12,24.593,NA,NA,NA,286.204
1999-03-13,24.361,NA,NA,NA,286.195
1999-03-14,24.207,NA,NA,NA,286.189
1999-03-15,24.053,NA,NA,NA,286.183
1999-03-16,24.053,NA,NA,NA,286.183
1999-03-17,24.593,NA,NA,NA,286.204
1999-03-18,24.67,NA,NA,NA,286.207
1999-03-19,24.938,NA,NA,NA,286.216
1999-03-20,25.385,NA,NA,NA,286.232
1999-03-21,25.475,NA,NA,NA,286.235
1999-03-22,25.654,NA,NA,NA,286.241
1999-03-23,25.833,NA,NA,NA,286.247
1999-03-24,26.279,NA,NA,NA,286.262
1999-03-25,26.458,NA,NA,NA,286.268
1999-03-26,26.458,NA,NA,NA,286.268
1999-03-27,26.369,NA,NA,NA,286.265
1999-03-28,28.604,NA,NA,NA,286.341
1999-03-29,27.085,NA,NA,NA,286.289
1999-03-30,26.906,NA,NA,NA,286.283
1999-03-31,27.352,NA,NA,NA,286.299
1999-04-01,26.995,NA,NA,NA,286.286
1999-04-02,28.516,NA,NA,NA,286.338
1999-04-03,26.369,NA,NA,NA,286.265
1999-04-04,27.174,NA,NA,NA,286.293
1999-04-05,26.369,NA,NA,NA,286.265
1999-04-06,28.247,NA,NA,NA,286.329
1999-04-07,27.71,NA,NA,NA,286.311
1999-04-08,27.442,NA,NA,NA,286.302
1999-04-09,28.158,NA,NA,NA,286.326
1999-04-10,25.654,NA,NA,NA,286.241
1999-04-11,30.214,NA,NA,NA,286.396
1999-04-12,29.499,NA,NA,NA,286.372
1999-04-13,29.052,NA,NA,NA,286.357
1999-04-14,29.946,NA,NA,NA,286.387
1999-04-15,31.108,NA,NA,NA,286.427
1999-04-16,31.377,NA,NA,NA,286.436
1999-04-17,29.768,NA,NA,NA,286.381
1999-04-18,29.499,NA,NA,NA,286.372
1999-04-19,29.946,NA,NA,NA,286.387
1999-04-20,28.604,NA,NA,NA,286.341
1999-04-21,29.141,NA,NA,NA,286.36
1999-04-22,29.678,NA,NA,NA,286.378
1999-04-23,29.768,NA,NA,NA,286.381
1999-04-24,28.873,NA,NA,NA,286.35
1999-04-25,28.694,NA,NA,NA,286.344
1999-04-26,28.068,NA,NA,NA,286.323
1999-04-27,28.158,NA,NA,NA,286.326
1999-04-28,27.8,NA,NA,NA,286.314
1999-04-29,26.727,NA,NA,NA,286.277
1999-04-30,26.995,NA,NA,NA,286.286
1999-05-01,26.548,NA,NA,NA,286.271
1999-05-02,25.564,NA,NA,NA,286.238
1999-05-03,24.515,NA,NA,NA,286.201
1999-05-04,24.207,NA,NA,NA,286.189
1999-05-05,24.361,NA,NA,NA,286.195
1999-05-06,26.1,NA,NA,NA,286.256
1999-05-07,30.125,NA,NA,NA,286.393
1999-05-08,26.906,NA,NA,NA,286.283
1999-05-09,26.279,NA,NA,NA,286.262
1999-05-10,25.475,NA,NA,NA,286.235
1999-05-11,27.8,NA,NA,NA,286.314
1999-05-12,27.889,NA,NA,NA,286.317
1999-05-13,27.531,NA,NA,NA,286.305
1999-05-14,26.906,NA,NA,NA,286.283
1999-05-15,27.621,NA,NA,NA,286.308
1999-05-16,29.32,NA,NA,NA,286.366
1999-05-17,29.946,NA,NA,NA,286.387
1999-05-18,29.856,NA,NA,NA,286.384
1999-05-19,29.589,NA,NA,NA,286.375
1999-05-20,30.751,NA,NA,NA,286.414
1999-05-21,31.556,NA,NA,NA,286.442
1999-05-22,31.198,NA,NA,NA,286.43
1999-05-23,32.36,NA,NA,NA,286.469
1999-05-24,31.02,NA,NA,NA,286.424
1999-05-25,31.287,NA,NA,NA,286.433
1999-05-26,29.946,NA,NA,NA,286.387
1999-05-27,30.662,NA,NA,NA,286.411
1999-05-28,29.499,NA,NA,NA,286.372
1999-05-29,28.783,NA,NA,NA,286.347
1999-05-30,27.889,NA,NA,NA,286.317
1999-05-31,29.052,NA,NA,NA,286.357
1999-06-01,26.548,NA,NA,NA,286.271
1999-06-02,26.1,NA,NA,NA,286.256
1999-06-03,24.207,NA,NA,NA,286.189
1999-06-04,24.848,NA,NA,NA,286.213
1999-06-05,25.296,NA,NA,NA,286.229
1999-06-06,24.439,NA,NA,NA,286.198
1999-06-07,24.76,NA,NA,NA,286.21
1999-06-08,25.027,NA,NA,NA,286.219
1999-06-09,23.976,NA,NA,NA,286.18
1999-06-10,24.439,NA,NA,NA,286.198
1999-06-11,24.361,NA,NA,NA,286.195
1999-06-12,24.848,NA,NA,NA,286.213
1999-06-13,26.012,NA,NA,NA,286.253
1999-06-14,26.727,NA,NA,NA,286.277
1999-06-15,27.531,NA,NA,NA,286.305
1999-06-16,28.158,NA,NA,NA,286.326
1999-06-17,28.158,NA,NA,NA,286.326
1999-06-18,27.8,NA,NA,NA,286.314
1999-06-19,28.247,NA,NA,NA,286.329
1999-06-20,28.604,NA,NA,NA,286.341
1999-06-21,27.8,NA,NA,NA,286.314
1999-06-22,27.621,NA,NA,NA,286.308
1999-06-23,28.158,NA,NA,NA,286.326
1999-06-24,28.158,NA,NA,NA,286.326
1999-06-25,28.158,NA,NA,NA,286.326
1999-06-26,27.174,NA,NA,NA,286.293
1999-06-27,26.1,NA,NA,NA,286.256
1999-06-28,25.027,NA,NA,NA,286.219
1999-06-29,24.67,NA,NA,NA,286.207
1999-06-30,24.285,NA,NA,NA,286.192
1999-07-01,24.131,NA,NA,NA,286.186
1999-07-02,23.36,NA,NA,NA,286.155
1999-07-03,22.357,NA,NA,NA,286.116
1999-07-04,23.205,NA,NA,NA,286.149
1999-07-05,22.974,NA,NA,NA,286.14
1999-07-06,23.051,NA,NA,NA,286.143
1999-07-07,21.972,NA,NA,NA,286.101
1999-07-08,21.201,NA,NA,NA,286.07
1999-07-09,23.128,NA,NA,NA,286.146
1999-07-10,22.435,NA,NA,NA,286.119
1999-07-11,22.203,NA,NA,NA,286.11
1999-07-12,21.894,NA,NA,NA,286.097
1999-07-13,21.664,NA,NA,NA,286.088
1999-07-14,21.432,NA,NA,NA,286.079
1999-07-15,20.893,NA,NA,NA,286.058
1999-07-16,21.818,NA,NA,NA,286.094
1999-07-17,21.201,NA,NA,NA,286.07
1999-07-18,20.507,NA,NA,NA,286.043
1999-07-19,21.355,NA,NA,NA,286.076
1999-07-20,21.355,NA,NA,NA,286.076
1999-07-21,21.894,NA,NA,NA,286.097
1999-07-22,22.28,NA,NA,NA,286.113
1999-07-23,23.128,NA,NA,NA,286.146
1999-07-24,23.668,NA,NA,NA,286.168
1999-07-25,23.36,NA,NA,NA,286.155
1999-07-26,24.131,NA,NA,NA,286.186
1999-07-27,23.59,NA,NA,NA,286.165
1999-07-28,23.822,NA,NA,NA,286.174
1999-07-29,23.899,NA,NA,NA,286.177
1999-07-30,23.744,NA,NA,NA,286.171
1999-07-31,23.976,NA,NA,NA,286.18
1999-08-01,22.743,NA,NA,NA,286.131
1999-08-02,22.435,NA,NA,NA,286.119
1999-08-03,22.126,NA,NA,NA,286.107
1999-08-04,21.972,NA,NA,NA,286.101
1999-08-05,21.355,NA,NA,NA,286.076
1999-08-06,21.047,NA,NA,NA,286.064
1999-08-07,20.893,NA,NA,NA,286.058
1999-08-08,20.584,NA,NA,NA,286.046
1999-08-09,19.119,NA,NA,NA,285.988
1999-08-10,20.507,NA,NA,NA,286.043
1999-08-11,19.581,NA,NA,NA,286.006
1999-08-12,19.197,NA,NA,NA,285.991
1999-08-13,21.123,NA,NA,NA,286.067
1999-08-14,20.198,NA,NA,NA,286.03
1999-08-15,19.659,NA,NA,NA,286.009
1999-08-16,20.893,NA,NA,NA,286.058
1999-08-17,20.584,NA,NA,NA,286.046
1999-08-18,20.584,NA,NA,NA,286.046
1999-08-19,20.661,NA,NA,NA,286.049
1999-08-20,20.122,NA,NA,NA,286.027
1999-08-21,19.89,NA,NA,NA,286.018
1999-08-22,20.661,NA,NA,NA,286.049
1999-08-23,20.893,NA,NA,NA,286.058
1999-08-24,19.736,NA,NA,NA,286.012
1999-08-25,19.505,NA,NA,NA,286.003
1999-08-26,18.888,NA,NA,NA,285.979
1999-08-27,19.351,NA,NA,NA,285.997
1999-08-28,18.194,NA,NA,NA,285.951
1999-08-29,19.119,NA,NA,NA,285.988
1999-08-30,17.963,NA,NA,NA,285.942
1999-08-31,19.351,NA,NA,NA,285.997
1999-09-01,19.505,NA,NA,NA,286.003
1999-09-02,19.659,NA,NA,NA,286.009
1999-09-03,19.581,NA,NA,NA,286.006
1999-09-04,20.43,NA,NA,NA,286.04
1999-09-05,20.584,NA,NA,NA,286.046
1999-09-06,19.659,NA,NA,NA,286.009
1999-09-07,19.813,NA,NA,NA,286.015
1999-09-08,20.738,NA,NA,NA,286.052
1999-09-09,20.661,NA,NA,NA,286.049
1999-09-10,19.505,NA,NA,NA,286.003
1999-09-11,19.042,NA,NA,NA,285.985
1999-09-12,19.505,NA,NA,NA,286.003
1999-09-13,20.893,NA,NA,NA,286.058
1999-09-14,19.351,NA,NA,NA,285.997
1999-09-15,18.58,NA,NA,NA,285.966
1999-09-16,18.811,NA,NA,NA,285.976
1999-09-17,19.042,NA,NA,NA,285.985
1999-09-18,18.888,NA,NA,NA,285.979
1999-09-19,19.89,NA,NA,NA,286.018
1999-09-20,19.119,NA,NA,NA,285.988
1999-09-21,19.197,NA,NA,NA,285.991
1999-09-22,19.197,NA,NA,NA,285.991
1999-09-23,19.273,NA,NA,NA,285.994
1999-09-24,19.119,NA,NA,NA,285.988
1999-09-25,19.042,NA,NA,NA,285.985
1999-09-26,18.888,NA,NA,NA,285.979
1999-09-27,18.811,NA,NA,NA,285.976
1999-09-28,18.734,NA,NA,NA,285.973
1999-09-29,20.044,NA,NA,NA,286.024
1999-09-30,21.509,NA,NA,NA,286.082
1999-10-01,18.426,NA,NA,NA,285.96
1999-10-02,18.426,NA,NA,NA,285.96
1999-10-03,18.426,NA,NA,NA,285.96
1999-10-04,17.963,NA,NA,NA,285.942
1999-10-05,19.119,NA,NA,NA,285.988
1999-10-06,18.04,NA,NA,NA,285.945
1999-10-07,18.58,NA,NA,NA,285.966
1999-10-08,18.58,NA,NA,NA,285.966
1999-10-09,18.502,NA,NA,NA,285.963
1999-10-10,18.734,NA,NA,NA,285.973
1999-10-11,18.502,NA,NA,NA,285.963
1999-10-12,18.734,NA,NA,NA,285.973
1999-10-13,18.734,NA,NA,NA,285.973
1999-10-14,17.963,NA,NA,NA,285.942
1999-10-15,18.348,NA,NA,NA,285.957
1999-10-16,18.888,NA,NA,NA,285.979
1999-10-17,18.502,NA,NA,NA,285.963
1999-10-18,17.731,NA,NA,NA,285.933
1999-10-19,18.58,NA,NA,NA,285.966
1999-10-20,18.117,NA,NA,NA,285.948
1999-10-21,18.272,NA,NA,NA,285.954
1999-10-22,18.272,NA,NA,NA,285.954
1999-10-23,18.272,NA,NA,NA,285.954
1999-10-24,18.272,NA,NA,NA,285.954
1999-10-25,17.963,NA,NA,NA,285.942
1999-10-26,17.577,NA,NA,NA,285.927
1999-10-27,17.423,NA,NA,NA,285.921
1999-10-28,17.731,NA,NA,NA,285.933
1999-10-29,17.115,NA,NA,NA,285.908
1999-10-30,18.348,NA,NA,NA,285.957
1999-10-31,17.731,NA,NA,NA,285.933
1999-11-01,20.661,NA,NA,NA,286.049
1999-11-02,17.501,NA,NA,NA,285.924
1999-11-03,16.909,NA,NA,NA,285.899
1999-11-04,17.115,NA,NA,NA,285.908
1999-11-05,17.655,NA,NA,NA,285.93
1999-11-06,16.909,NA,NA,NA,285.899
1999-11-07,17.038,NA,NA,NA,285.905
1999-11-08,17.192,NA,NA,NA,285.912
1999-11-09,17.501,NA,NA,NA,285.924
1999-11-10,18.734,NA,NA,NA,285.973
1999-11-11,18.734,NA,NA,NA,285.973
1999-11-12,17.423,NA,NA,NA,285.921
1999-11-13,17.501,NA,NA,NA,285.924
1999-11-14,17.655,NA,NA,NA,285.93
1999-11-15,16.96,NA,NA,NA,285.902
1999-11-16,17.038,NA,NA,NA,285.905
1999-11-17,16.804,NA,NA,NA,285.893
1999-11-18,16.909,NA,NA,NA,285.899
1999-11-19,19.351,NA,NA,NA,285.997
1999-11-20,16.489,NA,NA,NA,285.875
1999-11-21,16.909,NA,NA,NA,285.899
1999-11-22,17.192,NA,NA,NA,285.912
1999-11-23,17.731,NA,NA,NA,285.933
1999-11-24,17.115,NA,NA,NA,285.908
1999-11-25,16.751,NA,NA,NA,285.89
1999-11-26,17.269,NA,NA,NA,285.915
1999-11-27,17.501,NA,NA,NA,285.924
1999-11-28,17.269,NA,NA,NA,285.915
1999-11-29,17.269,NA,NA,NA,285.915
1999-11-30,16.96,NA,NA,NA,285.902
1999-12-01,17.423,NA,NA,NA,285.921
1999-12-02,17.346,NA,NA,NA,285.918
1999-12-03,17.731,NA,NA,NA,285.933
1999-12-04,18.348,NA,NA,NA,285.957
1999-12-05,18.04,NA,NA,NA,285.945
1999-12-06,17.269,NA,NA,NA,285.915
1999-12-07,17.192,NA,NA,NA,285.912
1999-12-08,17.192,NA,NA,NA,285.912
1999-12-09,17.192,NA,NA,NA,285.912
1999-12-10,17.269,NA,NA,NA,285.915
1999-12-11,17.192,NA,NA,NA,285.912
1999-12-12,17.269,NA,NA,NA,285.915
1999-12-13,17.192,NA,NA,NA,285.912
1999-12-14,17.115,NA,NA,NA,285.908
1999-12-15,18.426,NA,NA,NA,285.96
1999-12-16,17.115,NA,NA,NA,285.908
1999-12-17,16.96,NA,NA,NA,285.902
1999-12-18,16.96,NA,NA,NA,285.902
1999-12-19,17.115,NA,NA,NA,285.908
1999-12-20,17.269,NA,NA,NA,285.915
1999-12-21,17.115,NA,NA,NA,285.908
1999-12-22,17.115,NA,NA,NA,285.908
1999-12-23,17.192,NA,NA,NA,285.912
1999-12-24,17.269,NA,NA,NA,285.915
1999-12-25,17.269,NA,NA,NA,285.915
1999-12-26,17.269,NA,NA,NA,285.915
1999-12-27,17.192,NA,NA,NA,285.912
1999-12-28,17.269,NA,NA,NA,285.915
1999-12-29,17.192,NA,NA,NA,285.912
1999-12-30,17.192,NA,NA,NA,285.912
1999-12-31,17.269,NA,NA,NA,285.915
2000-01-01,17.269,NA,NA,NA,285.915
2000-01-02,17.269,NA,NA,NA,285.915
2000-01-03,17.269,NA,NA,NA,285.915
2000-01-04,17.269,NA,NA,NA,285.915
2000-01-05,17.192,NA,NA,NA,285.912
2000-01-06,17.269,NA,NA,NA,285.915
2000-01-07,17.115,NA,NA,NA,285.908
2000-01-08,17.038,NA,NA,NA,285.905
2000-01-09,17.115,NA,NA,NA,285.908
2000-01-10,17.038,NA,NA,NA,285.905
2000-01-11,17.115,NA,NA,NA,285.908
2000-01-12,17.115,NA,NA,NA,285.908
2000-01-13,17.269,NA,NA,NA,285.915
2000-01-14,17.192,NA,NA,NA,285.912
2000-01-15,17.192,NA,NA,NA,285.912
2000-01-16,17.115,NA,NA,NA,285.908
2000-01-17,17.038,NA,NA,NA,285.905
2000-01-18,17.115,NA,NA,NA,285.908
2000-01-19,17.192,NA,NA,NA,285.912
2000-01-20,17.115,NA,NA,NA,285.908
2000-01-21,17.115,NA,NA,NA,285.908
2000-01-22,17.192,NA,NA,NA,285.912
2000-01-23,17.269,NA,NA,NA,285.915
2000-01-24,17.192,NA,NA,NA,285.912
2000-01-25,17.192,NA,NA,NA,285.912
2000-01-26,17.115,NA,NA,NA,285.908
2000-01-27,17.038,NA,NA,NA,285.905
2000-01-28,17.038,NA,NA,NA,285.905
2000-01-29,17.038,NA,NA,NA,285.905
2000-01-30,17.038,NA,NA,NA,285.905
2000-01-31,16.96,NA,NA,NA,285.902
2000-02-01,16.96,NA,NA,NA,285.902
2000-02-02,16.909,NA,NA,NA,285.899
2000-02-03,17.038,NA,NA,NA,285.905
2000-02-04,17.115,NA,NA,NA,285.908
2000-02-05,16.96,NA,NA,NA,285.902
2000-02-06,17.038,NA,NA,NA,285.905
2000-02-07,17.192,NA,NA,NA,285.912
2000-02-08,17.192,NA,NA,NA,285.912
2000-02-09,17.269,NA,NA,NA,285.915
2000-02-10,17.346,NA,NA,NA,285.918
2000-02-11,17.269,NA,NA,NA,285.915
2000-02-12,17.423,NA,NA,NA,285.921
2000-02-13,17.423,NA,NA,NA,285.921
2000-02-14,17.423,NA,NA,NA,285.921
2000-02-15,17.501,NA,NA,NA,285.924
2000-02-16,17.423,NA,NA,NA,285.921
2000-02-17,17.501,NA,NA,NA,285.924
2000-02-18,17.501,NA,NA,NA,285.924
2000-02-19,17.501,NA,NA,NA,285.924
2000-02-20,17.423,NA,NA,NA,285.921
2000-02-21,17.501,NA,NA,NA,285.924
2000-02-22,17.501,NA,NA,NA,285.924
2000-02-23,17.577,NA,NA,NA,285.927
2000-02-24,17.963,NA,NA,NA,285.942
2000-02-25,18.117,NA,NA,NA,285.948
2000-02-26,18.502,NA,NA,NA,285.963
2000-02-27,18.965,NA,NA,NA,285.982
2000-02-28,19.351,NA,NA,NA,285.997
2000-02-29,19.813,NA,NA,NA,286.015
2000-03-01,20.198,NA,NA,NA,286.03
2000-03-02,20.507,NA,NA,NA,286.043
2000-03-03,20.893,NA,NA,NA,286.058
2000-03-04,21.355,NA,NA,NA,286.076
2000-03-05,21.74,NA,NA,NA,286.091
2000-03-06,21.74,NA,NA,NA,286.091
2000-03-07,21.74,NA,NA,NA,286.091
2000-03-08,21.972,NA,NA,NA,286.101
2000-03-09,23.668,NA,NA,NA,286.168
2000-03-10,21.972,NA,NA,NA,286.101
2000-03-11,21.972,NA,NA,NA,286.101
2000-03-12,21.972,NA,NA,NA,286.101
2000-03-13,21.972,NA,NA,NA,286.101
2000-03-14,21.972,NA,NA,NA,286.101
2000-03-15,22.435,NA,NA,NA,286.119
2000-03-16,21.74,NA,NA,NA,286.091
2000-03-17,21.664,NA,NA,NA,286.088
2000-03-18,21.432,NA,NA,NA,286.079
2000-03-19,21.355,NA,NA,NA,286.076
2000-03-20,21.509,NA,NA,NA,286.082
2000-03-21,21.509,NA,NA,NA,286.082
2000-03-22,21.355,NA,NA,NA,286.076
2000-03-23,21.047,NA,NA,NA,286.064
2000-03-24,21.586,NA,NA,NA,286.085
2000-03-25,23.051,NA,NA,NA,286.143
2000-03-26,20.815,NA,NA,NA,286.055
2000-03-27,21.509,NA,NA,NA,286.082
2000-03-28,20.893,NA,NA,NA,286.058
2000-03-29,20.352,NA,NA,NA,286.037
2000-03-30,20.815,NA,NA,NA,286.055
2000-03-31,21.74,NA,NA,NA,286.091
2000-04-01,20.815,NA,NA,NA,286.055
2000-04-02,20.969,NA,NA,NA,286.061
2000-04-03,23.205,NA,NA,NA,286.149
2000-04-04,20.276,NA,NA,NA,286.033
2000-04-05,19.197,NA,NA,NA,285.991
2000-04-06,20.044,NA,NA,NA,286.024
2000-04-07,19.659,NA,NA,NA,286.009
2000-04-08,19.89,NA,NA,NA,286.018
2000-04-09,20.815,NA,NA,NA,286.055
2000-04-10,19.197,NA,NA,NA,285.991
2000-04-11,21.74,NA,NA,NA,286.091
2000-04-12,19.813,NA,NA,NA,286.015
2000-04-13,20.661,NA,NA,NA,286.049
2000-04-14,21.123,NA,NA,NA,286.067
2000-04-15,20.969,NA,NA,NA,286.061
2000-04-16,20.661,NA,NA,NA,286.049
2000-04-17,21.355,NA,NA,NA,286.076
2000-04-18,20.738,NA,NA,NA,286.052
2000-04-19,19.659,NA,NA,NA,286.009
2000-04-20,21.74,NA,NA,NA,286.091
2000-04-21,21.047,NA,NA,NA,286.064
2000-04-22,20.815,NA,NA,NA,286.055
2000-04-23,20.044,NA,NA,NA,286.024
2000-04-24,20.43,NA,NA,NA,286.04
2000-04-25,20.584,NA,NA,NA,286.046
2000-04-26,20.584,NA,NA,NA,286.046
2000-04-27,20.507,NA,NA,NA,286.043
2000-04-28,20.815,NA,NA,NA,286.055
2000-04-29,19.042,NA,NA,NA,285.985
2000-04-30,19.968,NA,NA,NA,286.021
2000-05-01,20.122,NA,NA,NA,286.027
2000-05-02,19.581,NA,NA,NA,286.006
2000-05-03,19.351,NA,NA,NA,285.997
2000-05-04,19.581,NA,NA,NA,286.006
2000-05-05,19.351,NA,NA,NA,285.997
2000-05-06,18.811,NA,NA,NA,285.976
2000-05-07,19.427,NA,NA,NA,286
2000-05-08,23.668,NA,NA,NA,286.168
2000-05-09,19.659,NA,NA,NA,286.009
2000-05-10,18.888,NA,NA,NA,285.979
2000-05-11,20.122,NA,NA,NA,286.027
2000-05-12,21.432,NA,NA,NA,286.079
2000-05-13,28.068,NA,NA,NA,286.323
2000-05-14,24.938,NA,NA,NA,286.216
2000-05-15,24.67,NA,NA,NA,286.207
2000-05-16,24.67,NA,NA,NA,286.207
2000-05-17,24.67,NA,NA,NA,286.207
2000-05-18,25.564,NA,NA,NA,286.238
2000-05-19,24.593,NA,NA,NA,286.204
2000-05-20,23.899,NA,NA,NA,286.177
2000-05-21,25.743,NA,NA,NA,286.244
2000-05-22,22.048,NA,NA,NA,286.104
2000-05-23,22.048,NA,NA,NA,286.104
2000-05-24,21.894,NA,NA,NA,286.097
2000-05-25,20.661,NA,NA,NA,286.049
2000-05-26,20.661,NA,NA,NA,286.049
2000-05-27,20.969,NA,NA,NA,286.061
2000-05-28,21.355,NA,NA,NA,286.076
2000-05-29,19.813,NA,NA,NA,286.015
2000-05-30,21.509,NA,NA,NA,286.082
2000-05-31,21.278,NA,NA,NA,286.073
2000-06-01,21.355,NA,NA,NA,286.076
2000-06-02,21.432,NA,NA,NA,286.079
2000-06-03,19.968,NA,NA,NA,286.021
2000-06-04,20.738,NA,NA,NA,286.052
2000-06-05,20.738,NA,NA,NA,286.052
2000-06-06,20.122,NA,NA,NA,286.027
2000-06-07,19.736,NA,NA,NA,286.012
2000-06-08,19.968,NA,NA,NA,286.021
2000-06-09,19.427,NA,NA,NA,286
2000-06-10,19.736,NA,NA,NA,286.012
2000-06-11,19.427,NA,NA,NA,286
2000-06-12,18.272,NA,NA,NA,285.954
2000-06-13,17.115,NA,NA,NA,285.908
2000-06-14,19.273,NA,NA,NA,285.994
2000-06-15,18.734,NA,NA,NA,285.973
2000-06-16,20.044,NA,NA,NA,286.024
2000-06-17,18.656,NA,NA,NA,285.969
2000-06-18,18.965,NA,NA,NA,285.982
2000-06-19,18.117,NA,NA,NA,285.948
2000-06-20,19.736,NA,NA,NA,286.012
2000-06-21,19.581,NA,NA,NA,286.006
2000-06-22,18.811,NA,NA,NA,285.976
2000-06-23,18.426,NA,NA,NA,285.96
2000-06-24,18.734,NA,NA,NA,285.973
2000-06-25,17.809,NA,NA,NA,285.936
2000-06-26,18.811,NA,NA,NA,285.976
2000-06-27,18.888,NA,NA,NA,285.979
2000-06-28,18.348,NA,NA,NA,285.957
2000-06-29,17.885,NA,NA,NA,285.939
2000-06-30,17.577,NA,NA,NA,285.927
2000-07-01,17.577,NA,NA,NA,285.927
2000-07-02,18.348,NA,NA,NA,285.957
2000-07-03,18.04,NA,NA,NA,285.945
2000-07-04,17.577,NA,NA,NA,285.927
2000-07-05,18.656,NA,NA,NA,285.969
2000-07-06,18.502,NA,NA,NA,285.963
2000-07-07,17.038,NA,NA,NA,285.905
2000-07-08,18.348,NA,NA,NA,285.957
2000-07-09,18.426,NA,NA,NA,285.96
2000-07-10,18.426,NA,NA,NA,285.96
2000-07-11,17.885,NA,NA,NA,285.939
2000-07-12,19.273,NA,NA,NA,285.994
2000-07-13,18.888,NA,NA,NA,285.979
2000-07-14,18.888,NA,NA,NA,285.979
2000-07-15,18.348,NA,NA,NA,285.957
2000-07-16,19.968,NA,NA,NA,286.021
2000-07-17,19.273,NA,NA,NA,285.994
2000-07-18,18.502,NA,NA,NA,285.963
2000-07-19,18.811,NA,NA,NA,285.976
2000-07-20,19.351,NA,NA,NA,285.997
2000-07-21,19.042,NA,NA,NA,285.985
2000-07-22,18.965,NA,NA,NA,285.982
2000-07-23,18.965,NA,NA,NA,285.982
2000-07-24,18.734,NA,NA,NA,285.973
2000-07-25,20.276,NA,NA,NA,286.033
2000-07-26,20.584,NA,NA,NA,286.046
2000-07-27,20.893,NA,NA,NA,286.058
2000-07-28,20.661,NA,NA,NA,286.049
2000-07-29,20.584,NA,NA,NA,286.046
2000-07-30,20.661,NA,NA,NA,286.049
2000-07-31,20.43,NA,NA,NA,286.04
2000-08-01,20.584,NA,NA,NA,286.046
2000-08-02,20.276,NA,NA,NA,286.033
2000-08-03,19.89,NA,NA,NA,286.018
2000-08-04,19.427,NA,NA,NA,286
2000-08-05,19.659,NA,NA,NA,286.009
2000-08-06,18.888,NA,NA,NA,285.979
2000-08-07,17.809,NA,NA,NA,285.936
2000-08-08,18.965,NA,NA,NA,285.982
2000-08-09,17.963,NA,NA,NA,285.942
2000-08-10,17.038,NA,NA,NA,285.905
2000-08-11,16.541,NA,NA,NA,285.878
2000-08-12,16.804,NA,NA,NA,285.893
2000-08-13,16.804,NA,NA,NA,285.893
2000-08-14,16.07,NA,NA,NA,285.851
2000-08-15,16.646,NA,NA,NA,285.884
2000-08-16,16.07,NA,NA,NA,285.851
2000-08-17,16.699,NA,NA,NA,285.887
2000-08-18,16.541,NA,NA,NA,285.878
2000-08-19,16.175,NA,NA,NA,285.857
2000-08-20,16.07,NA,NA,NA,285.851
2000-08-21,16.646,NA,NA,NA,285.884
2000-08-22,16.646,NA,NA,NA,285.884
2000-08-23,16.646,NA,NA,NA,285.884
2000-08-24,16.489,NA,NA,NA,285.875
2000-08-25,16.384,NA,NA,NA,285.869
2000-08-26,16.594,NA,NA,NA,285.881
2000-08-27,16.226,NA,NA,NA,285.86
2000-08-28,15.86,NA,NA,NA,285.838
2000-08-29,16.646,NA,NA,NA,285.884
2000-08-30,16.331,NA,NA,NA,285.866
2000-08-31,17.423,NA,NA,NA,285.921
2000-09-01,16.909,NA,NA,NA,285.899
2000-09-02,16.804,NA,NA,NA,285.893
2000-09-03,16.594,NA,NA,NA,285.881
2000-09-04,16.331,NA,NA,NA,285.866
2000-09-05,15.912,NA,NA,NA,285.841
2000-09-06,15.65,NA,NA,NA,285.826
2000-09-07,18.502,NA,NA,NA,285.963
2000-09-08,18.426,NA,NA,NA,285.96
2000-09-09,17.885,NA,NA,NA,285.939
2000-09-10,19.042,NA,NA,NA,285.985
2000-09-11,18.58,NA,NA,NA,285.966
2000-09-12,18.656,NA,NA,NA,285.969
2000-09-13,18.426,NA,NA,NA,285.96
2000-09-14,18.58,NA,NA,NA,285.966
2000-09-15,18.348,NA,NA,NA,285.957
2000-09-16,17.501,NA,NA,NA,285.924
2000-09-17,18.194,NA,NA,NA,285.951
2000-09-18,17.809,NA,NA,NA,285.936
2000-09-19,18.426,NA,NA,NA,285.96
2000-09-20,19.273,NA,NA,NA,285.994
2000-09-21,17.885,NA,NA,NA,285.939
2000-09-22,17.192,NA,NA,NA,285.912
2000-09-23,18.348,NA,NA,NA,285.957
2000-09-24,18.502,NA,NA,NA,285.963
2000-09-25,18.58,NA,NA,NA,285.966
2000-09-26,18.272,NA,NA,NA,285.954
2000-09-27,18.194,NA,NA,NA,285.951
2000-09-28,17.963,NA,NA,NA,285.942
2000-09-29,17.963,NA,NA,NA,285.942
2000-09-30,18.194,NA,NA,NA,285.951
2000-10-01,18.194,NA,NA,NA,285.951
2000-10-02,18.502,NA,NA,NA,285.963
2000-10-03,18.811,NA,NA,NA,285.976
2000-10-04,18.502,NA,NA,NA,285.963
2000-10-05,18.734,NA,NA,NA,285.973
2000-10-06,18.965,NA,NA,NA,285.982
2000-10-07,19.042,NA,NA,NA,285.985
2000-10-08,19.042,NA,NA,NA,285.985
2000-10-09,18.734,NA,NA,NA,285.973
2000-10-10,18.888,NA,NA,NA,285.979
2000-10-11,18.734,NA,NA,NA,285.973
2000-10-12,18.888,NA,NA,NA,285.979
2000-10-13,18.888,NA,NA,NA,285.979
2000-10-14,19.505,NA,NA,NA,286.003
2000-10-15,19.273,NA,NA,NA,285.994
2000-10-16,19.273,NA,NA,NA,285.994
2000-10-17,19.89,NA,NA,NA,286.018
2000-10-18,20.044,NA,NA,NA,286.024
2000-10-19,19.89,NA,NA,NA,286.018
2000-10-20,20.584,NA,NA,NA,286.046
2000-10-21,19.968,NA,NA,NA,286.021
2000-10-22,20.198,NA,NA,NA,286.03
2000-10-23,21.123,NA,NA,NA,286.067
2000-10-24,20.661,NA,NA,NA,286.049
2000-10-25,20.661,NA,NA,NA,286.049
2000-10-26,21.047,NA,NA,NA,286.064
2000-10-27,22.048,NA,NA,NA,286.104
2000-10-28,20.276,NA,NA,NA,286.033
2000-10-29,19.736,NA,NA,NA,286.012
2000-10-30,22.28,NA,NA,NA,286.113
2000-10-31,22.897,NA,NA,NA,286.137
2000-11-01,23.436,NA,NA,NA,286.158
2000-11-02,23.051,NA,NA,NA,286.143
2000-11-03,16.699,NA,NA,NA,285.887
2000-11-04,16.122,NA,NA,NA,285.854
2000-11-05,15.702,NA,NA,NA,285.829
2000-11-06,16.804,NA,NA,NA,285.893
2000-11-07,16.856,NA,NA,NA,285.896
2000-11-08,17.269,NA,NA,NA,285.915
2000-11-09,16.751,NA,NA,NA,285.89
2000-11-10,17.269,NA,NA,NA,285.915
2000-11-11,16.751,NA,NA,NA,285.89
2000-11-12,17.192,NA,NA,NA,285.912
2000-11-13,17.655,NA,NA,NA,285.93
2000-11-14,17.269,NA,NA,NA,285.915
2000-11-15,17.115,NA,NA,NA,285.908
2000-11-16,17.038,NA,NA,NA,285.905
2000-11-17,16.804,NA,NA,NA,285.893
2000-11-18,16.699,NA,NA,NA,285.887
2000-11-19,17.038,NA,NA,NA,285.905
2000-11-20,16.699,NA,NA,NA,285.887
2000-11-21,16.436,NA,NA,NA,285.872
2000-11-22,16.384,NA,NA,NA,285.869
2000-11-23,16.384,NA,NA,NA,285.869
2000-11-24,16.384,NA,NA,NA,285.869
2000-11-25,16.436,NA,NA,NA,285.872
2000-11-26,16.436,NA,NA,NA,285.872
2000-11-27,16.384,NA,NA,NA,285.869
2000-11-28,16.384,NA,NA,NA,285.869
2000-11-29,16.541,NA,NA,NA,285.878
2000-11-30,16.436,NA,NA,NA,285.872
2000-12-01,16.489,NA,NA,NA,285.875
2000-12-02,16.436,NA,NA,NA,285.872
2000-12-03,16.436,NA,NA,NA,285.872
2000-12-04,16.436,NA,NA,NA,285.872
2000-12-05,16.331,NA,NA,NA,285.866
2000-12-06,16.384,NA,NA,NA,285.869
2000-12-07,16.384,NA,NA,NA,285.869
2000-12-08,16.331,NA,NA,NA,285.866
2000-12-09,16.331,NA,NA,NA,285.866
2000-12-10,16.331,NA,NA,NA,285.866
2000-12-11,16.279,NA,NA,NA,285.863
2000-12-12,16.226,NA,NA,NA,285.86
2000-12-13,16.175,NA,NA,NA,285.857
2000-12-14,16.122,NA,NA,NA,285.854
2000-12-15,16.07,NA,NA,NA,285.851
2000-12-16,16.175,NA,NA,NA,285.857
2000-12-17,16.07,NA,NA,NA,285.851
2000-12-18,16.122,NA,NA,NA,285.854
2000-12-19,16.017,NA,NA,NA,285.848
2000-12-20,15.912,NA,NA,NA,285.841
2000-12-21,15.912,NA,NA,NA,285.841
2000-12-22,15.807,NA,NA,NA,285.835
2000-12-23,15.807,NA,NA,NA,285.835
2000-12-24,15.702,NA,NA,NA,285.829
2000-12-25,15.65,NA,NA,NA,285.826
2000-12-26,15.65,NA,NA,NA,285.826
2000-12-27,15.597,NA,NA,NA,285.823
2000-12-28,15.702,NA,NA,NA,285.829
2000-12-29,15.807,NA,NA,NA,285.835
2000-12-30,15.807,NA,NA,NA,285.835
2000-12-31,15.807,NA,NA,NA,285.835
2001-01-01,15.807,NA,NA,NA,285.835
2001-01-02,15.807,NA,NA,NA,285.835
2001-01-03,15.807,NA,NA,NA,285.835
2001-01-04,15.807,NA,NA,NA,285.835
2001-01-05,15.912,NA,NA,NA,285.841
2001-01-06,15.912,NA,NA,NA,285.841
2001-01-07,15.912,NA,NA,NA,285.841
2001-01-08,15.912,NA,NA,NA,285.841
2001-01-09,15.86,NA,NA,NA,285.838
2001-01-10,15.912,NA,NA,NA,285.841
2001-01-11,16.699,NA,NA,NA,285.887
2001-01-12,15.965,NA,NA,NA,285.844
2001-01-13,15.965,NA,NA,NA,285.844
2001-01-14,16.07,NA,NA,NA,285.851
2001-01-15,16.122,NA,NA,NA,285.854
2001-01-16,16.122,NA,NA,NA,285.854
2001-01-17,16.07,NA,NA,NA,285.851
2001-01-18,16.175,NA,NA,NA,285.857
2001-01-19,16.122,NA,NA,NA,285.854
2001-01-20,16.07,NA,NA,NA,285.851
2001-01-21,16.07,NA,NA,NA,285.851
2001-01-22,16.017,NA,NA,NA,285.848
2001-01-23,16.07,NA,NA,NA,285.851
2001-01-24,16.07,NA,NA,NA,285.851
2001-01-25,16.017,NA,NA,NA,285.848
2001-01-26,16.122,NA,NA,NA,285.854
2001-01-27,16.017,NA,NA,NA,285.848
2001-01-28,15.965,NA,NA,NA,285.844
2001-01-29,15.965,NA,NA,NA,285.844
2001-01-30,16.436,NA,NA,NA,285.872
2001-01-31,16.331,NA,NA,NA,285.866
2001-02-01,16.279,NA,NA,NA,285.863
2001-02-02,16.226,NA,NA,NA,285.86
2001-02-03,16.279,NA,NA,NA,285.863
2001-02-04,16.279,NA,NA,NA,285.863
2001-02-05,16.175,NA,NA,NA,285.857
2001-02-06,16.122,NA,NA,NA,285.854
2001-02-07,16.122,NA,NA,NA,285.854
2001-02-08,16.279,NA,NA,NA,285.863
2001-02-09,16.331,NA,NA,NA,285.866
2001-02-10,16.331,NA,NA,NA,285.866
2001-02-11,16.331,NA,NA,NA,285.866
2001-02-12,16.331,NA,NA,NA,285.866
2001-02-13,16.331,NA,NA,NA,285.866
2001-02-14,NA,NA,NA,NA,NA
2001-02-15,NA,NA,NA,NA,NA
2001-02-16,NA,NA,NA,NA,NA
2001-02-17,NA,NA,NA,NA,NA
2001-02-18,NA,NA,NA,NA,NA
2001-02-19,NA,NA,NA,NA,NA
2001-02-20,NA,NA,NA,NA,NA
2001-02-21,NA,NA,NA,NA,NA
2001-02-22,NA,NA,NA,NA,NA
2001-02-23,16.122,NA,NA,NA,285.854
2001-02-24,16.122,NA,NA,NA,285.854
2001-02-25,16.122,NA,NA,NA,285.854
2001-02-26,16.122,NA,NA,NA,285.854
2001-02-27,16.122,NA,NA,NA,285.854
2001-02-28,16.122,NA,NA,NA,285.854
2001-03-01,16.122,NA,NA,NA,285.854
2001-03-02,16.122,NA,NA,NA,285.854
2001-03-03,16.122,NA,NA,NA,285.854
2001-03-04,16.122,NA,NA,NA,285.854
2001-03-05,16.122,NA,NA,NA,285.854
2001-03-06,16.017,NA,NA,NA,285.848
2001-03-07,16.122,NA,NA,NA,285.854
2001-03-08,16.226,NA,NA,NA,285.86
2001-03-09,16.226,NA,NA,NA,285.86
2001-03-10,16.384,NA,NA,NA,285.869
2001-03-11,16.541,NA,NA,NA,285.878
2001-03-12,16.856,NA,NA,NA,285.896
2001-03-13,17.346,NA,NA,NA,285.918
2001-03-14,17.731,NA,NA,NA,285.933
2001-03-15,18.194,NA,NA,NA,285.951
2001-03-16,18.502,NA,NA,NA,285.963
2001-03-17,18.811,NA,NA,NA,285.976
2001-03-18,19.119,NA,NA,NA,285.988
2001-03-19,19.427,NA,NA,NA,286
2001-03-20,19.736,NA,NA,NA,286.012
2001-03-21,20.969,NA,NA,NA,286.061
2001-03-22,20.276,NA,NA,NA,286.033
2001-03-23,20.276,NA,NA,NA,286.033
2001-03-24,20.276,NA,NA,NA,286.033
2001-03-25,20.352,NA,NA,NA,286.037
2001-03-26,20.276,NA,NA,NA,286.033
2001-03-27,20.661,NA,NA,NA,286.049
2001-03-28,20.122,NA,NA,NA,286.027
2001-03-29,20.122,NA,NA,NA,286.027
2001-03-30,20.893,NA,NA,NA,286.058
2001-03-31,20.661,NA,NA,NA,286.049
2001-04-01,20.893,NA,NA,NA,286.058
2001-04-02,21.201,NA,NA,NA,286.07
2001-04-03,21.664,NA,NA,NA,286.088
2001-04-04,22.203,NA,NA,NA,286.11
2001-04-05,23.282,NA,NA,NA,286.152
2001-04-06,24.67,NA,NA,NA,286.207
2001-04-07,28.873,NA,NA,NA,286.35
2001-04-08,36.671,NA,NA,NA,286.61
2001-04-09,57.671,NA,NA,NA,287.21
2001-04-10,73.589,NA,NA,NA,287.597
2001-04-11,87.503,NA,NA,NA,287.902
2001-04-12,98.37,NA,NA,NA,288.127
2001-04-13,104.229,NA,NA,NA,288.243
2001-04-14,108.7,NA,NA,NA,288.332
2001-04-15,109.829,NA,NA,NA,288.353
2001-04-16,106.85,NA,NA,NA,288.295
2001-04-17,106.542,NA,NA,NA,288.289
2001-04-18,100.374,NA,NA,NA,288.167
2001-04-19,97.445,NA,NA,NA,288.109
2001-04-20,94.207,NA,NA,NA,288.045
2001-04-21,92.184,NA,NA,NA,288.002
2001-04-22,83.106,NA,NA,NA,287.807
2001-04-23,86.794,NA,NA,NA,287.887
2001-04-24,82.68,NA,NA,NA,287.798
2001-04-25,84.524,NA,NA,NA,287.838
2001-04-26,88.212,NA,NA,NA,287.917
2001-04-27,85.233,NA,NA,NA,287.853
2001-04-28,81.687,NA,NA,NA,287.777
2001-04-29,79.843,NA,NA,NA,287.737
2001-04-30,74.675,NA,NA,NA,287.621
2001-05-01,73.725,NA,NA,NA,287.6
2001-05-02,69.926,NA,NA,NA,287.515
2001-05-03,65.757,NA,NA,NA,287.42
2001-05-04,60.249,NA,NA,NA,287.277
2001-05-05,59.781,NA,NA,NA,287.265
2001-05-06,58.492,NA,NA,NA,287.231
2001-05-07,57.085,NA,NA,NA,287.195
2001-05-08,53.94,NA,NA,NA,287.112
2001-05-09,52.275,NA,NA,NA,287.067
2001-05-10,52.164,NA,NA,NA,287.064
2001-05-11,52.053,NA,NA,NA,287.061
2001-05-12,50.388,NA,NA,NA,287.015
2001-05-13,49.278,NA,NA,NA,286.984
2001-05-14,47.945,NA,NA,NA,286.948
2001-05-15,46.724,NA,NA,NA,286.914
2001-05-16,44.171,NA,NA,NA,286.844
2001-05-17,42.694,NA,NA,NA,286.802
2001-05-18,40.974,NA,NA,NA,286.747
2001-05-19,40.018,NA,NA,NA,286.716
2001-05-20,39.062,NA,NA,NA,286.686
2001-05-21,40.209,NA,NA,NA,286.722
2001-05-22,40.495,NA,NA,NA,286.731
2001-05-23,38.488,NA,NA,NA,286.667
2001-05-24,35.812,NA,NA,NA,286.582
2001-05-25,35.524,NA,NA,NA,286.573
2001-05-26,34.856,NA,NA,NA,286.552
2001-05-27,34.759,NA,NA,NA,286.549
2001-05-28,34.759,NA,NA,NA,286.549
2001-05-29,34.568,NA,NA,NA,286.542
2001-05-30,33.995,NA,NA,NA,286.524
2001-05-31,34.091,NA,NA,NA,286.527
2001-06-01,32.093,NA,NA,NA,286.46
2001-06-02,32.003,NA,NA,NA,286.457
2001-06-03,30.662,NA,NA,NA,286.411
2001-06-04,30.662,NA,NA,NA,286.411
2001-06-05,30.841,NA,NA,NA,286.418
2001-06-06,31.287,NA,NA,NA,286.433
2001-06-07,31.466,NA,NA,NA,286.439
2001-06-08,31.377,NA,NA,NA,286.436
2001-06-09,31.198,NA,NA,NA,286.43
2001-06-10,32.808,NA,NA,NA,286.485
2001-06-11,32.897,NA,NA,NA,286.488
2001-06-12,34.186,NA,NA,NA,286.53
2001-06-13,35.812,NA,NA,NA,286.582
2001-06-14,37.15,NA,NA,NA,286.625
2001-06-15,38.488,NA,NA,NA,286.667
2001-06-16,39.73,NA,NA,NA,286.707
2001-06-17,40.209,NA,NA,NA,286.722
2001-06-18,41.069,NA,NA,NA,286.75
2001-06-19,41.833,NA,NA,NA,286.774
2001-06-20,41.833,NA,NA,NA,286.774
2001-06-21,41.833,NA,NA,NA,286.774
2001-06-22,41.26,NA,NA,NA,286.756
2001-06-23,40.4,NA,NA,NA,286.728
2001-06-24,39.539,NA,NA,NA,286.701
2001-06-25,39.539,NA,NA,NA,286.701
2001-06-26,39.062,NA,NA,NA,286.686
2001-06-27,38.297,NA,NA,NA,286.661
2001-06-28,36.959,NA,NA,NA,286.619
2001-06-29,35.524,NA,NA,NA,286.573
2001-06-30,35.238,NA,NA,NA,286.564
2001-07-01,33.9,NA,NA,NA,286.521
2001-07-02,32.718,NA,NA,NA,286.482
2001-07-03,32.808,NA,NA,NA,286.485
2001-07-04,32.272,NA,NA,NA,286.466
2001-07-05,31.198,NA,NA,NA,286.43
2001-07-06,30.035,NA,NA,NA,286.39
2001-07-07,30.125,NA,NA,NA,286.393
2001-07-08,30.214,NA,NA,NA,286.396
2001-07-09,31.735,NA,NA,NA,286.448
2001-07-10,32.093,NA,NA,NA,286.46
2001-07-11,27.531,NA,NA,NA,286.305
2001-07-12,26.279,NA,NA,NA,286.262
2001-07-13,23.59,NA,NA,NA,286.165
2001-07-14,23.514,NA,NA,NA,286.161
2001-07-15,25.564,NA,NA,NA,286.238
2001-07-16,23.282,NA,NA,NA,286.152
2001-07-17,27.442,NA,NA,NA,286.302
2001-07-18,26.548,NA,NA,NA,286.271
2001-07-19,31.198,NA,NA,NA,286.43
2001-07-20,34.186,NA,NA,NA,286.53
2001-07-21,36.098,NA,NA,NA,286.591
2001-07-22,45.614,NA,NA,NA,286.884
2001-07-23,52.83,NA,NA,NA,287.082
2001-07-24,56.734,NA,NA,NA,287.186
2001-07-25,69.112,NA,NA,NA,287.497
2001-07-26,48.722,NA,NA,NA,286.969
2001-07-27,21.972,NA,NA,NA,286.101
2001-07-28,22.28,NA,NA,NA,286.113
2001-07-29,22.743,NA,NA,NA,286.131
2001-07-30,23.205,NA,NA,NA,286.149
2001-07-31,22.897,NA,NA,NA,286.137
2001-08-01,22.589,NA,NA,NA,286.125
2001-08-02,22.203,NA,NA,NA,286.11
2001-08-03,21.664,NA,NA,NA,286.088
2001-08-04,21.355,NA,NA,NA,286.076
2001-08-05,21.123,NA,NA,NA,286.067
2001-08-06,21.664,NA,NA,NA,286.088
2001-08-07,20.969,NA,NA,NA,286.061
2001-08-08,20.738,NA,NA,NA,286.052
2001-08-09,21.509,NA,NA,NA,286.082
2001-08-10,19.813,NA,NA,NA,286.015
2001-08-11,19.351,NA,NA,NA,285.997
2001-08-12,19.89,NA,NA,NA,286.018
2001-08-13,19.119,NA,NA,NA,285.988
2001-08-14,18.502,NA,NA,NA,285.963
2001-08-15,18.502,NA,NA,NA,285.963
2001-08-16,19.197,NA,NA,NA,285.991
2001-08-17,18.348,NA,NA,NA,285.957
2001-08-18,19.197,NA,NA,NA,285.991
2001-08-19,18.272,NA,NA,NA,285.954
2001-08-20,17.731,NA,NA,NA,285.933
2001-08-21,17.577,NA,NA,NA,285.927
2001-08-22,18.117,NA,NA,NA,285.948
2001-08-23,17.885,NA,NA,NA,285.939
2001-08-24,17.577,NA,NA,NA,285.927
2001-08-25,17.809,NA,NA,NA,285.936
2001-08-26,17.269,NA,NA,NA,285.915
2001-08-27,17.963,NA,NA,NA,285.942
2001-08-28,17.423,NA,NA,NA,285.921
2001-08-29,14.863,NA,NA,NA,285.78
2001-08-30,17.423,NA,NA,NA,285.921
2001-08-31,17.115,NA,NA,NA,285.908
2001-09-01,16.331,NA,NA,NA,285.866
2001-09-02,16.804,NA,NA,NA,285.893
2001-09-03,17.346,NA,NA,NA,285.918
2001-09-04,16.751,NA,NA,NA,285.89
2001-09-05,16.489,NA,NA,NA,285.875
2001-09-06,16.699,NA,NA,NA,285.887
2001-09-07,17.346,NA,NA,NA,285.918
2001-09-08,17.423,NA,NA,NA,285.921
2001-09-09,16.96,NA,NA,NA,285.902
2001-09-10,17.192,NA,NA,NA,285.912
2001-09-11,16.96,NA,NA,NA,285.902
2001-09-12,17.038,NA,NA,NA,285.905
2001-09-13,16.594,NA,NA,NA,285.881
2001-09-14,16.489,NA,NA,NA,285.875
2001-09-15,16.384,NA,NA,NA,285.869
2001-09-16,16.804,NA,NA,NA,285.893
2001-09-17,17.423,NA,NA,NA,285.921
2001-09-18,17.423,NA,NA,NA,285.921
2001-09-19,17.269,NA,NA,NA,285.915
2001-09-20,17.269,NA,NA,NA,285.915
2001-09-21,18.194,NA,NA,NA,285.951
2001-09-22,17.346,NA,NA,NA,285.918
2001-09-23,18.965,NA,NA,NA,285.982
2001-09-24,17.885,NA,NA,NA,285.939
2001-09-25,17.885,NA,NA,NA,285.939
2001-09-26,17.809,NA,NA,NA,285.936
2001-09-27,17.885,NA,NA,NA,285.939
2001-09-28,17.731,NA,NA,NA,285.933
2001-09-29,17.346,NA,NA,NA,285.918
2001-09-30,17.809,NA,NA,NA,285.936
2001-10-01,17.809,NA,NA,NA,285.936
2001-10-02,17.577,NA,NA,NA,285.927
2001-10-03,17.809,NA,NA,NA,285.936
2001-10-04,17.577,NA,NA,NA,285.927
2001-10-05,17.809,NA,NA,NA,285.936
2001-10-06,17.038,NA,NA,NA,285.905
2001-10-07,16.175,NA,NA,NA,285.857
2001-10-08,16.594,NA,NA,NA,285.881
2001-10-09,16.909,NA,NA,NA,285.899
2001-10-10,18.348,NA,NA,NA,285.957
2001-10-11,16.699,NA,NA,NA,285.887
2001-10-12,16.331,NA,NA,NA,285.866
2001-10-13,16.96,NA,NA,NA,285.902
2001-10-14,18.348,NA,NA,NA,285.957
2001-10-15,17.346,NA,NA,NA,285.918
2001-10-16,17.192,NA,NA,NA,285.912
2001-10-17,16.331,NA,NA,NA,285.866
2001-10-18,16.856,NA,NA,NA,285.896
2001-10-19,16.909,NA,NA,NA,285.899
2001-10-20,16.96,NA,NA,NA,285.902
2001-10-21,16.804,NA,NA,NA,285.893
2001-10-22,16.856,NA,NA,NA,285.896
2001-10-23,17.269,NA,NA,NA,285.915
2001-10-24,17.192,NA,NA,NA,285.912
2001-10-25,24.67,NA,NA,NA,286.207
2001-10-26,28.962,NA,NA,NA,286.354
2001-10-27,18.117,NA,NA,NA,285.948
2001-10-28,17.501,NA,NA,NA,285.924
2001-10-29,18.888,NA,NA,NA,285.979
2001-10-30,17.192,NA,NA,NA,285.912
2001-10-31,16.384,NA,NA,NA,285.869
2001-11-01,17.115,NA,NA,NA,285.908
2001-11-02,17.501,NA,NA,NA,285.924
2001-11-03,16.804,NA,NA,NA,285.893
2001-11-04,16.856,NA,NA,NA,285.896
2001-11-05,16.646,NA,NA,NA,285.884
2001-11-06,17.346,NA,NA,NA,285.918
2001-11-07,17.115,NA,NA,NA,285.908
2001-11-08,18.965,NA,NA,NA,285.982
2001-11-09,16.699,NA,NA,NA,285.887
2001-11-10,16.751,NA,NA,NA,285.89
2001-11-11,16.856,NA,NA,NA,285.896
2001-11-12,16.751,NA,NA,NA,285.89
2001-11-13,17.038,NA,NA,NA,285.905
2001-11-14,NA,NA,NA,NA,NA
2001-11-15,NA,NA,NA,NA,NA
2001-11-16,NA,NA,NA,NA,NA
2001-11-17,NA,NA,NA,NA,NA
2001-11-18,NA,NA,NA,NA,NA
2001-11-19,18.117,NA,NA,NA,285.948
2001-11-20,NA,NA,NA,NA,NA
2001-11-21,NA,NA,NA,NA,NA
2001-11-22,NA,NA,NA,NA,NA
2001-11-23,NA,NA,NA,NA,NA
2001-11-24,NA,NA,NA,NA,NA
2001-11-25,NA,NA,NA,NA,NA
2001-11-26,17.346,NA,NA,NA,285.918
2001-11-27,NA,NA,NA,NA,NA
2001-11-28,NA,NA,NA,NA,NA
2001-11-29,NA,NA,NA,NA,NA
2001-11-30,NA,NA,NA,NA,NA
2001-12-01,NA,NA,NA,NA,NA
2001-12-02,NA,NA,NA,NA,NA
2001-12-03,NA,NA,NA,NA,NA
2001-12-04,NA,NA,NA,NA,NA
2001-12-05,NA,NA,NA,NA,NA
2001-12-06,18.58,NA,NA,NA,285.966
2001-12-07,18.348,NA,NA,NA,285.957
2001-12-08,18.348,NA,NA,NA,285.957
2001-12-09,18.272,NA,NA,NA,285.954
2001-12-10,18.194,NA,NA,NA,285.951
2001-12-11,18.194,NA,NA,NA,285.951
2001-12-12,18.194,NA,NA,NA,285.951
2001-12-13,18.194,NA,NA,NA,285.951
2001-12-14,18.194,NA,NA,NA,285.951
2001-12-15,18.272,NA,NA,NA,285.954
2001-12-16,18.348,NA,NA,NA,285.957
2001-12-17,18.348,NA,NA,NA,285.957
2001-12-18,18.426,NA,NA,NA,285.96
2001-12-19,18.348,NA,NA,NA,285.957
2001-12-20,18.272,NA,NA,NA,285.954
2001-12-21,18.194,NA,NA,NA,285.951
2001-12-22,18.272,NA,NA,NA,285.954
2001-12-23,18.117,NA,NA,NA,285.948
2001-12-24,17.885,NA,NA,NA,285.939
2001-12-25,17.577,NA,NA,NA,285.927
2001-12-26,17.423,NA,NA,NA,285.921
2001-12-27,17.501,NA,NA,NA,285.924
2001-12-28,17.655,NA,NA,NA,285.93
2001-12-29,17.655,NA,NA,NA,285.93
2001-12-30,17.655,NA,NA,NA,285.93
2001-12-31,17.577,NA,NA,NA,285.927
2002-01-01,17.577,NA,NA,NA,285.927
2002-01-02,17.577,NA,NA,NA,285.927
2002-01-03,17.655,NA,NA,NA,285.93
2002-01-04,17.655,NA,NA,NA,285.93
2002-01-05,17.731,NA,NA,NA,285.933
2002-01-06,17.809,NA,NA,NA,285.936
2002-01-07,17.809,NA,NA,NA,285.936
2002-01-08,17.809,NA,NA,NA,285.936
2002-01-09,17.885,NA,NA,NA,285.939
2002-01-10,17.963,NA,NA,NA,285.942
2002-01-11,17.963,NA,NA,NA,285.942
2002-01-12,18.04,NA,NA,NA,285.945
2002-01-13,18.117,NA,NA,NA,285.948
2002-01-14,18.348,NA,NA,NA,285.957
2002-01-15,18.426,NA,NA,NA,285.96
2002-01-16,18.272,NA,NA,NA,285.954
2002-01-17,18.348,NA,NA,NA,285.957
2002-01-18,18.348,NA,NA,NA,285.957
2002-01-19,18.426,NA,NA,NA,285.96
2002-01-20,18.348,NA,NA,NA,285.957
2002-01-21,18.272,NA,NA,NA,285.954
2002-01-22,18.348,NA,NA,NA,285.957
2002-01-23,18.348,NA,NA,NA,285.957
2002-01-24,18.272,NA,NA,NA,285.954
2002-01-25,18.272,NA,NA,NA,285.954
2002-01-26,18.272,NA,NA,NA,285.954
2002-01-27,18.426,NA,NA,NA,285.96
2002-01-28,18.58,NA,NA,NA,285.966
2002-01-29,18.656,NA,NA,NA,285.969
2002-01-30,18.58,NA,NA,NA,285.966
2002-01-31,18.656,NA,NA,NA,285.969
2002-02-01,18.656,NA,NA,NA,285.969
2002-02-02,18.656,NA,NA,NA,285.969
2002-02-03,18.58,NA,NA,NA,285.966
2002-02-04,18.426,NA,NA,NA,285.96
2002-02-05,18.348,NA,NA,NA,285.957
2002-02-06,18.272,NA,NA,NA,285.954
2002-02-07,18.272,NA,NA,NA,285.954
2002-02-08,18.194,NA,NA,NA,285.951
2002-02-09,18.194,NA,NA,NA,285.951
2002-02-10,18.194,NA,NA,NA,285.951
2002-02-11,18.194,NA,NA,NA,285.951
2002-02-12,18.272,NA,NA,NA,285.954
2002-02-13,18.194,NA,NA,NA,285.951
2002-02-14,18.194,NA,NA,NA,285.951
2002-02-15,18.194,NA,NA,NA,285.951
2002-02-16,18.348,NA,NA,NA,285.957
2002-02-17,18.426,NA,NA,NA,285.96
2002-02-18,18.656,NA,NA,NA,285.969
2002-02-19,19.119,NA,NA,NA,285.988
2002-02-20,19.273,NA,NA,NA,285.994
2002-02-21,19.581,NA,NA,NA,286.006
2002-02-22,19.89,NA,NA,NA,286.018
2002-02-23,20.122,NA,NA,NA,286.027
2002-02-24,20.43,NA,NA,NA,286.04
2002-02-25,20.43,NA,NA,NA,286.04
2002-02-26,20.352,NA,NA,NA,286.037
2002-02-27,20.044,NA,NA,NA,286.024
2002-02-28,20.044,NA,NA,NA,286.024
2002-03-01,20.044,NA,NA,NA,286.024
2002-03-02,20.044,NA,NA,NA,286.024
2002-03-03,19.968,NA,NA,NA,286.021
2002-03-04,19.813,NA,NA,NA,286.015
2002-03-05,19.736,NA,NA,NA,286.012
2002-03-06,19.736,NA,NA,NA,286.012
2002-03-07,19.505,NA,NA,NA,286.003
2002-03-08,19.505,NA,NA,NA,286.003
2002-03-09,19.581,NA,NA,NA,286.006
2002-03-10,19.119,NA,NA,NA,285.988
2002-03-11,19.042,NA,NA,NA,285.985
2002-03-12,18.888,NA,NA,NA,285.979
2002-03-13,18.965,NA,NA,NA,285.982
2002-03-14,18.965,NA,NA,NA,285.982
2002-03-15,19.427,NA,NA,NA,286
2002-03-16,19.351,NA,NA,NA,285.997
2002-03-17,19.351,NA,NA,NA,285.997
2002-03-18,19.427,NA,NA,NA,286
2002-03-19,19.581,NA,NA,NA,286.006
2002-03-20,19.427,NA,NA,NA,286
2002-03-21,19.505,NA,NA,NA,286.003
2002-03-22,19.427,NA,NA,NA,286
2002-03-23,19.273,NA,NA,NA,285.994
2002-03-24,19.273,NA,NA,NA,285.994
2002-03-25,19.273,NA,NA,NA,285.994
2002-03-26,19.273,NA,NA,NA,285.994
2002-03-27,19.273,NA,NA,NA,285.994
2002-03-28,19.427,NA,NA,NA,286
2002-03-29,19.968,NA,NA,NA,286.021
2002-03-30,22.048,NA,NA,NA,286.104
2002-03-31,24.361,NA,NA,NA,286.195
2002-04-01,26.012,NA,NA,NA,286.253
2002-04-02,27.889,NA,NA,NA,286.317
2002-04-03,29.141,NA,NA,NA,286.36
2002-04-04,30.393,NA,NA,NA,286.402
2002-04-05,31.108,NA,NA,NA,286.427
2002-04-06,31.377,NA,NA,NA,286.436
2002-04-07,31.645,NA,NA,NA,286.445
2002-04-08,31.377,NA,NA,NA,286.436
2002-04-09,31.377,NA,NA,NA,286.436
2002-04-10,31.556,NA,NA,NA,286.442
2002-04-11,31.735,NA,NA,NA,286.448
2002-04-12,31.735,NA,NA,NA,286.448
2002-04-13,31.108,NA,NA,NA,286.427
2002-04-14,31.108,NA,NA,NA,286.427
2002-04-15,30.662,NA,NA,NA,286.411
2002-04-16,29.768,NA,NA,NA,286.381
2002-04-17,30.662,NA,NA,NA,286.411
2002-04-18,28.516,NA,NA,NA,286.338
2002-04-19,29.678,NA,NA,NA,286.378
2002-04-20,28.247,NA,NA,NA,286.329
2002-04-21,27.71,NA,NA,NA,286.311
2002-04-22,27.71,NA,NA,NA,286.311
2002-04-23,26.369,NA,NA,NA,286.265
2002-04-24,28.783,NA,NA,NA,286.347
2002-04-25,28.783,NA,NA,NA,286.347
2002-04-26,24.848,NA,NA,NA,286.213
2002-04-27,24.593,NA,NA,NA,286.204
2002-04-28,26.1,NA,NA,NA,286.256
2002-04-29,25.833,NA,NA,NA,286.247
2002-04-30,25.117,NA,NA,NA,286.222
2002-05-01,25.027,NA,NA,NA,286.219
2002-05-02,24.848,NA,NA,NA,286.213
2002-05-03,23.899,NA,NA,NA,286.177
2002-05-04,25.296,NA,NA,NA,286.229
2002-05-05,23.822,NA,NA,NA,286.174
2002-05-06,23.59,NA,NA,NA,286.165
2002-05-07,23.282,NA,NA,NA,286.152
2002-05-08,22.357,NA,NA,NA,286.116
2002-05-09,27.264,NA,NA,NA,286.296
2002-05-10,24.053,NA,NA,NA,286.183
2002-05-11,22.589,NA,NA,NA,286.125
2002-05-12,25.833,NA,NA,NA,286.247
2002-05-13,25.743,NA,NA,NA,286.244
2002-05-14,25.833,NA,NA,NA,286.247
2002-05-15,25.922,NA,NA,NA,286.25
2002-05-16,25.833,NA,NA,NA,286.247
2002-05-17,26.1,NA,NA,NA,286.256
2002-05-18,26.727,NA,NA,NA,286.277
2002-05-19,26.279,NA,NA,NA,286.262
2002-05-20,26.1,NA,NA,NA,286.256
2002-05-21,25.833,NA,NA,NA,286.247
2002-05-22,25.117,NA,NA,NA,286.222
2002-05-23,26.906,NA,NA,NA,286.283
2002-05-24,26.19,NA,NA,NA,286.259
2002-05-25,25.475,NA,NA,NA,286.235
2002-05-26,24.848,NA,NA,NA,286.213
2002-05-27,24.131,NA,NA,NA,286.186
2002-05-28,23.744,NA,NA,NA,286.171
2002-05-29,23.514,NA,NA,NA,286.161
2002-05-30,23.668,NA,NA,NA,286.168
2002-05-31,23.282,NA,NA,NA,286.152
2002-06-01,23.051,NA,NA,NA,286.143
2002-06-02,21.74,NA,NA,NA,286.091
2002-06-03,21.123,NA,NA,NA,286.067
2002-06-04,21.818,NA,NA,NA,286.094
2002-06-05,21.74,NA,NA,NA,286.091
2002-06-06,20.738,NA,NA,NA,286.052
2002-06-07,21.201,NA,NA,NA,286.07
2002-06-08,20.507,NA,NA,NA,286.043
2002-06-09,19.119,NA,NA,NA,285.988
2002-06-10,19.89,NA,NA,NA,286.018
2002-06-11,20.43,NA,NA,NA,286.04
2002-06-12,20.044,NA,NA,NA,286.024
2002-06-13,20.122,NA,NA,NA,286.027
2002-06-14,19.89,NA,NA,NA,286.018
2002-06-15,19.581,NA,NA,NA,286.006
2002-06-16,18.965,NA,NA,NA,285.982
2002-06-17,18.656,NA,NA,NA,285.969
2002-06-18,17.885,NA,NA,NA,285.939
2002-06-19,18.58,NA,NA,NA,285.966
2002-06-20,19.197,NA,NA,NA,285.991
2002-06-21,18.58,NA,NA,NA,285.966
2002-06-22,19.89,NA,NA,NA,286.018
2002-06-23,20.893,NA,NA,NA,286.058
2002-06-24,21.586,NA,NA,NA,286.085
2002-06-25,21.972,NA,NA,NA,286.101
2002-06-26,22.589,NA,NA,NA,286.125
2002-06-27,22.511,NA,NA,NA,286.122
2002-06-28,22.665,NA,NA,NA,286.128
2002-06-29,22.435,NA,NA,NA,286.119
2002-06-30,22.28,NA,NA,NA,286.113
2002-07-01,22.665,NA,NA,NA,286.128
2002-07-02,22.665,NA,NA,NA,286.128
2002-07-03,22.897,NA,NA,NA,286.137
2002-07-04,22.435,NA,NA,NA,286.119
2002-07-05,21.74,NA,NA,NA,286.091
2002-07-06,21.894,NA,NA,NA,286.097
2002-07-07,21.355,NA,NA,NA,286.076
2002-07-08,21.74,NA,NA,NA,286.091
2002-07-09,20.815,NA,NA,NA,286.055
2002-07-10,21.355,NA,NA,NA,286.076
2002-07-11,19.736,NA,NA,NA,286.012
2002-07-12,20.43,NA,NA,NA,286.04
2002-07-13,20.276,NA,NA,NA,286.033
2002-07-14,20.122,NA,NA,NA,286.027
2002-07-15,20.044,NA,NA,NA,286.024
2002-07-16,20.352,NA,NA,NA,286.037
2002-07-17,20.738,NA,NA,NA,286.052
2002-07-18,20.969,NA,NA,NA,286.061
2002-07-19,21.201,NA,NA,NA,286.07
2002-07-20,21.201,NA,NA,NA,286.07
2002-07-21,21.818,NA,NA,NA,286.094
2002-07-22,22.28,NA,NA,NA,286.113
2002-07-23,21.432,NA,NA,NA,286.079
2002-07-24,20.661,NA,NA,NA,286.049
2002-07-25,21.74,NA,NA,NA,286.091
2002-07-26,21.74,NA,NA,NA,286.091
2002-07-27,22.048,NA,NA,NA,286.104
2002-07-28,22.048,NA,NA,NA,286.104
2002-07-29,21.894,NA,NA,NA,286.097
2002-07-30,21.509,NA,NA,NA,286.082
2002-07-31,21.664,NA,NA,NA,286.088
2002-08-01,21.74,NA,NA,NA,286.091
2002-08-02,20.584,NA,NA,NA,286.046
2002-08-03,20.738,NA,NA,NA,286.052
2002-08-04,20.738,NA,NA,NA,286.052
2002-08-05,20.352,NA,NA,NA,286.037
2002-08-06,19.659,NA,NA,NA,286.009
2002-08-07,19.736,NA,NA,NA,286.012
2002-08-08,19.813,NA,NA,NA,286.015
2002-08-09,19.968,NA,NA,NA,286.021
2002-08-10,19.736,NA,NA,NA,286.012
2002-08-11,19.042,NA,NA,NA,285.985
2002-08-12,18.965,NA,NA,NA,285.982
2002-08-13,19.042,NA,NA,NA,285.985
2002-08-14,18.502,NA,NA,NA,285.963
2002-08-15,18.656,NA,NA,NA,285.969
2002-08-16,18.426,NA,NA,NA,285.96
2002-08-17,22.203,NA,NA,NA,286.11
2002-08-18,17.577,NA,NA,NA,285.927
2002-08-19,17.501,NA,NA,NA,285.924
2002-08-20,16.489,NA,NA,NA,285.875
2002-08-21,17.731,NA,NA,NA,285.933
2002-08-22,18.194,NA,NA,NA,285.951
2002-08-23,18.117,NA,NA,NA,285.948
2002-08-24,18.117,NA,NA,NA,285.948
2002-08-25,17.885,NA,NA,NA,285.939
2002-08-26,17.655,NA,NA,NA,285.93
2002-08-27,17.423,NA,NA,NA,285.921
2002-08-28,17.115,NA,NA,NA,285.908
2002-08-29,16.856,NA,NA,NA,285.896
2002-08-30,16.751,NA,NA,NA,285.89
2002-08-31,16.751,NA,NA,NA,285.89
2002-09-01,16.436,NA,NA,NA,285.872
2002-09-02,17.731,NA,NA,NA,285.933
2002-09-03,17.269,NA,NA,NA,285.915
2002-09-04,16.751,NA,NA,NA,285.89
2002-09-05,16.909,NA,NA,NA,285.899
2002-09-06,16.331,NA,NA,NA,285.866
2002-09-07,16.699,NA,NA,NA,285.887
2002-09-08,16.856,NA,NA,NA,285.896
2002-09-09,17.655,NA,NA,NA,285.93
2002-09-10,17.115,NA,NA,NA,285.908
2002-09-11,16.856,NA,NA,NA,285.896
2002-09-12,16.751,NA,NA,NA,285.89
2002-09-13,16.909,NA,NA,NA,285.899
2002-09-14,17.731,NA,NA,NA,285.933
2002-09-15,16.646,NA,NA,NA,285.884
2002-09-16,16.384,NA,NA,NA,285.869
2002-09-17,16.279,NA,NA,NA,285.863
2002-09-18,16.436,NA,NA,NA,285.872
2002-09-19,17.192,NA,NA,NA,285.912
2002-09-20,16.804,NA,NA,NA,285.893
2002-09-21,16.489,NA,NA,NA,285.875
2002-09-22,16.751,NA,NA,NA,285.89
2002-09-23,19.197,NA,NA,NA,285.991
2002-09-24,16.122,NA,NA,NA,285.854
2002-09-25,16.489,NA,NA,NA,285.875
2002-09-26,16.384,NA,NA,NA,285.869
2002-09-27,16.384,NA,NA,NA,285.869
2002-09-28,16.489,NA,NA,NA,285.875
2002-09-29,16.541,NA,NA,NA,285.878
2002-09-30,16.751,NA,NA,NA,285.89
2002-10-01,16.96,NA,NA,NA,285.902
2002-10-02,16.96,NA,NA,NA,285.902
2002-10-03,24.515,NA,NA,NA,286.201
2002-10-04,19.813,NA,NA,NA,286.015
2002-10-05,17.038,NA,NA,NA,285.905
2002-10-06,17.577,NA,NA,NA,285.927
2002-10-07,14.339,NA,NA,NA,285.75
2002-10-08,17.115,NA,NA,NA,285.908
2002-10-09,17.038,NA,NA,NA,285.905
2002-10-10,17.038,NA,NA,NA,285.905
2002-10-11,16.804,NA,NA,NA,285.893
2002-10-12,17.885,NA,NA,NA,285.939
2002-10-13,17.577,NA,NA,NA,285.927
2002-10-14,16.856,NA,NA,NA,285.896
2002-10-15,18.194,NA,NA,NA,285.951
2002-10-16,16.856,NA,NA,NA,285.896
2002-10-17,16.909,NA,NA,NA,285.899
2002-10-18,17.192,NA,NA,NA,285.912
2002-10-19,17.577,NA,NA,NA,285.927
2002-10-20,16.804,NA,NA,NA,285.893
2002-10-21,17.501,NA,NA,NA,285.924
2002-10-22,17.038,NA,NA,NA,285.905
2002-10-23,17.192,NA,NA,NA,285.912
2002-10-24,17.038,NA,NA,NA,285.905
2002-10-25,17.038,NA,NA,NA,285.905
2002-10-26,17.269,NA,NA,NA,285.915
2002-10-27,17.038,NA,NA,NA,285.905
2002-10-28,16.699,NA,NA,NA,285.887
2002-10-29,17.346,NA,NA,NA,285.918
2002-10-30,19.042,NA,NA,NA,285.985
2002-10-31,17.423,NA,NA,NA,285.921
2002-11-01,17.038,NA,NA,NA,285.905
2002-11-02,16.96,NA,NA,NA,285.902
2002-11-03,17.115,NA,NA,NA,285.908
2002-11-04,16.96,NA,NA,NA,285.902
2002-11-05,16.751,NA,NA,NA,285.89
2002-11-06,17.269,NA,NA,NA,285.915
2002-11-07,16.96,NA,NA,NA,285.902
2002-11-08,17.115,NA,NA,NA,285.908
2002-11-09,16.96,NA,NA,NA,285.902
2002-11-10,18.426,NA,NA,NA,285.96
2002-11-11,17.809,NA,NA,NA,285.936
2002-11-12,16.96,NA,NA,NA,285.902
2002-11-13,16.331,NA,NA,NA,285.866
2002-11-14,17.501,NA,NA,NA,285.924
2002-11-15,17.346,NA,NA,NA,285.918
2002-11-16,16.804,NA,NA,NA,285.893
2002-11-17,16.804,NA,NA,NA,285.893
2002-11-18,16.804,NA,NA,NA,285.893
2002-11-19,16.856,NA,NA,NA,285.896
2002-11-20,17.192,NA,NA,NA,285.912
2002-11-21,18.348,NA,NA,NA,285.957
2002-11-22,16.646,NA,NA,NA,285.884
2002-11-23,19.042,NA,NA,NA,285.985
2002-11-24,17.192,NA,NA,NA,285.912
2002-11-25,16.489,NA,NA,NA,285.875
2002-11-26,16.436,NA,NA,NA,285.872
2002-11-27,16.384,NA,NA,NA,285.869
2002-11-28,16.436,NA,NA,NA,285.872
2002-11-29,16.594,NA,NA,NA,285.881
2002-11-30,16.646,NA,NA,NA,285.884
2002-12-01,16.489,NA,NA,NA,285.875
2002-12-02,16.594,NA,NA,NA,285.881
2002-12-03,16.541,NA,NA,NA,285.878
2002-12-04,16.646,NA,NA,NA,285.884
2002-12-05,16.699,NA,NA,NA,285.887
2002-12-06,16.751,NA,NA,NA,285.89
2002-12-07,16.751,NA,NA,NA,285.89
2002-12-08,16.804,NA,NA,NA,285.893
2002-12-09,16.856,NA,NA,NA,285.896
2002-12-10,16.856,NA,NA,NA,285.896
2002-12-11,16.909,NA,NA,NA,285.899
2002-12-12,16.96,NA,NA,NA,285.902
2002-12-13,17.038,NA,NA,NA,285.905
2002-12-14,17.038,NA,NA,NA,285.905
2002-12-15,17.115,NA,NA,NA,285.908
2002-12-16,17.192,NA,NA,NA,285.912
2002-12-17,17.269,NA,NA,NA,285.915
2002-12-18,17.269,NA,NA,NA,285.915
2002-12-19,17.346,NA,NA,NA,285.918
2002-12-20,17.423,NA,NA,NA,285.921
2002-12-21,17.423,NA,NA,NA,285.921
2002-12-22,17.269,NA,NA,NA,285.915
2002-12-23,17.269,NA,NA,NA,285.915
2002-12-24,17.269,NA,NA,NA,285.915
2002-12-25,17.038,NA,NA,NA,285.905
2002-12-26,17.038,NA,NA,NA,285.905
2002-12-27,16.96,NA,NA,NA,285.902
2002-12-28,17.038,NA,NA,NA,285.905
2002-12-29,17.038,NA,NA,NA,285.905
2002-12-30,17.115,NA,NA,NA,285.908
2002-12-31,17.038,NA,NA,NA,285.905
2003-01-01,17.038,NA,NA,NA,285.905
2003-01-02,17.038,NA,NA,NA,285.905
2003-01-03,16.96,NA,NA,NA,285.902
2003-01-04,17.038,NA,NA,NA,285.905
2003-01-05,17.115,NA,NA,NA,285.908
2003-01-06,17.038,NA,NA,NA,285.905
2003-01-07,18.117,NA,NA,NA,285.948
2003-01-08,18.194,NA,NA,NA,285.951
2003-01-09,18.426,NA,NA,NA,285.96
2003-01-10,18.272,NA,NA,NA,285.954
2003-01-11,18.117,NA,NA,NA,285.948
2003-01-12,17.963,NA,NA,NA,285.942
2003-01-13,17.809,NA,NA,NA,285.936
2003-01-14,17.655,NA,NA,NA,285.93
2003-01-15,17.501,NA,NA,NA,285.924
2003-01-16,17.346,NA,NA,NA,285.918
2003-01-17,17.192,NA,NA,NA,285.912
2003-01-18,17.038,NA,NA,NA,285.905
2003-01-19,16.909,NA,NA,NA,285.899
2003-01-20,16.909,NA,NA,NA,285.899
2003-01-21,16.909,NA,NA,NA,285.899
2003-01-22,16.909,NA,NA,NA,285.899
2003-01-23,16.909,NA,NA,NA,285.899
2003-01-24,16.909,NA,NA,NA,285.899
2003-01-25,16.909,NA,NA,NA,285.899
2003-01-26,16.909,NA,NA,NA,285.899
2003-01-27,16.909,NA,NA,NA,285.899
2003-01-28,16.909,NA,NA,NA,285.899
2003-01-29,16.909,NA,NA,NA,285.899
2003-01-30,16.909,NA,NA,NA,285.899
2003-01-31,16.909,NA,NA,NA,285.899
2003-02-01,16.909,NA,NA,NA,285.899
2003-02-02,16.909,NA,NA,NA,285.899
2003-02-03,16.909,NA,NA,NA,285.899
2003-02-04,16.804,NA,NA,NA,285.893
2003-02-05,16.751,NA,NA,NA,285.89
2003-02-06,16.699,NA,NA,NA,285.887
2003-02-07,16.646,NA,NA,NA,285.884
2003-02-08,16.594,NA,NA,NA,285.881
2003-02-09,16.489,NA,NA,NA,285.875
2003-02-10,16.436,NA,NA,NA,285.872
2003-02-11,16.384,NA,NA,NA,285.869
2003-02-12,16.331,NA,NA,NA,285.866
2003-02-13,16.279,NA,NA,NA,285.863
2003-02-14,16.279,NA,NA,NA,285.863
2003-02-15,16.436,NA,NA,NA,285.872
2003-02-16,16.541,NA,NA,NA,285.878
2003-02-17,16.699,NA,NA,NA,285.887
2003-02-18,16.856,NA,NA,NA,285.896
2003-02-19,17.038,NA,NA,NA,285.905
2003-02-20,17.269,NA,NA,NA,285.915
2003-02-21,17.423,NA,NA,NA,285.921
2003-02-22,17.655,NA,NA,NA,285.93
2003-02-23,17.731,NA,NA,NA,285.933
2003-02-24,17.731,NA,NA,NA,285.933
2003-02-25,17.731,NA,NA,NA,285.933
2003-02-26,17.731,NA,NA,NA,285.933
2003-02-27,17.731,NA,NA,NA,285.933
2003-02-28,17.731,NA,NA,NA,285.933
2003-03-01,17.731,NA,NA,NA,285.933
2003-03-02,17.731,NA,NA,NA,285.933
2003-03-03,17.731,NA,NA,NA,285.933
2003-03-04,17.731,NA,NA,NA,285.933
2003-03-05,17.809,NA,NA,NA,285.936
2003-03-06,17.963,NA,NA,NA,285.942
2003-03-07,18.194,NA,NA,NA,285.951
2003-03-08,18.348,NA,NA,NA,285.957
2003-03-09,18.502,NA,NA,NA,285.963
2003-03-10,18.734,NA,NA,NA,285.973
2003-03-11,18.888,NA,NA,NA,285.979
2003-03-12,19.042,NA,NA,NA,285.985
2003-03-13,19.273,NA,NA,NA,285.994
2003-03-14,19.427,NA,NA,NA,286
2003-03-15,19.581,NA,NA,NA,286.006
2003-03-16,19.813,NA,NA,NA,286.015
2003-03-17,19.968,NA,NA,NA,286.021
2003-03-18,20.122,NA,NA,NA,286.027
2003-03-19,20.352,NA,NA,NA,286.037
2003-03-20,20.507,NA,NA,NA,286.043
2003-03-21,20.661,NA,NA,NA,286.049
2003-03-22,20.893,NA,NA,NA,286.058
2003-03-23,21.047,NA,NA,NA,286.064
2003-03-24,21.201,NA,NA,NA,286.07
2003-03-25,21.432,NA,NA,NA,286.079
2003-03-26,21.586,NA,NA,NA,286.085
2003-03-27,21.972,NA,NA,NA,286.101
2003-03-28,21.972,NA,NA,NA,286.101
2003-03-29,21.664,NA,NA,NA,286.088
2003-03-30,21.278,NA,NA,NA,286.073
2003-03-31,21.047,NA,NA,NA,286.064
2003-04-01,20.893,NA,NA,NA,286.058
2003-04-02,20.738,NA,NA,NA,286.052
2003-04-03,20.122,NA,NA,NA,286.027
2003-04-04,20.584,NA,NA,NA,286.046
2003-04-05,20.198,NA,NA,NA,286.03
2003-04-06,19.659,NA,NA,NA,286.009
2003-04-07,19.273,NA,NA,NA,285.994
2003-04-08,19.505,NA,NA,NA,286.003
2003-04-09,19.659,NA,NA,NA,286.009
2003-04-10,19.736,NA,NA,NA,286.012
2003-04-11,19.89,NA,NA,NA,286.018
2003-04-12,19.968,NA,NA,NA,286.021
2003-04-13,20.122,NA,NA,NA,286.027
2003-04-14,20.276,NA,NA,NA,286.033
2003-04-15,20.352,NA,NA,NA,286.037
2003-04-16,20.507,NA,NA,NA,286.043
2003-04-17,20.584,NA,NA,NA,286.046
2003-04-18,20.738,NA,NA,NA,286.052
2003-04-19,20.893,NA,NA,NA,286.058
2003-04-20,20.969,NA,NA,NA,286.061
2003-04-21,21.123,NA,NA,NA,286.067
2003-04-22,21.201,NA,NA,NA,286.07
2003-04-23,21.355,NA,NA,NA,286.076
2003-04-24,21.355,NA,NA,NA,286.076
2003-04-25,21.201,NA,NA,NA,286.07
2003-04-26,21.123,NA,NA,NA,286.067
2003-04-27,21.047,NA,NA,NA,286.064
2003-04-28,20.893,NA,NA,NA,286.058
2003-04-29,20.815,NA,NA,NA,286.055
2003-04-30,20.661,NA,NA,NA,286.049
2003-05-01,20.584,NA,NA,NA,286.046
2003-05-02,20.507,NA,NA,NA,286.043
2003-05-03,20.352,NA,NA,NA,286.037
2003-05-04,20.43,NA,NA,NA,286.04
2003-05-05,20.507,NA,NA,NA,286.043
2003-05-06,20.661,NA,NA,NA,286.049
2003-05-07,20.738,NA,NA,NA,286.052
2003-05-08,20.815,NA,NA,NA,286.055
2003-05-09,20.969,NA,NA,NA,286.061
2003-05-10,21.047,NA,NA,NA,286.064
2003-05-11,21.201,NA,NA,NA,286.07
2003-05-12,21.278,NA,NA,NA,286.073
2003-05-13,21.355,NA,NA,NA,286.076
2003-05-14,21.509,NA,NA,NA,286.082
2003-05-15,21.432,NA,NA,NA,286.079
2003-05-16,21.664,NA,NA,NA,286.088
2003-05-17,21.894,NA,NA,NA,286.097
2003-05-18,21.047,NA,NA,NA,286.064
2003-05-19,23.436,NA,NA,NA,286.158
2003-05-20,22.126,NA,NA,NA,286.107
2003-05-21,21.586,NA,NA,NA,286.085
2003-05-22,21.432,NA,NA,NA,286.079
2003-05-23,21.355,NA,NA,NA,286.076
2003-05-24,21.355,NA,NA,NA,286.076
2003-05-25,21.432,NA,NA,NA,286.079
2003-05-26,21.123,NA,NA,NA,286.067
2003-05-27,20.815,NA,NA,NA,286.055
2003-05-28,21.123,NA,NA,NA,286.067
2003-05-29,20.276,NA,NA,NA,286.033
2003-05-30,21.047,NA,NA,NA,286.064
2003-05-31,19.351,NA,NA,NA,285.997
2003-06-01,19.119,NA,NA,NA,285.988
2003-06-02,19.427,NA,NA,NA,286
2003-06-03,19.427,NA,NA,NA,286
2003-06-04,19.659,NA,NA,NA,286.009
2003-06-05,19.813,NA,NA,NA,286.015
2003-06-06,19.968,NA,NA,NA,286.021
2003-06-07,20.815,NA,NA,NA,286.055
2003-06-08,20.893,NA,NA,NA,286.058
2003-06-09,20.507,NA,NA,NA,286.043
2003-06-10,21.894,NA,NA,NA,286.097
2003-06-11,20.198,NA,NA,NA,286.03
2003-06-12,19.736,NA,NA,NA,286.012
2003-06-13,20.43,NA,NA,NA,286.04
2003-06-14,19.813,NA,NA,NA,286.015
2003-06-15,19.273,NA,NA,NA,285.994
2003-06-16,18.965,NA,NA,NA,285.982
2003-06-17,19.042,NA,NA,NA,285.985
2003-06-18,18.811,NA,NA,NA,285.976
2003-06-19,18.272,NA,NA,NA,285.954
2003-06-20,17.577,NA,NA,NA,285.927
2003-06-21,16.646,NA,NA,NA,285.884
2003-06-22,18.58,NA,NA,NA,285.966
2003-06-23,18.426,NA,NA,NA,285.96
2003-06-24,18.965,NA,NA,NA,285.982
2003-06-25,19.89,NA,NA,NA,286.018
2003-06-26,19.813,NA,NA,NA,286.015
2003-06-27,20.044,NA,NA,NA,286.024
2003-06-28,21.123,NA,NA,NA,286.067
2003-06-29,22.28,NA,NA,NA,286.113
2003-06-30,23.128,NA,NA,NA,286.146
2003-07-01,24.361,NA,NA,NA,286.195
2003-07-02,25.654,NA,NA,NA,286.241
2003-07-03,27.352,NA,NA,NA,286.299
2003-07-04,27.442,NA,NA,NA,286.302
2003-07-05,28.247,NA,NA,NA,286.329
2003-07-06,28.604,NA,NA,NA,286.341
2003-07-07,28.694,NA,NA,NA,286.344
2003-07-08,28.694,NA,NA,NA,286.344
2003-07-09,28.068,NA,NA,NA,286.323
2003-07-10,29.946,NA,NA,NA,286.387
2003-07-11,28.873,NA,NA,NA,286.35
2003-07-12,28.068,NA,NA,NA,286.323
2003-07-13,27.71,NA,NA,NA,286.311
2003-07-14,27.085,NA,NA,NA,286.289
2003-07-15,27.442,NA,NA,NA,286.302
2003-07-16,26.458,NA,NA,NA,286.268
2003-07-17,26.369,NA,NA,NA,286.265
2003-07-18,25.833,NA,NA,NA,286.247
2003-07-19,25.385,NA,NA,NA,286.232
2003-07-20,24.207,NA,NA,NA,286.189
2003-07-21,25.743,NA,NA,NA,286.244
2003-07-22,24.848,NA,NA,NA,286.213
2003-07-23,24.053,NA,NA,NA,286.183
2003-07-24,22.974,NA,NA,NA,286.14
2003-07-25,22.819,NA,NA,NA,286.134
2003-07-26,23.128,NA,NA,NA,286.146
2003-07-27,22.511,NA,NA,NA,286.122
2003-07-28,21.74,NA,NA,NA,286.091
2003-07-29,21.123,NA,NA,NA,286.067
2003-07-30,21.201,NA,NA,NA,286.07
2003-07-31,20.584,NA,NA,NA,286.046
2003-08-01,20.507,NA,NA,NA,286.043
2003-08-02,20.276,NA,NA,NA,286.033
2003-08-03,19.736,NA,NA,NA,286.012
2003-08-04,18.965,NA,NA,NA,285.982
2003-08-05,18.888,NA,NA,NA,285.979
2003-08-06,19.042,NA,NA,NA,285.985
2003-08-07,18.656,NA,NA,NA,285.969
2003-08-08,18.348,NA,NA,NA,285.957
2003-08-09,18.04,NA,NA,NA,285.945
2003-08-10,18.348,NA,NA,NA,285.957
2003-08-11,18.117,NA,NA,NA,285.948
2003-08-12,17.809,NA,NA,NA,285.936
2003-08-13,17.577,NA,NA,NA,285.927
2003-08-14,17.346,NA,NA,NA,285.918
2003-08-15,17.423,NA,NA,NA,285.921
2003-08-16,17.423,NA,NA,NA,285.921
2003-08-17,16.96,NA,NA,NA,285.902
2003-08-18,16.699,NA,NA,NA,285.887
2003-08-19,16.751,NA,NA,NA,285.89
2003-08-20,16.804,NA,NA,NA,285.893
2003-08-21,18.965,NA,NA,NA,285.982
2003-08-22,16.804,NA,NA,NA,285.893
2003-08-23,15.755,NA,NA,NA,285.832
2003-08-24,17.192,NA,NA,NA,285.912
2003-08-25,16.804,NA,NA,NA,285.893
2003-08-26,17.038,NA,NA,NA,285.905
2003-08-27,16.594,NA,NA,NA,285.881
2003-08-28,16.856,NA,NA,NA,285.896
2003-08-29,16.909,NA,NA,NA,285.899
2003-08-30,16.489,NA,NA,NA,285.875
2003-08-31,16.384,NA,NA,NA,285.869
2003-09-01,16.175,NA,NA,NA,285.857
2003-09-02,15.912,NA,NA,NA,285.841
2003-09-03,16.804,NA,NA,NA,285.893
2003-09-04,15.912,NA,NA,NA,285.841
2003-09-05,15.493,NA,NA,NA,285.817
2003-09-06,15.755,NA,NA,NA,285.832
2003-09-07,15.65,NA,NA,NA,285.826
2003-09-08,15.336,NA,NA,NA,285.808
2003-09-09,14.968,NA,NA,NA,285.787
2003-09-10,13.605,NA,NA,NA,285.707
2003-09-11,16.175,NA,NA,NA,285.857
2003-09-12,15.965,NA,NA,NA,285.844
2003-09-13,16.384,NA,NA,NA,285.869
2003-09-14,16.175,NA,NA,NA,285.857
2003-09-15,15.807,NA,NA,NA,285.835
2003-09-16,15.755,NA,NA,NA,285.832
2003-09-17,15.65,NA,NA,NA,285.826
2003-09-18,17.115,NA,NA,NA,285.908
2003-09-19,16.017,NA,NA,NA,285.848
2003-09-20,15.231,NA,NA,NA,285.802
2003-09-21,15.283,NA,NA,NA,285.805
2003-09-22,16.017,NA,NA,NA,285.848
2003-09-23,15.388,NA,NA,NA,285.811
2003-09-24,16.017,NA,NA,NA,285.848
2003-09-25,15.073,NA,NA,NA,285.793
2003-09-26,15.283,NA,NA,NA,285.805
2003-09-27,15.912,NA,NA,NA,285.841
2003-09-28,15.336,NA,NA,NA,285.808
2003-09-29,14.654,NA,NA,NA,285.768
2003-09-30,15.021,NA,NA,NA,285.79
2003-10-01,14.812,NA,NA,NA,285.777
2003-10-02,14.602,NA,NA,NA,285.765
2003-10-03,15.807,NA,NA,NA,285.835
2003-10-04,14.707,NA,NA,NA,285.771
2003-10-05,14.654,NA,NA,NA,285.768
2003-10-06,14.707,NA,NA,NA,285.771
2003-10-07,14.707,NA,NA,NA,285.771
2003-10-08,14.549,NA,NA,NA,285.762
2003-10-09,14.339,NA,NA,NA,285.75
2003-10-10,13.658,NA,NA,NA,285.71
2003-10-11,15.493,NA,NA,NA,285.817
2003-10-12,15.021,NA,NA,NA,285.79
2003-10-13,15.073,NA,NA,NA,285.793
2003-10-14,15.126,NA,NA,NA,285.796
2003-10-15,15.073,NA,NA,NA,285.793
2003-10-16,14.968,NA,NA,NA,285.787
2003-10-17,14.707,NA,NA,NA,285.771
2003-10-18,15.126,NA,NA,NA,285.796
2003-10-19,15.126,NA,NA,NA,285.796
2003-10-20,15.336,NA,NA,NA,285.808
2003-10-21,15.021,NA,NA,NA,285.79
2003-10-22,14.863,NA,NA,NA,285.78
2003-10-23,15.388,NA,NA,NA,285.811
2003-10-24,15.021,NA,NA,NA,285.79
2003-10-25,17.423,NA,NA,NA,285.921
2003-10-26,14.812,NA,NA,NA,285.777
2003-10-27,14.812,NA,NA,NA,285.777
2003-10-28,20.044,NA,NA,NA,286.024
2003-10-29,14.654,NA,NA,NA,285.768
2003-10-30,14.863,NA,NA,NA,285.78
2003-10-31,15.283,NA,NA,NA,285.805
2003-11-01,14.916,NA,NA,NA,285.784
2003-11-02,14.916,NA,NA,NA,285.784
2003-11-03,14.968,NA,NA,NA,285.787
2003-11-04,15.388,NA,NA,NA,285.811
2003-11-05,15.493,NA,NA,NA,285.817
2003-11-06,15.231,NA,NA,NA,285.802
2003-11-07,15.336,NA,NA,NA,285.808
2003-11-08,15.283,NA,NA,NA,285.805
2003-11-09,15.336,NA,NA,NA,285.808
2003-11-10,15.388,NA,NA,NA,285.811
2003-11-11,15.441,NA,NA,NA,285.814
2003-11-12,15.597,NA,NA,NA,285.823
2003-11-13,15.597,NA,NA,NA,285.823
2003-11-14,15.546,NA,NA,NA,285.82
2003-11-15,15.597,NA,NA,NA,285.823
2003-11-16,15.702,NA,NA,NA,285.829
2003-11-17,15.546,NA,NA,NA,285.82
2003-11-18,15.86,NA,NA,NA,285.838
2003-11-19,16.122,NA,NA,NA,285.854
2003-11-20,15.807,NA,NA,NA,285.835
2003-11-21,15.965,NA,NA,NA,285.844
2003-11-22,15.807,NA,NA,NA,285.835
2003-11-23,16.436,NA,NA,NA,285.872
2003-11-24,15.86,NA,NA,NA,285.838
2003-11-25,15.755,NA,NA,NA,285.832
2003-11-26,15.702,NA,NA,NA,285.829
2003-11-27,15.702,NA,NA,NA,285.829
2003-11-28,15.755,NA,NA,NA,285.832
2003-11-29,15.702,NA,NA,NA,285.829
2003-11-30,15.755,NA,NA,NA,285.832
2003-12-01,15.702,NA,NA,NA,285.829
2003-12-02,15.702,NA,NA,NA,285.829
2003-12-03,15.702,NA,NA,NA,285.829
2003-12-04,15.702,NA,NA,NA,285.829
2003-12-05,15.912,NA,NA,NA,285.841
2003-12-06,15.807,NA,NA,NA,285.835
2003-12-07,15.807,NA,NA,NA,285.835
2003-12-08,15.86,NA,NA,NA,285.838
2003-12-09,15.912,NA,NA,NA,285.841
2003-12-10,15.86,NA,NA,NA,285.838
2003-12-11,15.755,NA,NA,NA,285.832
2003-12-12,15.755,NA,NA,NA,285.832
2003-12-13,15.702,NA,NA,NA,285.829
2003-12-14,15.702,NA,NA,NA,285.829
2003-12-15,15.755,NA,NA,NA,285.832
2003-12-16,15.807,NA,NA,NA,285.835
2003-12-17,15.755,NA,NA,NA,285.832
2003-12-18,15.807,NA,NA,NA,285.835
2003-12-19,15.807,NA,NA,NA,285.835
2003-12-20,15.755,NA,NA,NA,285.832
2003-12-21,15.807,NA,NA,NA,285.835
2003-12-22,15.807,NA,NA,NA,285.835
2003-12-23,15.807,NA,NA,NA,285.835
2003-12-24,15.755,NA,NA,NA,285.832
2003-12-25,15.755,NA,NA,NA,285.832
2003-12-26,15.807,NA,NA,NA,285.835
2003-12-27,15.86,NA,NA,NA,285.838
2003-12-28,15.912,NA,NA,NA,285.841
2003-12-29,15.912,NA,NA,NA,285.841
2003-12-30,15.912,NA,NA,NA,285.841
2003-12-31,15.912,NA,NA,NA,285.841
2004-01-01,15.912,NA,NA,NA,285.841
2004-01-02,15.912,NA,NA,NA,285.841
2004-01-03,15.912,NA,NA,NA,285.841
2004-01-04,15.86,NA,NA,NA,285.838
2004-01-05,15.912,NA,NA,NA,285.841
2004-01-06,15.86,NA,NA,NA,285.838
2004-01-07,15.807,NA,NA,NA,285.835
2004-01-08,15.807,NA,NA,NA,285.835
2004-01-09,15.702,NA,NA,NA,285.829
2004-01-10,15.702,NA,NA,NA,285.829
2004-01-11,15.702,NA,NA,NA,285.829
2004-01-12,15.702,NA,NA,NA,285.829
2004-01-13,15.702,NA,NA,NA,285.829
2004-01-14,15.755,NA,NA,NA,285.832
2004-01-15,15.65,NA,NA,NA,285.826
2004-01-16,15.65,NA,NA,NA,285.826
2004-01-17,15.755,NA,NA,NA,285.832
2004-01-18,15.702,NA,NA,NA,285.829
2004-01-19,15.65,NA,NA,NA,285.826
2004-01-20,15.65,NA,NA,NA,285.826
2004-01-21,15.65,NA,NA,NA,285.826
2004-01-22,15.597,NA,NA,NA,285.823
2004-01-23,15.597,NA,NA,NA,285.823
2004-01-24,15.597,NA,NA,NA,285.823
2004-01-25,15.546,NA,NA,NA,285.82
2004-01-26,15.702,NA,NA,NA,285.829
2004-01-27,15.702,NA,NA,NA,285.829
2004-01-28,15.86,NA,NA,NA,285.838
2004-01-29,15.86,NA,NA,NA,285.838
2004-01-30,15.86,NA,NA,NA,285.838
2004-01-31,15.86,NA,NA,NA,285.838
2004-02-01,15.912,NA,NA,NA,285.841
2004-02-02,15.912,NA,NA,NA,285.841
2004-02-03,15.86,NA,NA,NA,285.838
2004-02-04,15.807,NA,NA,NA,285.835
2004-02-05,15.86,NA,NA,NA,285.838
2004-02-06,15.912,NA,NA,NA,285.841
2004-02-07,15.807,NA,NA,NA,285.835
2004-02-08,15.755,NA,NA,NA,285.832
2004-02-09,15.86,NA,NA,NA,285.838
2004-02-10,15.807,NA,NA,NA,285.835
2004-02-11,15.807,NA,NA,NA,285.835
2004-02-12,15.807,NA,NA,NA,285.835
2004-02-13,15.807,NA,NA,NA,285.835
2004-02-14,15.807,NA,NA,NA,285.835
2004-02-15,15.755,NA,NA,NA,285.832
2004-02-16,15.755,NA,NA,NA,285.832
2004-02-17,15.755,NA,NA,NA,285.832
2004-02-18,15.755,NA,NA,NA,285.832
2004-02-19,15.755,NA,NA,NA,285.832
2004-02-20,15.807,NA,NA,NA,285.835
2004-02-21,15.755,NA,NA,NA,285.832
2004-02-22,15.702,NA,NA,NA,285.829
2004-02-23,15.755,NA,NA,NA,285.832
2004-02-24,15.702,NA,NA,NA,285.829
2004-02-25,15.702,NA,NA,NA,285.829
2004-02-26,15.702,NA,NA,NA,285.829
2004-02-27,15.702,NA,NA,NA,285.829
2004-02-28,15.755,NA,NA,NA,285.832
2004-02-29,15.86,NA,NA,NA,285.838
2004-03-01,16.07,NA,NA,NA,285.851
2004-03-02,16.226,NA,NA,NA,285.86
2004-03-03,16.226,NA,NA,NA,285.86
2004-03-04,16.331,NA,NA,NA,285.866
2004-03-05,16.541,NA,NA,NA,285.878
2004-03-06,16.541,NA,NA,NA,285.878
2004-03-07,16.699,NA,NA,NA,285.887
2004-03-08,16.594,NA,NA,NA,285.881
2004-03-09,16.699,NA,NA,NA,285.887
2004-03-10,16.751,NA,NA,NA,285.89
2004-03-11,16.909,NA,NA,NA,285.899
2004-03-12,16.856,NA,NA,NA,285.896
2004-03-13,17.038,NA,NA,NA,285.905
2004-03-14,17.269,NA,NA,NA,285.915
2004-03-15,17.115,NA,NA,NA,285.908
2004-03-16,17.192,NA,NA,NA,285.912
2004-03-17,17.269,NA,NA,NA,285.915
2004-03-18,17.501,NA,NA,NA,285.924
2004-03-19,17.423,NA,NA,NA,285.921
2004-03-20,17.731,NA,NA,NA,285.933
2004-03-21,17.577,NA,NA,NA,285.927
2004-03-22,17.501,NA,NA,NA,285.924
2004-03-23,17.577,NA,NA,NA,285.927
2004-03-24,17.655,NA,NA,NA,285.93
2004-03-25,17.809,NA,NA,NA,285.936
2004-03-26,18.04,NA,NA,NA,285.945
2004-03-27,17.731,NA,NA,NA,285.933
2004-03-28,19.042,NA,NA,NA,285.985
2004-03-29,19.119,NA,NA,NA,285.988
2004-03-30,18.888,NA,NA,NA,285.979
2004-03-31,18.117,NA,NA,NA,285.948
2004-04-01,17.885,NA,NA,NA,285.939
2004-04-02,18.272,NA,NA,NA,285.954
2004-04-03,20.122,NA,NA,NA,286.027
2004-04-04,17.577,NA,NA,NA,285.927
2004-04-05,16.541,NA,NA,NA,285.878
2004-04-06,17.577,NA,NA,NA,285.927
2004-04-07,17.501,NA,NA,NA,285.924
2004-04-08,18.502,NA,NA,NA,285.963
2004-04-09,16.751,NA,NA,NA,285.89
2004-04-10,17.346,NA,NA,NA,285.918
2004-04-11,16.804,NA,NA,NA,285.893
2004-04-12,16.804,NA,NA,NA,285.893
2004-04-13,16.699,NA,NA,NA,285.887
2004-04-14,16.436,NA,NA,NA,285.872
2004-04-15,16.122,NA,NA,NA,285.854
2004-04-16,16.96,NA,NA,NA,285.902
2004-04-17,17.346,NA,NA,NA,285.918
2004-04-18,15.755,NA,NA,NA,285.832
2004-04-19,18.04,NA,NA,NA,285.945
2004-04-20,16.856,NA,NA,NA,285.896
2004-04-21,17.192,NA,NA,NA,285.912
2004-04-22,17.038,NA,NA,NA,285.905
2004-04-23,17.115,NA,NA,NA,285.908
2004-04-24,16.856,NA,NA,NA,285.896
2004-04-25,17.501,NA,NA,NA,285.924
2004-04-26,17.731,NA,NA,NA,285.933
2004-04-27,16.646,NA,NA,NA,285.884
2004-04-28,16.594,NA,NA,NA,285.881
2004-04-29,18.272,NA,NA,NA,285.954
2004-04-30,16.279,NA,NA,NA,285.863
2004-05-01,16.384,NA,NA,NA,285.869
2004-05-02,16.436,NA,NA,NA,285.872
2004-05-03,16.175,NA,NA,NA,285.857
2004-05-04,17.577,NA,NA,NA,285.927
2004-05-05,15.283,NA,NA,NA,285.805
2004-05-06,16.856,NA,NA,NA,285.896
2004-05-07,15.493,NA,NA,NA,285.817
2004-05-08,16.175,NA,NA,NA,285.857
2004-05-09,16.175,NA,NA,NA,285.857
2004-05-10,16.751,NA,NA,NA,285.89
2004-05-11,14.759,NA,NA,NA,285.774
2004-05-12,16.489,NA,NA,NA,285.875
2004-05-13,17.423,NA,NA,NA,285.921
2004-05-14,16.594,NA,NA,NA,285.881
2004-05-15,16.279,NA,NA,NA,285.863
2004-05-16,16.909,NA,NA,NA,285.899
2004-05-17,18.194,NA,NA,NA,285.951
2004-05-18,17.655,NA,NA,NA,285.93
2004-05-19,17.038,NA,NA,NA,285.905
2004-05-20,18.888,NA,NA,NA,285.979
2004-05-21,17.269,NA,NA,NA,285.915
2004-05-22,17.577,NA,NA,NA,285.927
2004-05-23,17.885,NA,NA,NA,285.939
2004-05-24,17.423,NA,NA,NA,285.921
2004-05-25,18.965,NA,NA,NA,285.982
2004-05-26,17.577,NA,NA,NA,285.927
2004-05-27,18.734,NA,NA,NA,285.973
2004-05-28,18.117,NA,NA,NA,285.948
2004-05-29,16.699,NA,NA,NA,285.887
2004-05-30,18.58,NA,NA,NA,285.966
2004-05-31,19.659,NA,NA,NA,286.009
2004-06-01,21.201,NA,NA,NA,286.07
2004-06-02,19.581,NA,NA,NA,286.006
2004-06-03,19.659,NA,NA,NA,286.009
2004-06-04,19.505,NA,NA,NA,286.003
2004-06-05,20.044,NA,NA,NA,286.024
2004-06-06,19.968,NA,NA,NA,286.021
2004-06-07,19.736,NA,NA,NA,286.012
2004-06-08,20.507,NA,NA,NA,286.043
2004-06-09,20.893,NA,NA,NA,286.058
2004-06-10,20.507,NA,NA,NA,286.043
2004-06-11,21.201,NA,NA,NA,286.07
2004-06-12,23.128,NA,NA,NA,286.146
2004-06-13,23.899,NA,NA,NA,286.177
2004-06-14,24.515,NA,NA,NA,286.201
2004-06-15,24.053,NA,NA,NA,286.183
2004-06-16,24.67,NA,NA,NA,286.207
2004-06-17,24.515,NA,NA,NA,286.201
2004-06-18,24.76,NA,NA,NA,286.21
2004-06-19,23.744,NA,NA,NA,286.171
2004-06-20,23.668,NA,NA,NA,286.168
2004-06-21,23.59,NA,NA,NA,286.165
2004-06-22,22.28,NA,NA,NA,286.113
2004-06-23,21.586,NA,NA,NA,286.085
2004-06-24,20.969,NA,NA,NA,286.061
2004-06-25,20.738,NA,NA,NA,286.052
2004-06-26,19.968,NA,NA,NA,286.021
2004-06-27,19.813,NA,NA,NA,286.015
2004-06-28,19.968,NA,NA,NA,286.021
2004-06-29,19.505,NA,NA,NA,286.003
2004-06-30,19.273,NA,NA,NA,285.994
2004-07-01,19.197,NA,NA,NA,285.991
2004-07-02,18.426,NA,NA,NA,285.96
2004-07-03,18.58,NA,NA,NA,285.966
2004-07-04,19.197,NA,NA,NA,285.991
2004-07-05,18.811,NA,NA,NA,285.976
2004-07-06,19.119,NA,NA,NA,285.988
2004-07-07,19.505,NA,NA,NA,286.003
2004-07-08,19.119,NA,NA,NA,285.988
2004-07-09,19.581,NA,NA,NA,286.006
2004-07-10,19.197,NA,NA,NA,285.991
2004-07-11,19.042,NA,NA,NA,285.985
2004-07-12,18.272,NA,NA,NA,285.954
2004-07-13,21.278,NA,NA,NA,286.073
2004-07-14,20.815,NA,NA,NA,286.055
2004-07-15,20.738,NA,NA,NA,286.052
2004-07-16,21.123,NA,NA,NA,286.067
2004-07-17,21.432,NA,NA,NA,286.079
2004-07-18,21.509,NA,NA,NA,286.082
2004-07-19,21.74,NA,NA,NA,286.091
2004-07-20,21.972,NA,NA,NA,286.101
2004-07-21,21.664,NA,NA,NA,286.088
2004-07-22,21.894,NA,NA,NA,286.097
2004-07-23,21.586,NA,NA,NA,286.085
2004-07-24,20.969,NA,NA,NA,286.061
2004-07-25,20.893,NA,NA,NA,286.058
2004-07-26,20.276,NA,NA,NA,286.033
2004-07-27,19.042,NA,NA,NA,285.985
2004-07-28,18.965,NA,NA,NA,285.982
2004-07-29,19.581,NA,NA,NA,286.006
2004-07-30,19.659,NA,NA,NA,286.009
2004-07-31,19.659,NA,NA,NA,286.009
2004-08-01,19.813,NA,NA,NA,286.015
2004-08-02,19.736,NA,NA,NA,286.012
2004-08-03,19.119,NA,NA,NA,285.988
2004-08-04,19.427,NA,NA,NA,286
2004-08-05,19.042,NA,NA,NA,285.985
2004-08-06,18.426,NA,NA,NA,285.96
2004-08-07,18.194,NA,NA,NA,285.951
2004-08-08,18.58,NA,NA,NA,285.966
2004-08-09,19.273,NA,NA,NA,285.994
2004-08-10,19.042,NA,NA,NA,285.985
2004-08-11,17.577,NA,NA,NA,285.927
2004-08-12,17.346,NA,NA,NA,285.918
2004-08-13,17.038,NA,NA,NA,285.905
2004-08-14,17.115,NA,NA,NA,285.908
2004-08-15,16.804,NA,NA,NA,285.893
2004-08-16,16.804,NA,NA,NA,285.893
2004-08-17,17.192,NA,NA,NA,285.912
2004-08-18,17.115,NA,NA,NA,285.908
2004-08-19,16.804,NA,NA,NA,285.893
2004-08-20,16.804,NA,NA,NA,285.893
2004-08-21,16.331,NA,NA,NA,285.866
2004-08-22,16.646,NA,NA,NA,285.884
2004-08-23,16.384,NA,NA,NA,285.869
2004-08-24,15.336,NA,NA,NA,285.808
2004-08-25,16.541,NA,NA,NA,285.878
2004-08-26,16.594,NA,NA,NA,285.881
2004-08-27,16.699,NA,NA,NA,285.887
2004-08-28,16.751,NA,NA,NA,285.89
2004-08-29,16.279,NA,NA,NA,285.863
2004-08-30,16.751,NA,NA,NA,285.89
2004-08-31,16.436,NA,NA,NA,285.872
2004-09-01,16.646,NA,NA,NA,285.884
2004-09-02,16.489,NA,NA,NA,285.875
2004-09-03,16.226,NA,NA,NA,285.86
2004-09-04,16.384,NA,NA,NA,285.869
2004-09-05,16.384,NA,NA,NA,285.869
2004-09-06,16.909,NA,NA,NA,285.899
2004-09-07,16.751,NA,NA,NA,285.89
2004-09-08,16.175,NA,NA,NA,285.857
2004-09-09,15.755,NA,NA,NA,285.832
2004-09-10,16.175,NA,NA,NA,285.857
2004-09-11,16.804,NA,NA,NA,285.893
2004-09-12,16.226,NA,NA,NA,285.86
2004-09-13,15.912,NA,NA,NA,285.841
2004-09-14,16.489,NA,NA,NA,285.875
2004-09-15,16.856,NA,NA,NA,285.896
2004-09-16,16.646,NA,NA,NA,285.884
2004-09-17,16.856,NA,NA,NA,285.896
2004-09-18,16.646,NA,NA,NA,285.884
2004-09-19,16.751,NA,NA,NA,285.89
2004-09-20,16.646,NA,NA,NA,285.884
2004-09-21,18.888,NA,NA,NA,285.979
2004-09-22,18.502,NA,NA,NA,285.963
2004-09-23,18.811,NA,NA,NA,285.976
2004-09-24,21.432,NA,NA,NA,286.079
2004-09-25,19.119,NA,NA,NA,285.988
2004-09-26,18.965,NA,NA,NA,285.982
2004-09-27,19.89,NA,NA,NA,286.018
2004-09-28,19.505,NA,NA,NA,286.003
2004-09-29,19.427,NA,NA,NA,286
2004-09-30,19.813,NA,NA,NA,286.015
2004-10-01,21.74,NA,NA,NA,286.091
2004-10-02,20.43,NA,NA,NA,286.04
2004-10-03,20.43,NA,NA,NA,286.04
2004-10-04,20.661,NA,NA,NA,286.049
2004-10-05,20.43,NA,NA,NA,286.04
2004-10-06,20.893,NA,NA,NA,286.058
2004-10-07,20.969,NA,NA,NA,286.061
2004-10-08,21.664,NA,NA,NA,286.088
2004-10-09,21.278,NA,NA,NA,286.073
2004-10-10,21.123,NA,NA,NA,286.067
2004-10-11,21.355,NA,NA,NA,286.076
2004-10-12,21.123,NA,NA,NA,286.067
2004-10-13,22.743,NA,NA,NA,286.131
2004-10-14,21.123,NA,NA,NA,286.067
2004-10-15,21.123,NA,NA,NA,286.067
2004-10-16,21.586,NA,NA,NA,286.085
2004-10-17,20.198,NA,NA,NA,286.03
2004-10-18,20.044,NA,NA,NA,286.024
2004-10-19,20.044,NA,NA,NA,286.024
2004-10-20,20.584,NA,NA,NA,286.046
2004-10-21,20.198,NA,NA,NA,286.03
2004-10-22,20.661,NA,NA,NA,286.049
2004-10-23,22.743,NA,NA,NA,286.131
2004-10-24,20.276,NA,NA,NA,286.033
2004-10-25,20.738,NA,NA,NA,286.052
2004-10-26,20.43,NA,NA,NA,286.04
2004-10-27,20.507,NA,NA,NA,286.043
2004-10-28,19.736,NA,NA,NA,286.012
2004-10-29,22.203,NA,NA,NA,286.11
2004-10-30,26.906,NA,NA,NA,286.283
2004-10-31,21.972,NA,NA,NA,286.101
2004-11-01,22.203,NA,NA,NA,286.11
2004-11-02,22.743,NA,NA,NA,286.131
2004-11-03,22.28,NA,NA,NA,286.113
2004-11-04,23.128,NA,NA,NA,286.146
2004-11-05,22.974,NA,NA,NA,286.14
2004-11-06,23.051,NA,NA,NA,286.143
2004-11-07,23.59,NA,NA,NA,286.165
2004-11-08,22.897,NA,NA,NA,286.137
2004-11-09,22.974,NA,NA,NA,286.14
2004-11-10,25.117,NA,NA,NA,286.222
2004-11-11,24.593,NA,NA,NA,286.204
2004-11-12,24.848,NA,NA,NA,286.213
2004-11-13,24.76,NA,NA,NA,286.21
2004-11-14,24.67,NA,NA,NA,286.207
2004-11-15,24.848,NA,NA,NA,286.213
2004-11-16,24.515,NA,NA,NA,286.201
2004-11-17,24.207,NA,NA,NA,286.189
2004-11-18,24.053,NA,NA,NA,286.183
2004-11-19,23.59,NA,NA,NA,286.165
2004-11-20,23.436,NA,NA,NA,286.158
2004-11-21,23.36,NA,NA,NA,286.155
2004-11-22,22.897,NA,NA,NA,286.137
2004-11-23,23.436,NA,NA,NA,286.158
2004-11-24,22.589,NA,NA,NA,286.125
2004-11-25,22.435,NA,NA,NA,286.119
2004-11-26,22.357,NA,NA,NA,286.116
2004-11-27,22.665,NA,NA,NA,286.128
2004-11-28,21.972,NA,NA,NA,286.101
2004-11-29,21.894,NA,NA,NA,286.097
2004-11-30,21.509,NA,NA,NA,286.082
2004-12-01,21.047,NA,NA,NA,286.064
2004-12-02,20.893,NA,NA,NA,286.058
2004-12-03,20.507,NA,NA,NA,286.043
2004-12-04,20.43,NA,NA,NA,286.04
2004-12-05,20.198,NA,NA,NA,286.03
2004-12-06,20.044,NA,NA,NA,286.024
2004-12-07,20.584,NA,NA,NA,286.046
2004-12-08,20.122,NA,NA,NA,286.027
2004-12-09,20.352,NA,NA,NA,286.037
2004-12-10,21.047,NA,NA,NA,286.064
2004-12-11,20.507,NA,NA,NA,286.043
2004-12-12,24.515,NA,NA,NA,286.201
2004-12-13,20.43,NA,NA,NA,286.04
2004-12-14,19.659,NA,NA,NA,286.009
2004-12-15,19.351,NA,NA,NA,285.997
2004-12-16,19.505,NA,NA,NA,286.003
2004-12-17,19.505,NA,NA,NA,286.003
2004-12-18,19.736,NA,NA,NA,286.012
2004-12-19,19.581,NA,NA,NA,286.006
2004-12-20,19.505,NA,NA,NA,286.003
2004-12-21,19.581,NA,NA,NA,286.006
2004-12-22,19.351,NA,NA,NA,285.997
2004-12-23,19.273,NA,NA,NA,285.994
2004-12-24,19.119,NA,NA,NA,285.988
2004-12-25,19.197,NA,NA,NA,285.991
2004-12-26,19.119,NA,NA,NA,285.988
2004-12-27,19.042,NA,NA,NA,285.985
2004-12-28,18.965,NA,NA,NA,285.982
2004-12-29,18.888,NA,NA,NA,285.979
2004-12-30,18.888,NA,NA,NA,285.979
2004-12-31,18.888,NA,NA,NA,285.979
2005-01-01,18.811,NA,NA,NA,285.976
2005-01-02,18.965,NA,NA,NA,285.982
2005-01-03,18.888,NA,NA,NA,285.979
2005-01-04,18.811,NA,NA,NA,285.976
2005-01-05,18.734,NA,NA,NA,285.973
2005-01-06,18.656,NA,NA,NA,285.969
2005-01-07,18.58,NA,NA,NA,285.966
2005-01-08,18.426,NA,NA,NA,285.96
2005-01-09,18.426,NA,NA,NA,285.96
2005-01-10,18.348,NA,NA,NA,285.957
2005-01-11,18.272,NA,NA,NA,285.954
2005-01-12,18.348,NA,NA,NA,285.957
2005-01-13,18.426,NA,NA,NA,285.96
2005-01-14,14.759,NA,NA,NA,285.774
2005-01-15,18.194,NA,NA,NA,285.951
2005-01-16,18.117,NA,NA,NA,285.948
2005-01-17,14.078,NA,NA,NA,285.735
2005-01-18,18.194,NA,NA,NA,285.951
2005-01-19,18.194,NA,NA,NA,285.951
2005-01-20,18.117,NA,NA,NA,285.948
2005-01-21,18.04,NA,NA,NA,285.945
2005-01-22,18.348,NA,NA,NA,285.957
2005-01-23,18.04,NA,NA,NA,285.945
2005-01-24,17.963,NA,NA,NA,285.942
2005-01-25,17.885,NA,NA,NA,285.939
2005-01-26,17.809,NA,NA,NA,285.936
2005-01-27,17.809,NA,NA,NA,285.936
2005-01-28,17.809,NA,NA,NA,285.936
2005-01-29,17.885,NA,NA,NA,285.939
2005-01-30,17.885,NA,NA,NA,285.939
2005-01-31,17.963,NA,NA,NA,285.942
2005-02-01,17.963,NA,NA,NA,285.942
2005-02-02,17.963,NA,NA,NA,285.942
2005-02-03,18.04,NA,NA,NA,285.945
2005-02-04,18.04,NA,NA,NA,285.945
2005-02-05,18.117,NA,NA,NA,285.948
2005-02-06,18.272,NA,NA,NA,285.954
2005-02-07,18.272,NA,NA,NA,285.954
2005-02-08,18.348,NA,NA,NA,285.957
2005-02-09,18.502,NA,NA,NA,285.963
2005-02-10,18.426,NA,NA,NA,285.96
2005-02-11,18.502,NA,NA,NA,285.963
2005-02-12,18.502,NA,NA,NA,285.963
2005-02-13,18.502,NA,NA,NA,285.963
2005-02-14,18.656,NA,NA,NA,285.969
2005-02-15,18.734,NA,NA,NA,285.973
2005-02-16,18.656,NA,NA,NA,285.969
2005-02-17,18.734,NA,NA,NA,285.973
2005-02-18,18.734,NA,NA,NA,285.973
2005-02-19,18.811,NA,NA,NA,285.976
2005-02-20,18.888,NA,NA,NA,285.979
2005-02-21,18.811,NA,NA,NA,285.976
2005-02-22,18.734,NA,NA,NA,285.973
2005-02-23,18.734,NA,NA,NA,285.973
2005-02-24,18.734,NA,NA,NA,285.973
2005-02-25,18.656,NA,NA,NA,285.969
2005-02-26,18.58,NA,NA,NA,285.966
2005-02-27,18.656,NA,NA,NA,285.969
2005-02-28,18.58,NA,NA,NA,285.966
2005-03-01,18.502,NA,NA,NA,285.963
2005-03-02,18.502,NA,NA,NA,285.963
2005-03-03,18.426,NA,NA,NA,285.96
2005-03-04,18.502,NA,NA,NA,285.963
2005-03-05,18.502,NA,NA,NA,285.963
2005-03-06,18.656,NA,NA,NA,285.969
2005-03-07,19.042,NA,NA,NA,285.985
2005-03-08,19.042,NA,NA,NA,285.985
2005-03-09,19.273,NA,NA,NA,285.994
2005-03-10,19.968,NA,NA,NA,286.021
2005-03-11,19.659,NA,NA,NA,286.009
2005-03-12,19.581,NA,NA,NA,286.006
2005-03-13,19.581,NA,NA,NA,286.006
2005-03-14,19.581,NA,NA,NA,286.006
2005-03-15,19.505,NA,NA,NA,286.003
2005-03-16,19.505,NA,NA,NA,286.003
2005-03-17,19.427,NA,NA,NA,286
2005-03-18,19.351,NA,NA,NA,285.997
2005-03-19,19.273,NA,NA,NA,285.994
2005-03-20,19.273,NA,NA,NA,285.994
2005-03-21,19.197,NA,NA,NA,285.991
2005-03-22,19.273,NA,NA,NA,285.994
2005-03-23,19.273,NA,NA,NA,285.994
2005-03-24,19.427,NA,NA,NA,286
2005-03-25,19.581,NA,NA,NA,286.006
2005-03-26,19.659,NA,NA,NA,286.009
2005-03-27,19.813,NA,NA,NA,286.015
2005-03-28,20.122,NA,NA,NA,286.027
2005-03-29,20.507,NA,NA,NA,286.043
2005-03-30,20.969,NA,NA,NA,286.061
2005-03-31,21.509,NA,NA,NA,286.082
2005-04-01,21.664,NA,NA,NA,286.088
2005-04-02,21.509,NA,NA,NA,286.082
2005-04-03,22.048,NA,NA,NA,286.104
2005-04-04,21.664,NA,NA,NA,286.088
2005-04-05,22.126,NA,NA,NA,286.107
2005-04-06,22.126,NA,NA,NA,286.107
2005-04-07,21.278,NA,NA,NA,286.073
2005-04-08,20.507,NA,NA,NA,286.043
2005-04-09,19.119,NA,NA,NA,285.988
2005-04-10,21.586,NA,NA,NA,286.085
2005-04-11,20.893,NA,NA,NA,286.058
2005-04-12,22.28,NA,NA,NA,286.113
2005-04-13,23.205,NA,NA,NA,286.149
2005-04-14,23.36,NA,NA,NA,286.155
2005-04-15,24.053,NA,NA,NA,286.183
2005-04-16,24.67,NA,NA,NA,286.207
2005-04-17,24.67,NA,NA,NA,286.207
2005-04-18,24.67,NA,NA,NA,286.207
2005-04-19,25.117,NA,NA,NA,286.222
2005-04-20,24.67,NA,NA,NA,286.207
2005-04-21,24.515,NA,NA,NA,286.201
2005-04-22,26.19,NA,NA,NA,286.259
2005-04-23,24.207,NA,NA,NA,286.189
2005-04-24,23.36,NA,NA,NA,286.155
2005-04-25,24.285,NA,NA,NA,286.192
2005-04-26,23.282,NA,NA,NA,286.152
2005-04-27,22.897,NA,NA,NA,286.137
2005-04-28,21.972,NA,NA,NA,286.101
2005-04-29,21.74,NA,NA,NA,286.091
2005-04-30,21.894,NA,NA,NA,286.097
2005-05-01,22.589,NA,NA,NA,286.125
2005-05-02,22.665,NA,NA,NA,286.128
2005-05-03,20.584,NA,NA,NA,286.046
2005-05-04,20.352,NA,NA,NA,286.037
2005-05-05,20.43,NA,NA,NA,286.04
2005-05-06,20.584,NA,NA,NA,286.046
2005-05-07,19.042,NA,NA,NA,285.985
2005-05-08,20.122,NA,NA,NA,286.027
2005-05-09,21.432,NA,NA,NA,286.079
2005-05-10,21.74,NA,NA,NA,286.091
2005-05-11,21.664,NA,NA,NA,286.088
2005-05-12,20.044,NA,NA,NA,286.024
2005-05-13,22.28,NA,NA,NA,286.113
2005-05-14,26.906,NA,NA,NA,286.283
2005-05-15,31.466,NA,NA,NA,286.439
2005-05-16,21.201,NA,NA,NA,286.07
2005-05-17,22.126,NA,NA,NA,286.107
2005-05-18,21.818,NA,NA,NA,286.094
2005-05-19,23.36,NA,NA,NA,286.155
2005-05-20,22.897,NA,NA,NA,286.137
2005-05-21,21.355,NA,NA,NA,286.076
2005-05-22,25.475,NA,NA,NA,286.235
2005-05-23,23.436,NA,NA,NA,286.158
2005-05-24,22.897,NA,NA,NA,286.137
2005-05-25,23.436,NA,NA,NA,286.158
2005-05-26,23.514,NA,NA,NA,286.161
2005-05-27,23.282,NA,NA,NA,286.152
2005-05-28,22.743,NA,NA,NA,286.131
2005-05-29,22.974,NA,NA,NA,286.14
2005-05-30,23.051,NA,NA,NA,286.143
2005-05-31,22.357,NA,NA,NA,286.116
2005-06-01,22.435,NA,NA,NA,286.119
2005-06-02,22.435,NA,NA,NA,286.119
2005-06-03,23.128,NA,NA,NA,286.146
2005-06-04,23.514,NA,NA,NA,286.161
2005-06-05,23.436,NA,NA,NA,286.158
2005-06-06,23.36,NA,NA,NA,286.155
2005-06-07,23.744,NA,NA,NA,286.171
2005-06-08,24.439,NA,NA,NA,286.198
2005-06-09,25.027,NA,NA,NA,286.219
2005-06-10,26.369,NA,NA,NA,286.265
2005-06-11,27.979,NA,NA,NA,286.32
2005-06-12,29.499,NA,NA,NA,286.372
2005-06-13,29.946,NA,NA,NA,286.387
2005-06-14,34.186,NA,NA,NA,286.53
2005-06-15,34.568,NA,NA,NA,286.542
2005-06-16,36.48,NA,NA,NA,286.603
2005-06-17,38.966,NA,NA,NA,286.683
2005-06-18,41.069,NA,NA,NA,286.75
2005-06-19,42.981,NA,NA,NA,286.811
2005-06-20,43.949,NA,NA,NA,286.838
2005-06-21,44.948,NA,NA,NA,286.866
2005-06-22,44.726,NA,NA,NA,286.859
2005-06-23,45.17,NA,NA,NA,286.872
2005-06-24,44.393,NA,NA,NA,286.85
2005-06-25,42.503,NA,NA,NA,286.795
2005-06-26,41.165,NA,NA,NA,286.753
2005-06-27,40.209,NA,NA,NA,286.722
2005-06-28,39.157,NA,NA,NA,286.689
2005-06-29,37.341,NA,NA,NA,286.631
2005-06-30,37.15,NA,NA,NA,286.625
2005-07-01,34.759,NA,NA,NA,286.549
2005-07-02,33.255,NA,NA,NA,286.5
2005-07-03,32.987,NA,NA,NA,286.491
2005-07-04,32.36,NA,NA,NA,286.469
2005-07-05,31.735,NA,NA,NA,286.448
2005-07-06,30.572,NA,NA,NA,286.408
2005-07-07,30.214,NA,NA,NA,286.396
2005-07-08,30.483,NA,NA,NA,286.405
2005-07-09,29.499,NA,NA,NA,286.372
2005-07-10,29.141,NA,NA,NA,286.36
2005-07-11,28.962,NA,NA,NA,286.354
2005-07-12,29.768,NA,NA,NA,286.381
2005-07-13,29.678,NA,NA,NA,286.378
2005-07-14,29.499,NA,NA,NA,286.372
2005-07-15,29.499,NA,NA,NA,286.372
2005-07-16,29.41,NA,NA,NA,286.369
2005-07-17,28.694,NA,NA,NA,286.344
2005-07-18,28.783,NA,NA,NA,286.347
2005-07-19,27.889,NA,NA,NA,286.317
2005-07-20,27.979,NA,NA,NA,286.32
2005-07-21,27.979,NA,NA,NA,286.32
2005-07-22,27.085,NA,NA,NA,286.289
2005-07-23,26.19,NA,NA,NA,286.259
2005-07-24,26.19,NA,NA,NA,286.259
2005-07-25,25.027,NA,NA,NA,286.219
2005-07-26,25.027,NA,NA,NA,286.219
2005-07-27,23.976,NA,NA,NA,286.18
2005-07-28,23.128,NA,NA,NA,286.146
2005-07-29,22.589,NA,NA,NA,286.125
2005-07-30,22.048,NA,NA,NA,286.104
2005-07-31,21.74,NA,NA,NA,286.091
2005-08-01,21.586,NA,NA,NA,286.085
2005-08-02,20.893,NA,NA,NA,286.058
2005-08-03,20.969,NA,NA,NA,286.061
2005-08-04,21.355,NA,NA,NA,286.076
2005-08-05,20.198,NA,NA,NA,286.03
2005-08-06,19.659,NA,NA,NA,286.009
2005-08-07,19.197,NA,NA,NA,285.991
2005-08-08,18.888,NA,NA,NA,285.979
2005-08-09,19.581,NA,NA,NA,286.006
2005-08-10,19.042,NA,NA,NA,285.985
2005-08-11,18.502,NA,NA,NA,285.963
2005-08-12,19.119,NA,NA,NA,285.988
2005-08-13,19.042,NA,NA,NA,285.985
2005-08-14,18.734,NA,NA,NA,285.973
2005-08-15,18.58,NA,NA,NA,285.966
2005-08-16,18.272,NA,NA,NA,285.954
2005-08-17,18.117,NA,NA,NA,285.948
2005-08-18,18.965,NA,NA,NA,285.982
2005-08-19,19.968,NA,NA,NA,286.021
2005-08-20,18.888,NA,NA,NA,285.979
2005-08-21,18.811,NA,NA,NA,285.976
2005-08-22,18.272,NA,NA,NA,285.954
2005-08-23,17.731,NA,NA,NA,285.933
2005-08-24,16.856,NA,NA,NA,285.896
2005-08-25,17.731,NA,NA,NA,285.933
2005-08-26,19.813,NA,NA,NA,286.015
2005-08-27,19.273,NA,NA,NA,285.994
2005-08-28,18.888,NA,NA,NA,285.979
2005-08-29,18.502,NA,NA,NA,285.963
2005-08-30,17.885,NA,NA,NA,285.939
2005-08-31,17.885,NA,NA,NA,285.939
2005-09-01,18.194,NA,NA,NA,285.951
2005-09-02,17.885,NA,NA,NA,285.939
2005-09-03,16.751,NA,NA,NA,285.89
2005-09-04,16.96,NA,NA,NA,285.902
2005-09-05,17.577,NA,NA,NA,285.927
2005-09-06,18.811,NA,NA,NA,285.976
2005-09-07,18.117,NA,NA,NA,285.948
2005-09-08,18.58,NA,NA,NA,285.966
2005-09-09,17.501,NA,NA,NA,285.924
2005-09-10,17.346,NA,NA,NA,285.918
2005-09-11,18.194,NA,NA,NA,285.951
2005-09-12,18.811,NA,NA,NA,285.976
2005-09-13,18.965,NA,NA,NA,285.982
2005-09-14,18.426,NA,NA,NA,285.96
2005-09-15,18.04,NA,NA,NA,285.945
2005-09-16,18.194,NA,NA,NA,285.951
2005-09-17,17.963,NA,NA,NA,285.942
2005-09-18,18.656,NA,NA,NA,285.969
2005-09-19,19.119,NA,NA,NA,285.988
2005-09-20,18.888,NA,NA,NA,285.979
2005-09-21,18.965,NA,NA,NA,285.982
2005-09-22,19.581,NA,NA,NA,286.006
2005-09-23,19.042,NA,NA,NA,285.985
2005-09-24,19.89,NA,NA,NA,286.018
2005-09-25,20.507,NA,NA,NA,286.043
2005-09-26,20.661,NA,NA,NA,286.049
2005-09-27,20.507,NA,NA,NA,286.043
2005-09-28,20.969,NA,NA,NA,286.061
2005-09-29,25.385,NA,NA,NA,286.232
2005-09-30,20.044,NA,NA,NA,286.024
2005-10-01,20.122,NA,NA,NA,286.027
2005-10-02,19.813,NA,NA,NA,286.015
2005-10-03,20.661,NA,NA,NA,286.049
2005-10-04,20.661,NA,NA,NA,286.049
2005-10-05,22.126,NA,NA,NA,286.107
2005-10-06,24.131,NA,NA,NA,286.186
2005-10-07,21.586,NA,NA,NA,286.085
2005-10-08,21.047,NA,NA,NA,286.064
2005-10-09,21.586,NA,NA,NA,286.085
2005-10-10,22.435,NA,NA,NA,286.119
2005-10-11,22.435,NA,NA,NA,286.119
2005-10-12,22.357,NA,NA,NA,286.116
2005-10-13,22.435,NA,NA,NA,286.119
2005-10-14,22.589,NA,NA,NA,286.125
2005-10-15,22.589,NA,NA,NA,286.125
2005-10-16,21.894,NA,NA,NA,286.097
2005-10-17,22.897,NA,NA,NA,286.137
2005-10-18,22.203,NA,NA,NA,286.11
2005-10-19,22.357,NA,NA,NA,286.116
2005-10-20,22.126,NA,NA,NA,286.107
2005-10-21,22.435,NA,NA,NA,286.119
2005-10-22,22.203,NA,NA,NA,286.11
2005-10-23,22.126,NA,NA,NA,286.107
2005-10-24,21.047,NA,NA,NA,286.064
2005-10-25,20.969,NA,NA,NA,286.061
2005-10-26,21.586,NA,NA,NA,286.085
2005-10-27,21.664,NA,NA,NA,286.088
2005-10-28,21.509,NA,NA,NA,286.082
2005-10-29,21.201,NA,NA,NA,286.07
2005-10-30,21.74,NA,NA,NA,286.091
2005-10-31,21.278,NA,NA,NA,286.073
2005-11-01,20.352,NA,NA,NA,286.037
2005-11-02,18.04,NA,NA,NA,285.945
2005-11-03,19.813,NA,NA,NA,286.015
2005-11-04,20.044,NA,NA,NA,286.024
2005-11-05,19.581,NA,NA,NA,286.006
2005-11-06,19.273,NA,NA,NA,285.994
2005-11-07,19.197,NA,NA,NA,285.991
2005-11-08,18.888,NA,NA,NA,285.979
2005-11-09,21.818,NA,NA,NA,286.094
2005-11-10,18.426,NA,NA,NA,285.96
2005-11-11,18.117,NA,NA,NA,285.948
2005-11-12,18.58,NA,NA,NA,285.966
2005-11-13,21.278,NA,NA,NA,286.073
2005-11-14,17.346,NA,NA,NA,285.918
2005-11-15,18.272,NA,NA,NA,285.954
2005-11-16,23.514,NA,NA,NA,286.161
2005-11-17,17.577,NA,NA,NA,285.927
2005-11-18,17.577,NA,NA,NA,285.927
2005-11-19,17.885,NA,NA,NA,285.939
2005-11-20,18.117,NA,NA,NA,285.948
2005-11-21,18.426,NA,NA,NA,285.96
2005-11-22,18.58,NA,NA,NA,285.966
2005-11-23,18.965,NA,NA,NA,285.982
2005-11-24,18.811,NA,NA,NA,285.976
2005-11-25,18.194,NA,NA,NA,285.951
2005-11-26,17.963,NA,NA,NA,285.942
2005-11-27,17.809,NA,NA,NA,285.936
2005-11-28,18.811,NA,NA,NA,285.976
2005-11-29,19.119,NA,NA,NA,285.988
2005-11-30,18.734,NA,NA,NA,285.973
2005-12-01,18.734,NA,NA,NA,285.973
2005-12-02,18.656,NA,NA,NA,285.969
2005-12-03,18.888,NA,NA,NA,285.979
2005-12-04,18.965,NA,NA,NA,285.982
2005-12-05,18.965,NA,NA,NA,285.982
2005-12-06,19.042,NA,NA,NA,285.985
2005-12-07,19.197,NA,NA,NA,285.991
2005-12-08,19.197,NA,NA,NA,285.991
2005-12-09,19.273,NA,NA,NA,285.994
2005-12-10,19.427,NA,NA,NA,286
2005-12-11,19.197,NA,NA,NA,285.991
2005-12-12,19.273,NA,NA,NA,285.994
2005-12-13,19.197,NA,NA,NA,285.991
2005-12-14,19.427,NA,NA,NA,286
2005-12-15,19.505,NA,NA,NA,286.003
2005-12-16,19.427,NA,NA,NA,286
2005-12-17,19.273,NA,NA,NA,285.994
2005-12-18,19.197,NA,NA,NA,285.991
2005-12-19,19.119,NA,NA,NA,285.988
2005-12-20,19.197,NA,NA,NA,285.991
2005-12-21,19.273,NA,NA,NA,285.994
2005-12-22,19.351,NA,NA,NA,285.997
2005-12-23,19.505,NA,NA,NA,286.003
2005-12-24,19.427,NA,NA,NA,286
2005-12-25,19.427,NA,NA,NA,286
2005-12-26,19.427,NA,NA,NA,286
2005-12-27,19.427,NA,NA,NA,286
2005-12-28,19.505,NA,NA,NA,286.003
2005-12-29,19.505,NA,NA,NA,286.003
2005-12-30,20.044,NA,NA,NA,286.024
2005-12-31,19.968,NA,NA,NA,286.021
2006-01-01,19.89,NA,NA,NA,286.018
2006-01-02,19.813,NA,NA,NA,286.015
2006-01-03,19.813,NA,NA,NA,286.015
2006-01-04,19.813,NA,NA,NA,286.015
2006-01-05,19.813,NA,NA,NA,286.015
2006-01-06,19.736,NA,NA,NA,286.012
2006-01-07,19.736,NA,NA,NA,286.012
2006-01-08,19.736,NA,NA,NA,286.012
2006-01-09,19.813,NA,NA,NA,286.015
2006-01-10,19.736,NA,NA,NA,286.012
2006-01-11,19.736,NA,NA,NA,286.012
2006-01-12,19.736,NA,NA,NA,286.012
2006-01-13,19.736,NA,NA,NA,286.012
2006-01-14,19.659,NA,NA,NA,286.009
2006-01-15,19.581,NA,NA,NA,286.006
2006-01-16,19.736,NA,NA,NA,286.012
2006-01-17,19.659,NA,NA,NA,286.009
2006-01-18,19.659,NA,NA,NA,286.009
2006-01-19,19.736,NA,NA,NA,286.012
2006-01-20,19.659,NA,NA,NA,286.009
2006-01-21,19.736,NA,NA,NA,286.012
2006-01-22,19.659,NA,NA,NA,286.009
2006-01-23,19.581,NA,NA,NA,286.006
2006-01-24,19.736,NA,NA,NA,286.012
2006-01-25,19.427,NA,NA,NA,286
2006-01-26,19.427,NA,NA,NA,286
2006-01-27,19.505,NA,NA,NA,286.003
2006-01-28,19.581,NA,NA,NA,286.006
2006-01-29,19.736,NA,NA,NA,286.012
2006-01-30,19.813,NA,NA,NA,286.015
2006-01-31,19.736,NA,NA,NA,286.012
2006-02-01,19.813,NA,NA,NA,286.015
2006-02-02,19.813,NA,NA,NA,286.015
2006-02-03,19.89,NA,NA,NA,286.018
2006-02-04,20.276,NA,NA,NA,286.033
2006-02-05,20.661,NA,NA,NA,286.049
2006-02-06,20.815,NA,NA,NA,286.055
2006-02-07,20.969,NA,NA,NA,286.061
2006-02-08,20.969,NA,NA,NA,286.061
2006-02-09,20.893,NA,NA,NA,286.058
2006-02-10,20.893,NA,NA,NA,286.058
2006-02-11,20.969,NA,NA,NA,286.061
2006-02-12,21.123,NA,NA,NA,286.067
2006-02-13,21.123,NA,NA,NA,286.067
2006-02-14,20.969,NA,NA,NA,286.061
2006-02-15,20.661,NA,NA,NA,286.049
2006-02-16,20.584,NA,NA,NA,286.046
2006-02-17,20.352,NA,NA,NA,286.037
2006-02-18,20.43,NA,NA,NA,286.04
2006-02-19,20.43,NA,NA,NA,286.04
2006-02-20,20.276,NA,NA,NA,286.033
2006-02-21,20.044,NA,NA,NA,286.024
2006-02-22,19.89,NA,NA,NA,286.018
2006-02-23,19.736,NA,NA,NA,286.012
2006-02-24,19.505,NA,NA,NA,286.003
2006-02-25,19.505,NA,NA,NA,286.003
2006-02-26,19.581,NA,NA,NA,286.006
2006-02-27,19.505,NA,NA,NA,286.003
2006-02-28,19.427,NA,NA,NA,286
2006-03-01,19.273,NA,NA,NA,285.994
2006-03-02,19.273,NA,NA,NA,285.994
2006-03-03,19.119,NA,NA,NA,285.988
2006-03-04,19.197,NA,NA,NA,285.991
2006-03-05,19.273,NA,NA,NA,285.994
2006-03-06,19.351,NA,NA,NA,285.997
2006-03-07,19.273,NA,NA,NA,285.994
2006-03-08,19.351,NA,NA,NA,285.997
2006-03-09,19.427,NA,NA,NA,286
2006-03-10,19.659,NA,NA,NA,286.009
2006-03-11,20.198,NA,NA,NA,286.03
2006-03-12,21.047,NA,NA,NA,286.064
2006-03-13,22.589,NA,NA,NA,286.125
2006-03-14,23.744,NA,NA,NA,286.171
2006-03-15,25.296,NA,NA,NA,286.229
2006-03-16,26.816,NA,NA,NA,286.28
2006-03-17,27.889,NA,NA,NA,286.317
2006-03-18,29.141,NA,NA,NA,286.36
2006-03-19,30.304,NA,NA,NA,286.399
2006-03-20,31.02,NA,NA,NA,286.424
2006-03-21,31.377,NA,NA,NA,286.436
2006-03-22,31.556,NA,NA,NA,286.442
2006-03-23,31.556,NA,NA,NA,286.442
2006-03-24,31.287,NA,NA,NA,286.433
2006-03-25,31.198,NA,NA,NA,286.43
2006-03-26,30.93,NA,NA,NA,286.421
2006-03-27,30.662,NA,NA,NA,286.411
2006-03-28,30.483,NA,NA,NA,286.405
2006-03-29,30.393,NA,NA,NA,286.402
2006-03-30,30.841,NA,NA,NA,286.418
2006-03-31,32.272,NA,NA,NA,286.466
2006-04-01,32.718,NA,NA,NA,286.482
2006-04-02,33.524,NA,NA,NA,286.509
2006-04-03,36.289,NA,NA,NA,286.597
2006-04-04,38.01,NA,NA,NA,286.652
2006-04-05,39.73,NA,NA,NA,286.707
2006-04-06,41.547,NA,NA,NA,286.765
2006-04-07,42.789,NA,NA,NA,286.805
2006-04-08,43.172,NA,NA,NA,286.817
2006-04-09,42.598,NA,NA,NA,286.799
2006-04-10,43.505,NA,NA,NA,286.826
2006-04-11,43.838,NA,NA,NA,286.835
2006-04-12,43.394,NA,NA,NA,286.823
2006-04-13,42.789,NA,NA,NA,286.805
2006-04-14,42.694,NA,NA,NA,286.802
2006-04-15,41.356,NA,NA,NA,286.759
2006-04-16,41.165,NA,NA,NA,286.753
2006-04-17,39.827,NA,NA,NA,286.71
2006-04-18,38.774,NA,NA,NA,286.677
2006-04-19,37.724,NA,NA,NA,286.643
2006-04-20,38.488,NA,NA,NA,286.667
2006-04-21,37.532,NA,NA,NA,286.637
2006-04-22,36.48,NA,NA,NA,286.603
2006-04-23,35.524,NA,NA,NA,286.573
2006-04-24,35.62,NA,NA,NA,286.576
2006-04-25,33.433,NA,NA,NA,286.506
2006-04-26,32.629,NA,NA,NA,286.478
2006-04-27,31.735,NA,NA,NA,286.448
2006-04-28,30.572,NA,NA,NA,286.408
2006-04-29,30.304,NA,NA,NA,286.399
2006-04-30,30.393,NA,NA,NA,286.402
2006-05-01,31.02,NA,NA,NA,286.424
2006-05-02,30.483,NA,NA,NA,286.405
2006-05-03,31.466,NA,NA,NA,286.439
2006-05-04,31.466,NA,NA,NA,286.439
2006-05-05,31.02,NA,NA,NA,286.424
2006-05-06,31.287,NA,NA,NA,286.433
2006-05-07,32.093,NA,NA,NA,286.46
2006-05-08,33.345,NA,NA,NA,286.503
2006-05-09,34.473,NA,NA,NA,286.539
2006-05-10,35.047,NA,NA,NA,286.558
2006-05-11,35.812,NA,NA,NA,286.582
2006-05-12,34.856,NA,NA,NA,286.552
2006-05-13,35.142,NA,NA,NA,286.561
2006-05-14,34.568,NA,NA,NA,286.542
2006-05-15,34.377,NA,NA,NA,286.536
2006-05-16,34.186,NA,NA,NA,286.53
2006-05-17,33.433,NA,NA,NA,286.506
2006-05-18,33.076,NA,NA,NA,286.494
2006-05-19,32.45,NA,NA,NA,286.472
2006-05-20,32.093,NA,NA,NA,286.46
2006-05-21,30.751,NA,NA,NA,286.414
2006-05-22,29.946,NA,NA,NA,286.387
2006-05-23,28.516,NA,NA,NA,286.338
2006-05-24,28.247,NA,NA,NA,286.329
2006-05-25,29.856,NA,NA,NA,286.384
2006-05-26,27.889,NA,NA,NA,286.317
2006-05-27,26.279,NA,NA,NA,286.262
2006-05-28,26.1,NA,NA,NA,286.256
2006-05-29,27.174,NA,NA,NA,286.293
2006-05-30,26.637,NA,NA,NA,286.274
2006-05-31,26.012,NA,NA,NA,286.253
2006-06-01,25.475,NA,NA,NA,286.235
2006-06-02,25.027,NA,NA,NA,286.219
2006-06-03,23.976,NA,NA,NA,286.18
2006-06-04,23.744,NA,NA,NA,286.171
2006-06-05,23.744,NA,NA,NA,286.171
2006-06-06,24.053,NA,NA,NA,286.183
2006-06-07,23.205,NA,NA,NA,286.149
2006-06-08,22.665,NA,NA,NA,286.128
2006-06-09,21.123,NA,NA,NA,286.067
2006-06-10,22.126,NA,NA,NA,286.107
2006-06-11,21.972,NA,NA,NA,286.101
2006-06-12,22.048,NA,NA,NA,286.104
2006-06-13,22.126,NA,NA,NA,286.107
2006-06-14,21.894,NA,NA,NA,286.097
2006-06-15,21.74,NA,NA,NA,286.091
2006-06-16,22.28,NA,NA,NA,286.113
2006-06-17,22.048,NA,NA,NA,286.104
2006-06-18,22.048,NA,NA,NA,286.104
2006-06-19,22.357,NA,NA,NA,286.116
2006-06-20,21.201,NA,NA,NA,286.07
2006-06-21,22.126,NA,NA,NA,286.107
2006-06-22,21.201,NA,NA,NA,286.07
2006-06-23,20.661,NA,NA,NA,286.049
2006-06-24,20.738,NA,NA,NA,286.052
2006-06-25,21.586,NA,NA,NA,286.085
2006-06-26,21.047,NA,NA,NA,286.064
2006-06-27,21.355,NA,NA,NA,286.076
2006-06-28,21.201,NA,NA,NA,286.07
2006-06-29,20.815,NA,NA,NA,286.055
2006-06-30,20.738,NA,NA,NA,286.052
2006-07-01,21.509,NA,NA,NA,286.082
2006-07-02,20.969,NA,NA,NA,286.061
2006-07-03,20.43,NA,NA,NA,286.04
2006-07-04,20.507,NA,NA,NA,286.043
2006-07-05,20.276,NA,NA,NA,286.033
2006-07-06,19.813,NA,NA,NA,286.015
2006-07-07,19.273,NA,NA,NA,285.994
2006-07-08,19.659,NA,NA,NA,286.009
2006-07-09,19.968,NA,NA,NA,286.021
2006-07-10,18.965,NA,NA,NA,285.982
2006-07-11,18.656,NA,NA,NA,285.969
2006-07-12,18.502,NA,NA,NA,285.963
2006-07-13,18.117,NA,NA,NA,285.948
2006-07-14,20.738,NA,NA,NA,286.052
2006-07-15,19.89,NA,NA,NA,286.018
2006-07-16,19.89,NA,NA,NA,286.018
2006-07-17,20.661,NA,NA,NA,286.049
2006-07-18,19.042,NA,NA,NA,285.985
2006-07-19,19.197,NA,NA,NA,285.991
2006-07-20,18.965,NA,NA,NA,285.982
2006-07-21,18.734,NA,NA,NA,285.973
2006-07-22,18.58,NA,NA,NA,285.966
2006-07-23,17.885,NA,NA,NA,285.939
2006-07-24,18.04,NA,NA,NA,285.945
2006-07-25,17.809,NA,NA,NA,285.936
2006-07-26,17.731,NA,NA,NA,285.933
2006-07-27,17.501,NA,NA,NA,285.924
2006-07-28,17.192,NA,NA,NA,285.912
2006-07-29,15.807,NA,NA,NA,285.835
2006-07-30,16.856,NA,NA,NA,285.896
2006-07-31,16.856,NA,NA,NA,285.896
2006-08-01,17.115,NA,NA,NA,285.908
2006-08-02,17.038,NA,NA,NA,285.905
2006-08-03,16.856,NA,NA,NA,285.896
2006-08-04,16.646,NA,NA,NA,285.884
2006-08-05,16.331,NA,NA,NA,285.866
2006-08-06,16.804,NA,NA,NA,285.893
2006-08-07,16.489,NA,NA,NA,285.875
2006-08-08,16.279,NA,NA,NA,285.863
2006-08-09,16.07,NA,NA,NA,285.851
2006-08-10,16.699,NA,NA,NA,285.887
2006-08-11,16.279,NA,NA,NA,285.863
2006-08-12,15.807,NA,NA,NA,285.835
2006-08-13,17.346,NA,NA,NA,285.918
2006-08-14,17.501,NA,NA,NA,285.924
2006-08-15,17.115,NA,NA,NA,285.908
2006-08-16,16.646,NA,NA,NA,285.884
2006-08-17,16.646,NA,NA,NA,285.884
2006-08-18,16.856,NA,NA,NA,285.896
2006-08-19,16.804,NA,NA,NA,285.893
2006-08-20,16.646,NA,NA,NA,285.884
2006-08-21,16.804,NA,NA,NA,285.893
2006-08-22,16.804,NA,NA,NA,285.893
2006-08-23,15.597,NA,NA,NA,285.823
2006-08-24,15.965,NA,NA,NA,285.844
2006-08-25,16.541,NA,NA,NA,285.878
2006-08-26,16.384,NA,NA,NA,285.869
2006-08-27,16.175,NA,NA,NA,285.857
2006-08-28,16.384,NA,NA,NA,285.869
2006-08-29,16.331,NA,NA,NA,285.866
2006-08-30,15.86,NA,NA,NA,285.838
2006-08-31,15.178,NA,NA,NA,285.799
2006-09-01,23.668,NA,NA,NA,286.168
2006-09-02,17.115,NA,NA,NA,285.908
2006-09-03,16.96,NA,NA,NA,285.902
2006-09-04,16.96,NA,NA,NA,285.902
2006-09-05,16.96,NA,NA,NA,285.902
2006-09-06,16.909,NA,NA,NA,285.899
2006-09-07,16.646,NA,NA,NA,285.884
2006-09-08,17.346,NA,NA,NA,285.918
2006-09-09,16.436,NA,NA,NA,285.872
2006-09-10,16.489,NA,NA,NA,285.875
2006-09-11,16.856,NA,NA,NA,285.896
2006-09-12,16.751,NA,NA,NA,285.89
2006-09-13,16.699,NA,NA,NA,285.887
2006-09-14,16.122,NA,NA,NA,285.854
2006-09-15,16.226,NA,NA,NA,285.86
2006-09-16,16.751,NA,NA,NA,285.89
2006-09-17,17.963,NA,NA,NA,285.942
2006-09-18,17.423,NA,NA,NA,285.921
2006-09-19,17.655,NA,NA,NA,285.93
2006-09-20,16.699,NA,NA,NA,285.887
2006-09-21,16.331,NA,NA,NA,285.866
2006-09-22,16.594,NA,NA,NA,285.881
2006-09-23,17.655,NA,NA,NA,285.93
2006-09-24,17.963,NA,NA,NA,285.942
2006-09-25,17.885,NA,NA,NA,285.939
2006-09-26,17.423,NA,NA,NA,285.921
2006-09-27,17.963,NA,NA,NA,285.942
2006-09-28,17.655,NA,NA,NA,285.93
2006-09-29,17.269,NA,NA,NA,285.915
2006-09-30,17.501,NA,NA,NA,285.924
2006-10-01,16.751,NA,NA,NA,285.89
2006-10-02,17.655,NA,NA,NA,285.93
2006-10-03,17.346,NA,NA,NA,285.918
2006-10-04,17.963,NA,NA,NA,285.942
2006-10-05,17.346,NA,NA,NA,285.918
2006-10-06,16.646,NA,NA,NA,285.884
2006-10-07,17.346,NA,NA,NA,285.918
2006-10-08,18.04,NA,NA,NA,285.945
2006-10-09,17.501,NA,NA,NA,285.924
2006-10-10,17.269,NA,NA,NA,285.915
2006-10-11,20.352,NA,NA,NA,286.037
2006-10-12,20.584,NA,NA,NA,286.046
2006-10-13,18.272,NA,NA,NA,285.954
2006-10-14,16.646,NA,NA,NA,285.884
2006-10-15,16.384,NA,NA,NA,285.869
2006-10-16,16.175,NA,NA,NA,285.857
2006-10-17,16.804,NA,NA,NA,285.893
2006-10-18,17.963,NA,NA,NA,285.942
2006-10-19,16.699,NA,NA,NA,285.887
2006-10-20,17.192,NA,NA,NA,285.912
2006-10-21,17.423,NA,NA,NA,285.921
2006-10-22,17.115,NA,NA,NA,285.908
2006-10-23,16.96,NA,NA,NA,285.902
2006-10-24,16.646,NA,NA,NA,285.884
2006-10-25,16.384,NA,NA,NA,285.869
2006-10-26,17.038,NA,NA,NA,285.905
2006-10-27,17.115,NA,NA,NA,285.908
2006-10-28,17.809,NA,NA,NA,285.936
2006-10-29,16.909,NA,NA,NA,285.899
2006-10-30,16.96,NA,NA,NA,285.902
2006-10-31,18.348,NA,NA,NA,285.957
2006-11-01,17.346,NA,NA,NA,285.918
2006-11-02,16.856,NA,NA,NA,285.896
2006-11-03,16.594,NA,NA,NA,285.881
2006-11-04,16.646,NA,NA,NA,285.884
2006-11-05,16.751,NA,NA,NA,285.89
2006-11-06,16.909,NA,NA,NA,285.899
2006-11-07,16.909,NA,NA,NA,285.899
2006-11-08,17.115,NA,NA,NA,285.908
2006-11-09,18.04,NA,NA,NA,285.945
2006-11-10,17.501,NA,NA,NA,285.924
2006-11-11,16.96,NA,NA,NA,285.902
2006-11-12,16.751,NA,NA,NA,285.89
2006-11-13,17.192,NA,NA,NA,285.912
2006-11-14,17.038,NA,NA,NA,285.905
2006-11-15,18.58,NA,NA,NA,285.966
2006-11-16,17.269,NA,NA,NA,285.915
2006-11-17,17.423,NA,NA,NA,285.921
2006-11-18,17.423,NA,NA,NA,285.921
2006-11-19,17.192,NA,NA,NA,285.912
2006-11-20,17.269,NA,NA,NA,285.915
2006-11-21,17.269,NA,NA,NA,285.915
2006-11-22,17.269,NA,NA,NA,285.915
2006-11-23,17.346,NA,NA,NA,285.918
2006-11-24,17.577,NA,NA,NA,285.927
2006-11-25,17.577,NA,NA,NA,285.927
2006-11-26,17.885,NA,NA,NA,285.939
2006-11-27,17.346,NA,NA,NA,285.918
2006-11-28,17.501,NA,NA,NA,285.924
2006-11-29,17.501,NA,NA,NA,285.924
2006-11-30,16.96,NA,NA,NA,285.902
2006-12-01,16.804,NA,NA,NA,285.893
2006-12-02,16.856,NA,NA,NA,285.896
2006-12-03,16.856,NA,NA,NA,285.896
2006-12-04,16.909,NA,NA,NA,285.899
2006-12-05,16.909,NA,NA,NA,285.899
2006-12-06,16.96,NA,NA,NA,285.902
2006-12-07,16.909,NA,NA,NA,285.899
2006-12-08,16.909,NA,NA,NA,285.899
2006-12-09,16.856,NA,NA,NA,285.896
2006-12-10,16.909,NA,NA,NA,285.899
2006-12-11,16.909,NA,NA,NA,285.899
2006-12-12,16.96,NA,NA,NA,285.902
2006-12-13,16.96,NA,NA,NA,285.902
2006-12-14,17.038,NA,NA,NA,285.905
2006-12-15,17.038,NA,NA,NA,285.905
2006-12-16,17.192,NA,NA,NA,285.912
2006-12-17,17.192,NA,NA,NA,285.912
2006-12-18,17.192,NA,NA,NA,285.912
2006-12-19,17.192,NA,NA,NA,285.912
2006-12-20,17.269,NA,NA,NA,285.915
2006-12-21,17.269,NA,NA,NA,285.915
2006-12-22,17.269,NA,NA,NA,285.915
2006-12-23,17.346,NA,NA,NA,285.918
2006-12-24,17.269,NA,NA,NA,285.915
2006-12-25,17.423,NA,NA,NA,285.921
2006-12-26,17.346,NA,NA,NA,285.918
2006-12-27,17.346,NA,NA,NA,285.918
2006-12-28,NA,NA,NA,NA,NA
2006-12-29,NA,NA,NA,NA,NA
2006-12-30,NA,NA,NA,NA,NA
2006-12-31,NA,NA,NA,NA,NA
2007-01-01,NA,NA,NA,NA,NA
2007-01-02,NA,NA,NA,NA,NA
2007-01-03,NA,NA,NA,NA,NA
2007-01-04,NA,NA,NA,NA,NA
2007-01-05,NA,NA,NA,NA,NA
2007-01-06,NA,NA,NA,NA,NA
2007-01-07,NA,NA,NA,NA,NA
2007-01-08,NA,NA,NA,NA,NA
2007-01-09,NA,NA,NA,NA,NA
2007-01-10,NA,NA,NA,NA,NA
2007-01-11,NA,NA,NA,NA,NA
2007-01-12,NA,NA,NA,NA,NA
2007-01-13,NA,NA,NA,NA,NA
2007-01-14,NA,NA,NA,NA,NA
2007-01-15,NA,NA,NA,NA,NA
2007-01-16,NA,NA,NA,NA,NA
2007-01-17,NA,NA,NA,NA,NA
2007-01-18,NA,NA,NA,NA,NA
2007-01-19,NA,NA,NA,NA,NA
2007-01-20,NA,NA,NA,NA,NA
2007-01-21,NA,NA,NA,NA,NA
2007-01-22,NA,NA,NA,NA,NA
2007-01-23,NA,NA,NA,NA,NA
2007-01-24,NA,NA,NA,NA,NA
2007-01-25,NA,NA,NA,NA,NA
2007-01-26,NA,NA,NA,NA,NA
2007-01-27,NA,NA,NA,NA,NA
2007-01-28,NA,NA,NA,NA,NA
2007-01-29,NA,NA,NA,NA,NA
2007-01-30,NA,NA,NA,NA,NA
2007-01-31,NA,NA,NA,NA,NA
2007-02-01,NA,NA,NA,NA,NA
2007-02-02,NA,NA,NA,NA,NA
2007-02-03,NA,NA,NA,NA,NA
2007-02-04,NA,NA,NA,NA,NA
2007-02-05,NA,NA,NA,NA,NA
2007-02-06,NA,NA,NA,NA,NA
2007-02-07,NA,NA,NA,NA,NA
2007-02-08,NA,NA,NA,NA,NA
2007-02-09,NA,NA,NA,NA,NA
2007-02-10,NA,NA,NA,NA,NA
2007-02-11,NA,NA,NA,NA,NA
2007-02-12,NA,NA,NA,NA,NA
2007-02-13,NA,NA,NA,NA,NA
2007-02-14,NA,NA,NA,NA,NA
2007-02-15,NA,NA,NA,NA,NA
2007-02-16,NA,NA,NA,NA,NA
2007-02-17,NA,NA,NA,NA,NA
2007-02-18,NA,NA,NA,NA,NA
2007-02-19,NA,NA,NA,NA,NA
2007-02-20,NA,NA,NA,NA,NA
2007-02-21,NA,NA,NA,NA,NA
2007-02-22,NA,NA,NA,NA,NA
2007-02-23,NA,NA,NA,NA,NA
2007-02-24,NA,NA,NA,NA,NA
2007-02-25,NA,NA,NA,NA,NA
2007-02-26,NA,NA,NA,NA,NA
2007-02-27,NA,NA,NA,NA,NA
2007-02-28,NA,NA,NA,NA,NA
2007-03-01,NA,NA,NA,NA,NA
2007-03-02,NA,NA,NA,NA,NA
2007-03-03,NA,NA,NA,NA,NA
2007-03-04,NA,NA,NA,NA,NA
2007-03-05,NA,NA,NA,NA,NA
2007-03-06,NA,NA,NA,NA,NA
2007-03-07,NA,NA,NA,NA,NA
2007-03-08,NA,NA,NA,NA,NA
2007-03-09,NA,NA,NA,NA,NA
2007-03-10,NA,NA,NA,NA,NA
2007-03-11,NA,NA,NA,NA,NA
2007-03-12,NA,NA,NA,NA,NA
2007-03-13,NA,NA,NA,NA,NA
2007-03-14,NA,NA,NA,NA,NA
2007-03-15,NA,NA,NA,NA,NA
2007-03-16,23.899,NA,NA,NA,286.177
2007-03-17,28.158,NA,NA,NA,286.326
2007-03-18,34.091,NA,NA,NA,286.527
2007-03-19,39.827,NA,NA,NA,286.71
2007-03-20,42.312,NA,NA,NA,286.789
2007-03-21,44.06,NA,NA,NA,286.841
2007-03-22,44.837,NA,NA,NA,286.863
2007-03-23,45.614,NA,NA,NA,286.884
2007-03-24,46.835,NA,NA,NA,286.917
2007-03-25,46.724,NA,NA,NA,286.914
2007-03-26,45.947,NA,NA,NA,286.893
2007-03-27,NA,NA,NA,NA,NA
2007-03-28,NA,NA,NA,NA,NA
2007-03-29,NA,NA,NA,NA,NA
2007-03-30,NA,NA,NA,NA,NA
2007-03-31,NA,NA,NA,NA,NA
2007-04-01,NA,NA,NA,NA,NA
2007-04-02,NA,NA,NA,NA,NA
2007-04-03,NA,NA,NA,NA,NA
2007-04-04,NA,NA,NA,NA,NA
2007-04-05,NA,NA,NA,NA,NA
2007-04-06,NA,NA,NA,NA,NA
2007-04-07,NA,NA,NA,NA,NA
2007-04-08,NA,NA,NA,NA,NA
2007-04-09,NA,NA,NA,NA,NA
2007-04-10,NA,NA,NA,NA,NA
2007-04-11,NA,NA,NA,NA,NA
2007-04-12,NA,NA,NA,NA,NA
2007-04-13,NA,NA,NA,NA,NA
2007-04-14,NA,NA,NA,NA,NA
2007-04-15,NA,NA,NA,NA,NA
2007-04-16,NA,NA,NA,NA,NA
2007-04-17,39.73,NA,NA,NA,286.707
2007-04-18,NA,NA,NA,NA,NA
2007-04-19,NA,NA,NA,NA,NA
2007-04-20,NA,NA,NA,NA,NA
2007-04-21,NA,NA,NA,NA,NA
2007-04-22,NA,NA,NA,NA,NA
2007-04-23,NA,NA,NA,NA,NA
2007-04-24,NA,NA,NA,NA,NA
2007-04-25,NA,NA,NA,NA,NA
2007-04-26,41.451,NA,NA,NA,286.762
2007-04-27,42.789,NA,NA,NA,286.805
2007-04-28,43.077,NA,NA,NA,286.814
2007-04-29,42.789,NA,NA,NA,286.805
2007-04-30,42.025,NA,NA,NA,286.78
2007-05-01,42.121,NA,NA,NA,286.783
2007-05-02,40.686,NA,NA,NA,286.738
2007-05-03,39.444,NA,NA,NA,286.698
2007-05-04,38.01,NA,NA,NA,286.652
2007-05-05,37.915,NA,NA,NA,286.649
2007-05-06,27.979,NA,NA,NA,286.32
2007-05-07,38.679,NA,NA,NA,286.674
2007-05-08,38.583,NA,NA,NA,286.67
2007-05-09,37.724,NA,NA,NA,286.643
2007-05-10,38.201,NA,NA,NA,286.658
2007-05-11,38.583,NA,NA,NA,286.67
2007-05-12,38.583,NA,NA,NA,286.67
2007-05-13,38.488,NA,NA,NA,286.667
2007-05-14,38.774,NA,NA,NA,286.677
2007-05-15,39.635,NA,NA,NA,286.704
2007-05-16,38.201,NA,NA,NA,286.658
2007-05-17,37.341,NA,NA,NA,286.631
2007-05-18,36.576,NA,NA,NA,286.606
2007-05-19,36.768,NA,NA,NA,286.613
2007-05-20,34.951,NA,NA,NA,286.555
2007-05-21,34.759,NA,NA,NA,286.549
2007-05-22,33.433,NA,NA,NA,286.506
2007-05-23,33.9,NA,NA,NA,286.521
2007-05-24,33.524,NA,NA,NA,286.509
2007-05-25,32.181,NA,NA,NA,286.463
2007-05-26,32.272,NA,NA,NA,286.466
2007-05-27,30.751,NA,NA,NA,286.414
2007-05-28,29.141,NA,NA,NA,286.36
2007-05-29,29.141,NA,NA,NA,286.36
2007-05-30,28.962,NA,NA,NA,286.354
2007-05-31,28.337,NA,NA,NA,286.332
2007-06-01,27.352,NA,NA,NA,286.299
2007-06-02,28.426,NA,NA,NA,286.335
2007-06-03,28.426,NA,NA,NA,286.335
2007-06-04,28.604,NA,NA,NA,286.341
2007-06-05,29.32,NA,NA,NA,286.366
2007-06-06,30.125,NA,NA,NA,286.393
2007-06-07,32.45,NA,NA,NA,286.472
2007-06-08,33.995,NA,NA,NA,286.524
2007-06-09,34.759,NA,NA,NA,286.549
2007-06-10,35.524,NA,NA,NA,286.573
2007-06-11,36.959,NA,NA,NA,286.619
2007-06-12,37.245,NA,NA,NA,286.628
2007-06-13,38.106,NA,NA,NA,286.655
2007-06-14,38.583,NA,NA,NA,286.67
2007-06-15,38.583,NA,NA,NA,286.67
2007-06-16,38.774,NA,NA,NA,286.677
2007-06-17,38.392,NA,NA,NA,286.664
2007-06-18,38.583,NA,NA,NA,286.67
2007-06-19,38.01,NA,NA,NA,286.652
2007-06-20,37.627,NA,NA,NA,286.64
2007-06-21,36.768,NA,NA,NA,286.613
2007-06-22,36.098,NA,NA,NA,286.591
2007-06-23,35.715,NA,NA,NA,286.579
2007-06-24,34.568,NA,NA,NA,286.542
2007-06-25,33.345,NA,NA,NA,286.503
2007-06-26,33.076,NA,NA,NA,286.494
2007-06-27,33.076,NA,NA,NA,286.494
2007-06-28,31.108,NA,NA,NA,286.427
2007-06-29,29.946,NA,NA,NA,286.387
2007-06-30,29.32,NA,NA,NA,286.366
2007-07-01,28.694,NA,NA,NA,286.344
2007-07-02,27.8,NA,NA,NA,286.314
2007-07-03,27.979,NA,NA,NA,286.32
2007-07-04,27.531,NA,NA,NA,286.305
2007-07-05,26.816,NA,NA,NA,286.28
2007-07-06,26.1,NA,NA,NA,286.256
2007-07-07,25.027,NA,NA,NA,286.219
2007-07-08,24.938,NA,NA,NA,286.216
2007-07-09,23.976,NA,NA,NA,286.18
2007-07-10,25.296,NA,NA,NA,286.229
2007-07-11,23.051,NA,NA,NA,286.143
2007-07-12,22.203,NA,NA,NA,286.11
2007-07-13,21.586,NA,NA,NA,286.085
2007-07-14,21.509,NA,NA,NA,286.082
2007-07-15,20.969,NA,NA,NA,286.061
2007-07-16,20.661,NA,NA,NA,286.049
2007-07-17,20.43,NA,NA,NA,286.04
2007-07-18,20.352,NA,NA,NA,286.037
2007-07-19,20.198,NA,NA,NA,286.03
2007-07-20,19.197,NA,NA,NA,285.991
2007-07-21,18.58,NA,NA,NA,285.966
2007-07-22,18.888,NA,NA,NA,285.979
2007-07-23,19.351,NA,NA,NA,285.997
2007-07-24,19.119,NA,NA,NA,285.988
2007-07-25,18.426,NA,NA,NA,285.96
2007-07-26,18.58,NA,NA,NA,285.966
2007-07-27,18.811,NA,NA,NA,285.976
2007-07-28,18.272,NA,NA,NA,285.954
2007-07-29,18.04,NA,NA,NA,285.945
2007-07-30,17.731,NA,NA,NA,285.933
2007-07-31,17.423,NA,NA,NA,285.921
2007-08-01,17.346,NA,NA,NA,285.918
2007-08-02,17.731,NA,NA,NA,285.933
2007-08-03,17.346,NA,NA,NA,285.918
2007-08-04,16.384,NA,NA,NA,285.869
2007-08-05,17.423,NA,NA,NA,285.921
2007-08-06,17.269,NA,NA,NA,285.915
2007-08-07,17.501,NA,NA,NA,285.924
2007-08-08,17.501,NA,NA,NA,285.924
2007-08-09,17.577,NA,NA,NA,285.927
2007-08-10,17.115,NA,NA,NA,285.908
2007-08-11,18.426,NA,NA,NA,285.96
2007-08-12,18.348,NA,NA,NA,285.957
2007-08-13,17.809,NA,NA,NA,285.936
2007-08-14,18.426,NA,NA,NA,285.96
2007-08-15,17.809,NA,NA,NA,285.936
2007-08-16,18.117,NA,NA,NA,285.948
2007-08-17,17.731,NA,NA,NA,285.933
2007-08-18,16.804,NA,NA,NA,285.893
2007-08-19,17.346,NA,NA,NA,285.918
2007-08-20,17.655,NA,NA,NA,285.93
2007-08-21,18.117,NA,NA,NA,285.948
2007-08-22,18.117,NA,NA,NA,285.948
2007-08-23,17.963,NA,NA,NA,285.942
2007-08-24,18.04,NA,NA,NA,285.945
2007-08-25,17.885,NA,NA,NA,285.939
2007-08-26,17.038,NA,NA,NA,285.905
2007-08-27,17.346,NA,NA,NA,285.918
2007-08-28,17.346,NA,NA,NA,285.918
2007-08-29,17.346,NA,NA,NA,285.918
2007-08-30,17.038,NA,NA,NA,285.905
2007-08-31,16.804,NA,NA,NA,285.893
2007-09-01,16.384,NA,NA,NA,285.869
2007-09-02,16.856,NA,NA,NA,285.896
2007-09-03,15.912,NA,NA,NA,285.841
2007-09-04,16.436,NA,NA,NA,285.872
2007-09-05,16.226,NA,NA,NA,285.86
2007-09-06,16.594,NA,NA,NA,285.881
2007-09-07,17.346,NA,NA,NA,285.918
2007-09-08,16.226,NA,NA,NA,285.86
2007-09-09,16.541,NA,NA,NA,285.878
2007-09-10,16.331,NA,NA,NA,285.866
2007-09-11,17.655,NA,NA,NA,285.93
2007-09-12,16.017,NA,NA,NA,285.848
2007-09-13,16.436,NA,NA,NA,285.872
2007-09-14,16.489,NA,NA,NA,285.875
2007-09-15,15.597,NA,NA,NA,285.823
2007-09-16,15.597,NA,NA,NA,285.823
2007-09-17,15.597,NA,NA,NA,285.823
2007-09-18,15.965,NA,NA,NA,285.844
2007-09-19,16.594,NA,NA,NA,285.881
2007-09-20,15.388,NA,NA,NA,285.811
2007-09-21,16.909,NA,NA,NA,285.899
2007-09-22,17.501,NA,NA,NA,285.924
2007-09-23,17.269,NA,NA,NA,285.915
2007-09-24,17.809,NA,NA,NA,285.936
2007-09-25,18.965,NA,NA,NA,285.982
2007-09-26,17.809,NA,NA,NA,285.936
2007-09-27,18.58,NA,NA,NA,285.966
2007-09-28,18.04,NA,NA,NA,285.945
2007-09-29,18.272,NA,NA,NA,285.954
2007-09-30,20.122,NA,NA,NA,286.027
2007-10-01,20.044,NA,NA,NA,286.024
2007-10-02,19.89,NA,NA,NA,286.018
2007-10-03,20.198,NA,NA,NA,286.03
2007-10-04,20.43,NA,NA,NA,286.04
2007-10-05,21.201,NA,NA,NA,286.07
2007-10-06,21.123,NA,NA,NA,286.067
2007-10-07,21.278,NA,NA,NA,286.073
2007-10-08,22.589,NA,NA,NA,286.125
2007-10-09,24.207,NA,NA,NA,286.189
2007-10-10,22.048,NA,NA,NA,286.104
2007-10-11,21.586,NA,NA,NA,286.085
2007-10-12,21.74,NA,NA,NA,286.091
2007-10-13,21.74,NA,NA,NA,286.091
2007-10-14,21.74,NA,NA,NA,286.091
2007-10-15,21.818,NA,NA,NA,286.094
2007-10-16,22.435,NA,NA,NA,286.119
2007-10-17,22.435,NA,NA,NA,286.119
2007-10-18,22.897,NA,NA,NA,286.137
2007-10-19,25.206,NA,NA,NA,286.225
2007-10-20,22.511,NA,NA,NA,286.122
2007-10-21,24.207,NA,NA,NA,286.189
2007-10-22,23.59,NA,NA,NA,286.165
2007-10-23,22.819,NA,NA,NA,286.134
2007-10-24,22.511,NA,NA,NA,286.122
2007-10-25,21.355,NA,NA,NA,286.076
2007-10-26,21.972,NA,NA,NA,286.101
2007-10-27,21.972,NA,NA,NA,286.101
2007-10-28,21.432,NA,NA,NA,286.079
2007-10-29,21.509,NA,NA,NA,286.082
2007-10-30,21.278,NA,NA,NA,286.073
2007-10-31,21.664,NA,NA,NA,286.088
2007-11-01,20.122,NA,NA,NA,286.027
2007-11-02,21.201,NA,NA,NA,286.07
2007-11-03,19.968,NA,NA,NA,286.021
2007-11-04,19.813,NA,NA,NA,286.015
2007-11-05,20.969,NA,NA,NA,286.061
2007-11-06,19.351,NA,NA,NA,285.997
2007-11-07,18.04,NA,NA,NA,285.945
2007-11-08,19.427,NA,NA,NA,286
2007-11-09,19.042,NA,NA,NA,285.985
2007-11-10,17.809,NA,NA,NA,285.936
2007-11-11,18.888,NA,NA,NA,285.979
2007-11-12,19.351,NA,NA,NA,285.997
2007-11-13,18.58,NA,NA,NA,285.966
2007-11-14,23.36,NA,NA,NA,286.155
2007-11-15,18.656,NA,NA,NA,285.969
2007-11-16,18.272,NA,NA,NA,285.954
2007-11-17,18.194,NA,NA,NA,285.951
2007-11-18,17.423,NA,NA,NA,285.921
2007-11-19,18.734,NA,NA,NA,285.973
2007-11-20,18.888,NA,NA,NA,285.979
2007-11-21,19.813,NA,NA,NA,286.015
2007-11-22,18.502,NA,NA,NA,285.963
2007-11-23,18.272,NA,NA,NA,285.954
2007-11-24,18.272,NA,NA,NA,285.954
2007-11-25,18.348,NA,NA,NA,285.957
2007-11-26,18.502,NA,NA,NA,285.963
2007-11-27,18.426,NA,NA,NA,285.96
2007-11-28,18.348,NA,NA,NA,285.957
2007-11-29,18.272,NA,NA,NA,285.954
2007-11-30,18.272,NA,NA,NA,285.954
2007-12-01,18.194,NA,NA,NA,285.951
2007-12-02,18.656,NA,NA,NA,285.969
2007-12-03,18.426,NA,NA,NA,285.96
2007-12-04,18.426,NA,NA,NA,285.96
2007-12-05,18.348,NA,NA,NA,285.957
2007-12-06,18.426,NA,NA,NA,285.96
2007-12-07,18.348,NA,NA,NA,285.957
2007-12-08,18.272,NA,NA,NA,285.954
2007-12-09,18.272,NA,NA,NA,285.954
2007-12-10,18.194,NA,NA,NA,285.951
2007-12-11,18.194,NA,NA,NA,285.951
2007-12-12,18.194,NA,NA,NA,285.951
2007-12-13,18.272,NA,NA,NA,285.954
2007-12-14,18.194,NA,NA,NA,285.951
2007-12-15,18.04,NA,NA,NA,285.945
2007-12-16,18.117,NA,NA,NA,285.948
2007-12-17,18.117,NA,NA,NA,285.948
2007-12-18,18.194,NA,NA,NA,285.951
2007-12-19,18.117,NA,NA,NA,285.948
2007-12-20,18.117,NA,NA,NA,285.948
2007-12-21,18.117,NA,NA,NA,285.948
2007-12-22,18.272,NA,NA,NA,285.954
2007-12-23,18.194,NA,NA,NA,285.951
2007-12-24,18.117,NA,NA,NA,285.948
2007-12-25,18.117,NA,NA,NA,285.948
2007-12-26,18.117,NA,NA,NA,285.948
2007-12-27,18.117,NA,NA,NA,285.948
2007-12-28,18.194,NA,NA,NA,285.951
2007-12-29,18.194,NA,NA,NA,285.951
2007-12-30,18.194,NA,NA,NA,285.951
2007-12-31,18.272,NA,NA,NA,285.954
2008-01-01,19.119,NA,NA,NA,285.988
2008-01-02,18.194,NA,NA,NA,285.951
2008-01-03,18.194,NA,NA,NA,285.951
2008-01-04,18.194,NA,NA,NA,285.951
2008-01-05,18.194,NA,NA,NA,285.951
2008-01-06,18.194,NA,NA,NA,285.951
2008-01-07,18.194,NA,NA,NA,285.951
2008-01-08,18.194,NA,NA,NA,285.951
2008-01-09,18.194,NA,NA,NA,285.951
2008-01-10,18.194,NA,NA,NA,285.951
2008-01-11,18.194,NA,NA,NA,285.951
2008-01-12,18.272,NA,NA,NA,285.954
2008-01-13,18.272,NA,NA,NA,285.954
2008-01-14,18.348,NA,NA,NA,285.957
2008-01-15,18.272,NA,NA,NA,285.954
2008-01-16,18.426,NA,NA,NA,285.96
2008-01-17,18.194,NA,NA,NA,285.951
2008-01-18,18.194,NA,NA,NA,285.951
2008-01-19,18.194,NA,NA,NA,285.951
2008-01-20,18.194,NA,NA,NA,285.951
2008-01-21,18.117,NA,NA,NA,285.948
2008-01-22,18.04,NA,NA,NA,285.945
2008-01-23,18.04,NA,NA,NA,285.945
2008-01-24,17.885,NA,NA,NA,285.939
2008-01-25,17.885,NA,NA,NA,285.939
2008-01-26,17.809,NA,NA,NA,285.936
2008-01-27,17.577,NA,NA,NA,285.927
2008-01-28,17.501,NA,NA,NA,285.924
2008-01-29,17.501,NA,NA,NA,285.924
2008-01-30,17.423,NA,NA,NA,285.921
2008-01-31,17.501,NA,NA,NA,285.924
2008-02-01,17.423,NA,NA,NA,285.921
2008-02-02,17.346,NA,NA,NA,285.918
2008-02-03,17.192,NA,NA,NA,285.912
2008-02-04,17.192,NA,NA,NA,285.912
2008-02-05,17.346,NA,NA,NA,285.918
2008-02-06,17.346,NA,NA,NA,285.918
2008-02-07,17.423,NA,NA,NA,285.921
2008-02-08,17.423,NA,NA,NA,285.921
2008-02-09,17.501,NA,NA,NA,285.924
2008-02-10,17.501,NA,NA,NA,285.924
2008-02-11,17.501,NA,NA,NA,285.924
2008-02-12,17.501,NA,NA,NA,285.924
2008-02-13,17.501,NA,NA,NA,285.924
2008-02-14,17.655,NA,NA,NA,285.93
2008-02-15,17.501,NA,NA,NA,285.924
2008-02-16,17.501,NA,NA,NA,285.924
2008-02-17,17.501,NA,NA,NA,285.924
2008-02-18,25.385,NA,NA,NA,286.232
2008-02-19,25.385,NA,NA,NA,286.232
2008-02-20,26.458,NA,NA,NA,286.268
2008-02-21,24.67,NA,NA,NA,286.207
2008-02-22,17.577,NA,NA,NA,285.927
2008-02-23,17.577,NA,NA,NA,285.927
2008-02-24,17.501,NA,NA,NA,285.924
2008-02-25,17.501,NA,NA,NA,285.924
2008-02-26,17.501,NA,NA,NA,285.924
2008-02-27,17.501,NA,NA,NA,285.924
2008-02-28,17.501,NA,NA,NA,285.924
2008-02-29,17.655,NA,NA,NA,285.93
2008-03-01,17.577,NA,NA,NA,285.927
2008-03-02,17.655,NA,NA,NA,285.93
2008-03-03,17.577,NA,NA,NA,285.927
2008-03-04,17.577,NA,NA,NA,285.927
2008-03-05,17.655,NA,NA,NA,285.93
2008-03-06,17.655,NA,NA,NA,285.93
2008-03-07,17.655,NA,NA,NA,285.93
2008-03-08,17.655,NA,NA,NA,285.93
2008-03-09,17.809,NA,NA,NA,285.936
2008-03-10,17.655,NA,NA,NA,285.93
2008-03-11,17.731,NA,NA,NA,285.933
2008-03-12,17.809,NA,NA,NA,285.936
2008-03-13,18.04,NA,NA,NA,285.945
2008-03-14,18.348,NA,NA,NA,285.957
2008-03-15,18.58,NA,NA,NA,285.966
2008-03-16,18.888,NA,NA,NA,285.979
2008-03-17,18.656,NA,NA,NA,285.969
2008-03-18,20.122,NA,NA,NA,286.027
2008-03-19,20.661,NA,NA,NA,286.049
2008-03-20,21.123,NA,NA,NA,286.067
2008-03-21,21.894,NA,NA,NA,286.097
2008-03-22,22.357,NA,NA,NA,286.116
2008-03-23,22.665,NA,NA,NA,286.128
2008-03-24,22.743,NA,NA,NA,286.131
2008-03-25,23.051,NA,NA,NA,286.143
2008-03-26,23.205,NA,NA,NA,286.149
2008-03-27,23.668,NA,NA,NA,286.168
2008-03-28,24.131,NA,NA,NA,286.186
2008-03-29,24.515,NA,NA,NA,286.201
2008-03-30,25.206,NA,NA,NA,286.225
2008-03-31,25.743,NA,NA,NA,286.244
2008-04-01,26.458,NA,NA,NA,286.268
2008-04-02,26.816,NA,NA,NA,286.28
2008-04-03,26.458,NA,NA,NA,286.268
2008-04-04,27.889,NA,NA,NA,286.317
2008-04-05,28.516,NA,NA,NA,286.338
2008-04-06,29.231,NA,NA,NA,286.363
2008-04-07,30.125,NA,NA,NA,286.393
2008-04-08,30.483,NA,NA,NA,286.405
2008-04-09,31.02,NA,NA,NA,286.424
2008-04-10,31.466,NA,NA,NA,286.439
2008-04-11,32.808,NA,NA,NA,286.485
2008-04-12,32.987,NA,NA,NA,286.491
2008-04-13,32.897,NA,NA,NA,286.488
2008-04-14,32.808,NA,NA,NA,286.485
2008-04-15,32.45,NA,NA,NA,286.472
2008-04-16,34.091,NA,NA,NA,286.527
2008-04-17,33.524,NA,NA,NA,286.509
2008-04-18,33.995,NA,NA,NA,286.524
2008-04-19,35.524,NA,NA,NA,286.573
2008-04-20,36.48,NA,NA,NA,286.603
2008-04-21,36.959,NA,NA,NA,286.619
2008-04-22,38.01,NA,NA,NA,286.652
2008-04-23,37.532,NA,NA,NA,286.637
2008-04-24,37.054,NA,NA,NA,286.622
2008-04-25,37.436,NA,NA,NA,286.634
2008-04-26,36.671,NA,NA,NA,286.61
2008-04-27,34.951,NA,NA,NA,286.555
2008-04-28,34.856,NA,NA,NA,286.552
2008-04-29,33.804,NA,NA,NA,286.518
2008-04-30,32.987,NA,NA,NA,286.491
2008-05-01,33.255,NA,NA,NA,286.5
2008-05-02,33.9,NA,NA,NA,286.521
2008-05-03,35.907,NA,NA,NA,286.585
2008-05-04,34.186,NA,NA,NA,286.53
2008-05-05,34.377,NA,NA,NA,286.536
2008-05-06,34.664,NA,NA,NA,286.546
2008-05-07,35.524,NA,NA,NA,286.573
2008-05-08,34.759,NA,NA,NA,286.549
2008-05-09,34.664,NA,NA,NA,286.546
2008-05-10,34.377,NA,NA,NA,286.536
2008-05-11,35.715,NA,NA,NA,286.579
2008-05-12,33.612,NA,NA,NA,286.512
2008-05-13,36.194,NA,NA,NA,286.594
2008-05-14,36.385,NA,NA,NA,286.6
2008-05-15,36.385,NA,NA,NA,286.6
2008-05-16,36.576,NA,NA,NA,286.606
2008-05-17,36.098,NA,NA,NA,286.591
2008-05-18,35.524,NA,NA,NA,286.573
2008-05-19,34.856,NA,NA,NA,286.552
2008-05-20,34.568,NA,NA,NA,286.542
2008-05-21,34.091,NA,NA,NA,286.527
2008-05-22,33.255,NA,NA,NA,286.5
2008-05-23,32.003,NA,NA,NA,286.457
2008-05-24,31.02,NA,NA,NA,286.424
2008-05-25,31.914,NA,NA,NA,286.454
2008-05-26,32.36,NA,NA,NA,286.469
2008-05-27,30.035,NA,NA,NA,286.39
2008-05-28,29.678,NA,NA,NA,286.378
2008-05-29,28.783,NA,NA,NA,286.347
2008-05-30,29.231,NA,NA,NA,286.363
2008-05-31,28.694,NA,NA,NA,286.344
2008-06-01,27.8,NA,NA,NA,286.314
2008-06-02,25.654,NA,NA,NA,286.241
2008-06-03,26.279,NA,NA,NA,286.262
2008-06-04,25.475,NA,NA,NA,286.235
2008-06-05,25.475,NA,NA,NA,286.235
2008-06-06,26.1,NA,NA,NA,286.256
2008-06-07,26.279,NA,NA,NA,286.262
2008-06-08,26.637,NA,NA,NA,286.274
2008-06-09,27.979,NA,NA,NA,286.32
2008-06-10,28.158,NA,NA,NA,286.326
2008-06-11,23.744,NA,NA,NA,286.171
2008-06-12,31.377,NA,NA,NA,286.436
2008-06-13,33.709,NA,NA,NA,286.515
2008-06-14,36.576,NA,NA,NA,286.606
2008-06-15,41.165,NA,NA,NA,286.753
2008-06-16,45.059,NA,NA,NA,286.869
2008-06-17,46.835,NA,NA,NA,286.917
2008-06-18,48.389,NA,NA,NA,286.96
2008-06-19,48.833,NA,NA,NA,286.972
2008-06-20,49.278,NA,NA,NA,286.984
2008-06-21,49.278,NA,NA,NA,286.984
2008-06-22,48.833,NA,NA,NA,286.972
2008-06-23,48.833,NA,NA,NA,286.972
2008-06-24,48.056,NA,NA,NA,286.951
2008-06-25,47.501,NA,NA,NA,286.936
2008-06-26,46.391,NA,NA,NA,286.905
2008-06-27,45.17,NA,NA,NA,286.872
2008-06-28,41.93,NA,NA,NA,286.777
2008-06-29,42.025,NA,NA,NA,286.78
2008-06-30,40.113,NA,NA,NA,286.719
2008-07-01,39.157,NA,NA,NA,286.689
2008-07-02,38.106,NA,NA,NA,286.655
2008-07-03,36.289,NA,NA,NA,286.597
2008-07-04,35.142,NA,NA,NA,286.561
2008-07-05,33.709,NA,NA,NA,286.515
2008-07-06,33.076,NA,NA,NA,286.494
2008-07-07,31.556,NA,NA,NA,286.442
2008-07-08,31.198,NA,NA,NA,286.43
2008-07-09,29.768,NA,NA,NA,286.381
2008-07-10,28.426,NA,NA,NA,286.335
2008-07-11,26.816,NA,NA,NA,286.28
2008-07-12,26.995,NA,NA,NA,286.286
2008-07-13,25.564,NA,NA,NA,286.238
2008-07-14,24.131,NA,NA,NA,286.186
2008-07-15,23.744,NA,NA,NA,286.171
2008-07-16,22.743,NA,NA,NA,286.131
2008-07-17,22.435,NA,NA,NA,286.119
2008-07-18,22.203,NA,NA,NA,286.11
2008-07-19,21.278,NA,NA,NA,286.073
2008-07-20,21.355,NA,NA,NA,286.076
2008-07-21,21.355,NA,NA,NA,286.076
2008-07-22,21.047,NA,NA,NA,286.064
2008-07-23,20.352,NA,NA,NA,286.037
2008-07-24,20.122,NA,NA,NA,286.027
2008-07-25,21.74,NA,NA,NA,286.091
2008-07-26,20.43,NA,NA,NA,286.04
2008-07-27,19.968,NA,NA,NA,286.021
2008-07-28,19.968,NA,NA,NA,286.021
2008-07-29,21.047,NA,NA,NA,286.064
2008-07-30,20.352,NA,NA,NA,286.037
2008-07-31,21.355,NA,NA,NA,286.076
2008-08-01,22.126,NA,NA,NA,286.107
2008-08-02,21.894,NA,NA,NA,286.097
2008-08-03,21.818,NA,NA,NA,286.094
2008-08-04,22.743,NA,NA,NA,286.131
2008-08-05,22.897,NA,NA,NA,286.137
2008-08-06,22.897,NA,NA,NA,286.137
2008-08-07,22.974,NA,NA,NA,286.14
2008-08-08,22.589,NA,NA,NA,286.125
2008-08-09,22.435,NA,NA,NA,286.119
2008-08-10,21.586,NA,NA,NA,286.085
2008-08-11,21.586,NA,NA,NA,286.085
2008-08-12,22.126,NA,NA,NA,286.107
2008-08-13,21.894,NA,NA,NA,286.097
2008-08-14,21.74,NA,NA,NA,286.091
2008-08-15,21.201,NA,NA,NA,286.07
2008-08-16,21.355,NA,NA,NA,286.076
2008-08-17,21.047,NA,NA,NA,286.064
2008-08-18,20.738,NA,NA,NA,286.052
2008-08-19,20.352,NA,NA,NA,286.037
2008-08-20,20.198,NA,NA,NA,286.03
2008-08-21,19.659,NA,NA,NA,286.009
2008-08-22,18.734,NA,NA,NA,285.973
2008-08-23,19.89,NA,NA,NA,286.018
2008-08-24,19.351,NA,NA,NA,285.997
2008-08-25,18.811,NA,NA,NA,285.976
2008-08-26,17.963,NA,NA,NA,285.942
2008-08-27,19.197,NA,NA,NA,285.991
2008-08-28,18.965,NA,NA,NA,285.982
2008-08-29,18.272,NA,NA,NA,285.954
2008-08-30,17.885,NA,NA,NA,285.939
2008-08-31,17.423,NA,NA,NA,285.921
2008-09-01,17.192,NA,NA,NA,285.912
2008-09-02,18.734,NA,NA,NA,285.973
2008-09-03,17.885,NA,NA,NA,285.939
2008-09-04,17.423,NA,NA,NA,285.921
2008-09-05,17.423,NA,NA,NA,285.921
2008-09-06,17.269,NA,NA,NA,285.915
2008-09-07,17.346,NA,NA,NA,285.918
2008-09-08,17.269,NA,NA,NA,285.915
2008-09-09,16.856,NA,NA,NA,285.896
2008-09-10,16.122,NA,NA,NA,285.854
2008-09-11,16.646,NA,NA,NA,285.884
2008-09-12,17.038,NA,NA,NA,285.905
2008-09-13,16.856,NA,NA,NA,285.896
2008-09-14,19.736,NA,NA,NA,286.012
2008-09-15,17.346,NA,NA,NA,285.918
2008-09-16,17.192,NA,NA,NA,285.912
2008-09-17,17.192,NA,NA,NA,285.912
2008-09-18,16.856,NA,NA,NA,285.896
2008-09-19,16.96,NA,NA,NA,285.902
2008-09-20,17.269,NA,NA,NA,285.915
2008-09-21,16.804,NA,NA,NA,285.893
2008-09-22,16.699,NA,NA,NA,285.887
2008-09-23,16.804,NA,NA,NA,285.893
2008-09-24,17.577,NA,NA,NA,285.927
2008-09-25,17.115,NA,NA,NA,285.908
2008-09-26,17.115,NA,NA,NA,285.908
2008-09-27,17.809,NA,NA,NA,285.936
2008-09-28,17.115,NA,NA,NA,285.908
2008-09-29,18.117,NA,NA,NA,285.948
2008-09-30,17.577,NA,NA,NA,285.927
2008-10-01,17.577,NA,NA,NA,285.927
2008-10-02,17.577,NA,NA,NA,285.927
2008-10-03,17.423,NA,NA,NA,285.921
2008-10-04,17.038,NA,NA,NA,285.905
2008-10-05,17.269,NA,NA,NA,285.915
2008-10-06,17.038,NA,NA,NA,285.905
2008-10-07,18.888,NA,NA,NA,285.979
2008-10-08,18.502,NA,NA,NA,285.963
2008-10-09,18.811,NA,NA,NA,285.976
2008-10-10,18.58,NA,NA,NA,285.966
2008-10-11,18.734,NA,NA,NA,285.973
2008-10-12,17.577,NA,NA,NA,285.927
2008-10-13,19.351,NA,NA,NA,285.997
2008-10-14,18.965,NA,NA,NA,285.982
2008-10-15,19.197,NA,NA,NA,285.991
2008-10-16,18.348,NA,NA,NA,285.957
2008-10-17,18.348,NA,NA,NA,285.957
2008-10-18,18.04,NA,NA,NA,285.945
2008-10-19,18.348,NA,NA,NA,285.957
2008-10-20,18.502,NA,NA,NA,285.963
2008-10-21,17.423,NA,NA,NA,285.921
2008-10-22,18.426,NA,NA,NA,285.96
2008-10-23,18.888,NA,NA,NA,285.979
2008-10-24,19.197,NA,NA,NA,285.991
2008-10-25,19.197,NA,NA,NA,285.991
2008-10-26,28.247,NA,NA,NA,286.329
2008-10-27,19.351,NA,NA,NA,285.997
2008-10-28,17.963,NA,NA,NA,285.942
2008-10-29,18.272,NA,NA,NA,285.954
2008-10-30,18.272,NA,NA,NA,285.954
2008-10-31,18.965,NA,NA,NA,285.982
2008-11-01,18.734,NA,NA,NA,285.973
2008-11-02,19.351,NA,NA,NA,285.997
2008-11-03,18.888,NA,NA,NA,285.979
2008-11-04,19.505,NA,NA,NA,286.003
2008-11-05,19.813,NA,NA,NA,286.015
2008-11-06,20.352,NA,NA,NA,286.037
2008-11-07,22.357,NA,NA,NA,286.116
2008-11-08,24.361,NA,NA,NA,286.195
2008-11-09,22.357,NA,NA,NA,286.116
2008-11-10,21.972,NA,NA,NA,286.101
2008-11-11,21.972,NA,NA,NA,286.101
2008-11-12,22.665,NA,NA,NA,286.128
2008-11-13,22.743,NA,NA,NA,286.131
2008-11-14,23.205,NA,NA,NA,286.149
2008-11-15,23.59,NA,NA,NA,286.165
2008-11-16,22.435,NA,NA,NA,286.119
2008-11-17,23.205,NA,NA,NA,286.149
2008-11-18,22.589,NA,NA,NA,286.125
2008-11-19,22.743,NA,NA,NA,286.131
2008-11-20,22.435,NA,NA,NA,286.119
2008-11-21,21.972,NA,NA,NA,286.101
2008-11-22,21.74,NA,NA,NA,286.091
2008-11-23,21.664,NA,NA,NA,286.088
2008-11-24,21.664,NA,NA,NA,286.088
2008-11-25,21.818,NA,NA,NA,286.094
2008-11-26,21.818,NA,NA,NA,286.094
2008-11-27,21.818,NA,NA,NA,286.094
2008-11-28,21.74,NA,NA,NA,286.091
2008-11-29,21.586,NA,NA,NA,286.085
2008-11-30,21.586,NA,NA,NA,286.085
2008-12-01,21.586,NA,NA,NA,286.085
2008-12-02,21.278,NA,NA,NA,286.073
2008-12-03,21.355,NA,NA,NA,286.076
2008-12-04,21.047,NA,NA,NA,286.064
2008-12-05,20.584,NA,NA,NA,286.046
2008-12-06,20.661,NA,NA,NA,286.049
2008-12-07,20.352,NA,NA,NA,286.037
2008-12-08,20.276,NA,NA,NA,286.033
2008-12-09,20.43,NA,NA,NA,286.04
2008-12-10,20.276,NA,NA,NA,286.033
2008-12-11,20.276,NA,NA,NA,286.033
2008-12-12,20.276,NA,NA,NA,286.033
2008-12-13,20.276,NA,NA,NA,286.033
2008-12-14,20.507,NA,NA,NA,286.043
2008-12-15,20.276,NA,NA,NA,286.033
2008-12-16,20.198,NA,NA,NA,286.03
2008-12-17,20.122,NA,NA,NA,286.027
2008-12-18,20.044,NA,NA,NA,286.024
2008-12-19,20.122,NA,NA,NA,286.027
2008-12-20,20.43,NA,NA,NA,286.04
2008-12-21,20.507,NA,NA,NA,286.043
2008-12-22,20.43,NA,NA,NA,286.04
2008-12-23,20.507,NA,NA,NA,286.043
2008-12-24,20.507,NA,NA,NA,286.043
2008-12-25,20.507,NA,NA,NA,286.043
2008-12-26,20.507,NA,NA,NA,286.043
2008-12-27,20.43,NA,NA,NA,286.04
2008-12-28,20.43,NA,NA,NA,286.04
2008-12-29,20.661,NA,NA,NA,286.049
2008-12-30,20.507,NA,NA,NA,286.043
2008-12-31,20.352,NA,NA,NA,286.037
2009-01-01,20.352,NA,NA,NA,286.037
2009-01-02,20.352,NA,NA,NA,286.037
2009-01-03,20.276,NA,NA,NA,286.033
2009-01-04,20.276,NA,NA,NA,286.033
2009-01-05,20.276,NA,NA,NA,286.033
2009-01-06,20.276,NA,NA,NA,286.033
2009-01-07,20.122,NA,NA,NA,286.027
2009-01-08,20.044,NA,NA,NA,286.024
2009-01-09,20.044,NA,NA,NA,286.024
2009-01-10,19.968,NA,NA,NA,286.021
2009-01-11,19.968,NA,NA,NA,286.021
2009-01-12,20.044,NA,NA,NA,286.024
2009-01-13,19.89,NA,NA,NA,286.018
2009-01-14,19.968,NA,NA,NA,286.021
2009-01-15,9.387,NA,NA,NA,286.043
2009-01-16,11.632,NA,NA,NA,286.201
2009-01-17,19.659,NA,NA,NA,286.009
2009-01-18,19.659,NA,NA,NA,286.009
2009-01-19,19.581,NA,NA,NA,286.006
2009-01-20,19.581,NA,NA,NA,286.006
2009-01-21,19.505,NA,NA,NA,286.003
2009-01-22,19.505,NA,NA,NA,286.003
2009-01-23,19.505,NA,NA,NA,286.003
2009-01-24,19.351,NA,NA,NA,285.997
2009-01-25,19.427,NA,NA,NA,286
2009-01-26,19.351,NA,NA,NA,285.997
2009-01-27,19.273,NA,NA,NA,285.994
2009-01-28,19.273,NA,NA,NA,285.994
2009-01-29,19.273,NA,NA,NA,285.994
2009-01-30,19.197,NA,NA,NA,285.991
2009-01-31,19.197,NA,NA,NA,285.991
2009-02-01,19.119,NA,NA,NA,285.988
2009-02-02,19.119,NA,NA,NA,285.988
2009-02-03,19.119,NA,NA,NA,285.988
2009-02-04,19.197,NA,NA,NA,285.991
2009-02-05,19.273,NA,NA,NA,285.994
2009-02-06,19.119,NA,NA,NA,285.988
2009-02-07,19.042,NA,NA,NA,285.985
2009-02-08,19.042,NA,NA,NA,285.985
2009-02-09,18.965,NA,NA,NA,285.982
2009-02-10,19.197,NA,NA,NA,285.991
2009-02-11,19.273,NA,NA,NA,285.994
2009-02-12,19.351,NA,NA,NA,285.997
2009-02-13,19.505,NA,NA,NA,286.003
2009-02-14,19.581,NA,NA,NA,286.006
2009-02-15,19.736,NA,NA,NA,286.012
2009-02-16,19.813,NA,NA,NA,286.015
2009-02-17,19.89,NA,NA,NA,286.018
2009-02-18,20.044,NA,NA,NA,286.024
2009-02-19,19.89,NA,NA,NA,286.018
2009-02-20,20.044,NA,NA,NA,286.024
2009-02-21,20.122,NA,NA,NA,286.027
2009-02-22,20.044,NA,NA,NA,286.024
2009-02-23,19.968,NA,NA,NA,286.021
2009-02-24,19.89,NA,NA,NA,286.018
2009-02-25,19.968,NA,NA,NA,286.021
2009-02-26,19.89,NA,NA,NA,286.018
2009-02-27,20.044,NA,NA,NA,286.024
2009-02-28,19.89,NA,NA,NA,286.018
2009-03-01,19.813,NA,NA,NA,286.015
2009-03-02,19.736,NA,NA,NA,286.012
2009-03-03,19.736,NA,NA,NA,286.012
2009-03-04,19.813,NA,NA,NA,286.015
2009-03-05,19.813,NA,NA,NA,286.015
2009-03-06,19.813,NA,NA,NA,286.015
2009-03-07,19.89,NA,NA,NA,286.018
2009-03-08,19.968,NA,NA,NA,286.021
2009-03-09,20.044,NA,NA,NA,286.024
2009-03-10,20.198,NA,NA,NA,286.03
2009-03-11,19.968,NA,NA,NA,286.021
2009-03-12,20.276,NA,NA,NA,286.033
2009-03-13,20.276,NA,NA,NA,286.033
2009-03-14,20.198,NA,NA,NA,286.03
2009-03-15,20.276,NA,NA,NA,286.033
2009-03-16,20.969,NA,NA,NA,286.061
2009-03-17,22.511,NA,NA,NA,286.122
2009-03-18,24.439,NA,NA,NA,286.198
2009-03-19,27.442,NA,NA,NA,286.302
2009-03-20,31.02,NA,NA,NA,286.424
2009-03-21,35.142,NA,NA,NA,286.561
2009-03-22,38.871,NA,NA,NA,286.68
2009-03-23,43.616,NA,NA,NA,286.829
2009-03-24,48.056,NA,NA,NA,286.951
2009-03-25,54.976,NA,NA,NA,287.14
2009-03-26,65.874,NA,NA,NA,287.423
2009-03-27,72.233,NA,NA,NA,287.567
2009-03-28,74.268,NA,NA,NA,287.612
2009-03-29,74.539,NA,NA,NA,287.618
2009-03-30,71.826,NA,NA,NA,287.557
2009-03-31,71.69,NA,NA,NA,287.554
2009-04-01,69.519,NA,NA,NA,287.506
2009-04-02,67.619,NA,NA,NA,287.463
2009-04-03,65.405,NA,NA,NA,287.411
2009-04-04,63.765,NA,NA,NA,287.368
2009-04-05,61.538,NA,NA,NA,287.311
2009-04-06,58.374,NA,NA,NA,287.228
2009-04-07,56.734,NA,NA,NA,287.186
2009-04-08,53.718,NA,NA,NA,287.106
2009-04-09,50.721,NA,NA,NA,287.024
2009-04-10,48.278,NA,NA,NA,286.957
2009-04-11,46.502,NA,NA,NA,286.908
2009-04-12,44.615,NA,NA,NA,286.856
2009-04-13,43.949,NA,NA,NA,286.838
2009-04-14,42.981,NA,NA,NA,286.811
2009-04-15,42.025,NA,NA,NA,286.78
2009-04-16,41.069,NA,NA,NA,286.75
2009-04-17,40.686,NA,NA,NA,286.738
2009-04-18,39.827,NA,NA,NA,286.71
2009-04-19,38.201,NA,NA,NA,286.658
2009-04-20,38.392,NA,NA,NA,286.664
2009-04-21,36.385,NA,NA,NA,286.6
2009-04-22,36.003,NA,NA,NA,286.588
2009-04-23,36.003,NA,NA,NA,286.588
2009-04-24,35.62,NA,NA,NA,286.576
2009-04-25,36.48,NA,NA,NA,286.603
2009-04-26,35.62,NA,NA,NA,286.576
2009-04-27,35.524,NA,NA,NA,286.573
2009-04-28,34.856,NA,NA,NA,286.552
2009-04-29,33.345,NA,NA,NA,286.503
2009-04-30,34.664,NA,NA,NA,286.546
2009-05-01,33.433,NA,NA,NA,286.506
2009-05-02,32.36,NA,NA,NA,286.469
2009-05-03,31.645,NA,NA,NA,286.445
2009-05-04,31.02,NA,NA,NA,286.424
2009-05-05,30.214,NA,NA,NA,286.396
2009-05-06,29.32,NA,NA,NA,286.366
2009-05-07,28.516,NA,NA,NA,286.338
2009-05-08,27.531,NA,NA,NA,286.305
2009-05-09,27.085,NA,NA,NA,286.289
2009-05-10,27.264,NA,NA,NA,286.296
2009-05-11,26.637,NA,NA,NA,286.274
2009-05-12,26.637,NA,NA,NA,286.274
2009-05-13,28.337,NA,NA,NA,286.332
2009-05-14,28.516,NA,NA,NA,286.338
2009-05-15,26.995,NA,NA,NA,286.286
2009-05-16,29.678,NA,NA,NA,286.378
2009-05-17,28.247,NA,NA,NA,286.329
2009-05-18,28.337,NA,NA,NA,286.332
2009-05-19,28.694,NA,NA,NA,286.344
2009-05-20,27.264,NA,NA,NA,286.296
2009-05-21,28.604,NA,NA,NA,286.341
2009-05-22,26.637,NA,NA,NA,286.274
2009-05-23,26.458,NA,NA,NA,286.268
2009-05-24,25.296,NA,NA,NA,286.229
2009-05-25,23.051,NA,NA,NA,286.143
2009-05-26,25.296,NA,NA,NA,286.229
2009-05-27,24.361,NA,NA,NA,286.195
2009-05-28,23.976,NA,NA,NA,286.18
2009-05-29,23.822,NA,NA,NA,286.174
2009-05-30,24.053,NA,NA,NA,286.183
2009-05-31,22.665,NA,NA,NA,286.128
2009-06-01,22.974,NA,NA,NA,286.14
2009-06-02,24.439,NA,NA,NA,286.198
2009-06-03,22.435,NA,NA,NA,286.119
2009-06-04,22.203,NA,NA,NA,286.11
2009-06-05,22.665,NA,NA,NA,286.128
2009-06-06,21.047,NA,NA,NA,286.064
2009-06-07,21.355,NA,NA,NA,286.076
2009-06-08,22.126,NA,NA,NA,286.107
2009-06-09,22.048,NA,NA,NA,286.104
2009-06-10,22.048,NA,NA,NA,286.104
2009-06-11,22.048,NA,NA,NA,286.104
2009-06-12,21.74,NA,NA,NA,286.091
2009-06-13,21.818,NA,NA,NA,286.094
2009-06-14,21.586,NA,NA,NA,286.085
2009-06-15,21.586,NA,NA,NA,286.085
2009-06-16,20.893,NA,NA,NA,286.058
2009-06-17,20.969,NA,NA,NA,286.061
2009-06-18,21.74,NA,NA,NA,286.091
2009-06-19,21.894,NA,NA,NA,286.097
2009-06-20,22.126,NA,NA,NA,286.107
2009-06-21,21.664,NA,NA,NA,286.088
2009-06-22,22.203,NA,NA,NA,286.11
2009-06-23,21.972,NA,NA,NA,286.101
2009-06-24,22.048,NA,NA,NA,286.104
2009-06-25,22.126,NA,NA,NA,286.107
2009-06-26,21.586,NA,NA,NA,286.085
2009-06-27,21.972,NA,NA,NA,286.101
2009-06-28,22.589,NA,NA,NA,286.125
2009-06-29,22.665,NA,NA,NA,286.128
2009-06-30,22.203,NA,NA,NA,286.11
2009-07-01,20.507,NA,NA,NA,286.043
2009-07-02,20.43,NA,NA,NA,286.04
2009-07-03,20.122,NA,NA,NA,286.027
2009-07-04,20.584,NA,NA,NA,286.046
2009-07-05,20.352,NA,NA,NA,286.037
2009-07-06,20.044,NA,NA,NA,286.024
2009-07-07,19.659,NA,NA,NA,286.009
2009-07-08,19.89,NA,NA,NA,286.018
2009-07-09,17.423,NA,NA,NA,285.921
2009-07-10,20.352,NA,NA,NA,286.037
2009-07-11,20.276,NA,NA,NA,286.033
2009-07-12,19.351,NA,NA,NA,285.997
2009-07-13,19.351,NA,NA,NA,285.997
2009-07-14,19.042,NA,NA,NA,285.985
2009-07-15,21.047,NA,NA,NA,286.064
2009-07-16,19.968,NA,NA,NA,286.021
2009-07-17,19.119,NA,NA,NA,285.988
2009-07-18,19.119,NA,NA,NA,285.988
2009-07-19,18.58,NA,NA,NA,285.966
2009-07-20,17.423,NA,NA,NA,285.921
2009-07-21,18.58,NA,NA,NA,285.966
2009-07-22,18.58,NA,NA,NA,285.966
2009-07-23,18.502,NA,NA,NA,285.963
2009-07-24,18.348,NA,NA,NA,285.957
2009-07-25,18.811,NA,NA,NA,285.976
2009-07-26,18.117,NA,NA,NA,285.948
2009-07-27,17.809,NA,NA,NA,285.936
2009-07-28,18.117,NA,NA,NA,285.948
2009-07-29,17.655,NA,NA,NA,285.93
2009-07-30,17.885,NA,NA,NA,285.939
2009-07-31,17.501,NA,NA,NA,285.924
2009-08-01,18.194,NA,NA,NA,285.951
2009-08-02,17.501,NA,NA,NA,285.924
2009-08-03,17.963,NA,NA,NA,285.942
2009-08-04,17.963,NA,NA,NA,285.942
2009-08-05,17.501,NA,NA,NA,285.924
2009-08-06,17.577,NA,NA,NA,285.927
2009-08-07,18.04,NA,NA,NA,285.945
2009-08-08,19.505,NA,NA,NA,286.003
2009-08-09,19.351,NA,NA,NA,285.997
2009-08-10,19.273,NA,NA,NA,285.994
2009-08-11,19.042,NA,NA,NA,285.985
2009-08-12,18.656,NA,NA,NA,285.969
2009-08-13,18.426,NA,NA,NA,285.96
2009-08-14,18.194,NA,NA,NA,285.951
2009-08-15,18.117,NA,NA,NA,285.948
2009-08-16,19.197,NA,NA,NA,285.991
2009-08-17,18.426,NA,NA,NA,285.96
2009-08-18,18.734,NA,NA,NA,285.973
2009-08-19,20.198,NA,NA,NA,286.03
2009-08-20,21.586,NA,NA,NA,286.085
2009-08-21,22.203,NA,NA,NA,286.11
2009-08-22,21.818,NA,NA,NA,286.094
2009-08-23,21.432,NA,NA,NA,286.079
2009-08-24,21.278,NA,NA,NA,286.073
2009-08-25,22.819,NA,NA,NA,286.134
2009-08-26,22.435,NA,NA,NA,286.119
2009-08-27,22.743,NA,NA,NA,286.131
2009-08-28,23.128,NA,NA,NA,286.146
2009-08-29,19.505,NA,NA,NA,286.003
2009-08-30,22.974,NA,NA,NA,286.14
2009-08-31,22.203,NA,NA,NA,286.11
2009-09-01,21.355,NA,NA,NA,286.076
2009-09-02,20.044,NA,NA,NA,286.024
2009-09-03,19.968,NA,NA,NA,286.021
2009-09-04,19.89,NA,NA,NA,286.018
2009-09-05,19.042,NA,NA,NA,285.985
2009-09-06,18.811,NA,NA,NA,285.976
2009-09-07,18.194,NA,NA,NA,285.951
2009-09-08,16.909,NA,NA,NA,285.899
2009-09-09,18.734,NA,NA,NA,285.973
2009-09-10,18.348,NA,NA,NA,285.957
2009-09-11,17.885,NA,NA,NA,285.939
2009-09-12,18.272,NA,NA,NA,285.954
2009-09-13,18.272,NA,NA,NA,285.954
2009-09-14,18.117,NA,NA,NA,285.948
2009-09-15,17.963,NA,NA,NA,285.942
2009-09-16,17.963,NA,NA,NA,285.942
2009-09-17,17.963,NA,NA,NA,285.942
2009-09-18,17.885,NA,NA,NA,285.939
2009-09-19,17.809,NA,NA,NA,285.936
2009-09-20,17.423,NA,NA,NA,285.921
2009-09-21,18.426,NA,NA,NA,285.96
2009-09-22,18.194,NA,NA,NA,285.951
2009-09-23,18.194,NA,NA,NA,285.951
2009-09-24,18.272,NA,NA,NA,285.954
2009-09-25,19.119,NA,NA,NA,285.988
2009-09-26,19.813,NA,NA,NA,286.015
2009-09-27,20.507,NA,NA,NA,286.043
2009-09-28,22.511,NA,NA,NA,286.122
2009-09-29,19.119,NA,NA,NA,285.988
2009-09-30,18.117,NA,NA,NA,285.948
2009-10-01,18.811,NA,NA,NA,285.976
2009-10-02,20.738,NA,NA,NA,286.052
2009-10-03,21.201,NA,NA,NA,286.07
2009-10-04,21.586,NA,NA,NA,286.085
2009-10-05,21.201,NA,NA,NA,286.07
2009-10-06,22.126,NA,NA,NA,286.107
2009-10-07,22.665,NA,NA,NA,286.128
2009-10-08,24.439,NA,NA,NA,286.198
2009-10-09,24.131,NA,NA,NA,286.186
2009-10-10,24.76,NA,NA,NA,286.21
2009-10-11,25.027,NA,NA,NA,286.219
2009-10-12,25.385,NA,NA,NA,286.232
2009-10-13,25.922,NA,NA,NA,286.25
2009-10-14,26.19,NA,NA,NA,286.259
2009-10-15,27.352,NA,NA,NA,286.299
2009-10-16,28.694,NA,NA,NA,286.344
2009-10-17,28.783,NA,NA,NA,286.347
2009-10-18,28.516,NA,NA,NA,286.338
2009-10-19,28.337,NA,NA,NA,286.332
2009-10-20,28.337,NA,NA,NA,286.332
2009-10-21,28.604,NA,NA,NA,286.341
2009-10-22,28.604,NA,NA,NA,286.341
2009-10-23,29.141,NA,NA,NA,286.36
2009-10-24,29.052,NA,NA,NA,286.357
2009-10-25,30.483,NA,NA,NA,286.405
2009-10-26,29.589,NA,NA,NA,286.375
2009-10-27,29.141,NA,NA,NA,286.36
2009-10-28,30.751,NA,NA,NA,286.414
2009-10-29,31.735,NA,NA,NA,286.448
2009-10-30,32.897,NA,NA,NA,286.488
2009-10-31,33.995,NA,NA,NA,286.524
2009-11-01,34.282,NA,NA,NA,286.533
2009-11-02,35.907,NA,NA,NA,286.585
2009-11-03,36.385,NA,NA,NA,286.6
2009-11-04,38.01,NA,NA,NA,286.652
2009-11-05,38.966,NA,NA,NA,286.683
2009-11-06,39.635,NA,NA,NA,286.704
2009-11-07,40.113,NA,NA,NA,286.719
2009-11-08,39.827,NA,NA,NA,286.71
2009-11-09,39.444,NA,NA,NA,286.698
2009-11-10,38.871,NA,NA,NA,286.68
2009-11-11,37.818,NA,NA,NA,286.646
2009-11-12,37.341,NA,NA,NA,286.631
2009-11-13,37.436,NA,NA,NA,286.634
2009-11-14,37.15,NA,NA,NA,286.625
2009-11-15,35.62,NA,NA,NA,286.576
2009-11-16,35.142,NA,NA,NA,286.561
2009-11-17,34.568,NA,NA,NA,286.542
2009-11-18,34.091,NA,NA,NA,286.527
2009-11-19,33.524,NA,NA,NA,286.509
2009-11-20,33.166,NA,NA,NA,286.497
2009-11-21,32.181,NA,NA,NA,286.463
2009-11-22,32.093,NA,NA,NA,286.46
2009-11-23,31.287,NA,NA,NA,286.433
2009-11-24,31.02,NA,NA,NA,286.424
2009-11-25,30.841,NA,NA,NA,286.418
2009-11-26,29.946,NA,NA,NA,286.387
2009-11-27,28.962,NA,NA,NA,286.354
2009-11-28,29.41,NA,NA,NA,286.369
2009-11-29,28.873,NA,NA,NA,286.35
2009-11-30,28.873,NA,NA,NA,286.35
2009-12-01,28.604,NA,NA,NA,286.341
2009-12-02,28.694,NA,NA,NA,286.344
2009-12-03,29.32,NA,NA,NA,286.366
2009-12-04,27.352,NA,NA,NA,286.299
2009-12-05,26.637,NA,NA,NA,286.274
2009-12-06,26.637,NA,NA,NA,286.274
2009-12-07,26.727,NA,NA,NA,286.277
2009-12-08,26.727,NA,NA,NA,286.277
2009-12-09,26.637,NA,NA,NA,286.274
2009-12-10,25.475,NA,NA,NA,286.235
2009-12-11,25.475,NA,NA,NA,286.235
2009-12-12,NA,NA,NA,NA,NA
2009-12-13,NA,NA,NA,NA,NA
2009-12-14,NA,NA,NA,NA,NA
2009-12-15,NA,NA,NA,NA,NA
2009-12-16,NA,NA,NA,NA,NA
2009-12-17,NA,NA,NA,NA,NA
2009-12-18,NA,NA,NA,NA,NA
2009-12-19,NA,NA,NA,NA,NA
2009-12-20,NA,NA,NA,NA,NA
2009-12-21,NA,NA,NA,NA,NA
2009-12-22,NA,NA,NA,NA,NA
2009-12-23,25.922,NA,NA,NA,286.25
2009-12-24,25.743,NA,NA,NA,286.244
2009-12-25,25.296,NA,NA,NA,286.229
2009-12-26,25.296,NA,NA,NA,286.229
2009-12-27,24.848,NA,NA,NA,286.213
2009-12-28,24.207,NA,NA,NA,286.189
2009-12-29,23.744,NA,NA,NA,286.171
2009-12-30,23.744,NA,NA,NA,286.171
2009-12-31,23.59,NA,NA,NA,286.165
2010-01-01,23.36,NA,NA,NA,286.155
2010-01-02,23.128,NA,NA,NA,286.146
2010-01-03,22.974,NA,NA,NA,286.14
2010-01-04,23.051,NA,NA,NA,286.143
2010-01-05,22.819,NA,NA,NA,286.134
2010-01-06,22.743,NA,NA,NA,286.131
2010-01-07,22.819,NA,NA,NA,286.134
2010-01-08,22.357,NA,NA,NA,286.116
2010-01-09,NA,NA,NA,NA,NA
2010-01-10,NA,NA,NA,NA,NA
2010-01-11,NA,NA,NA,NA,NA
2010-01-12,NA,NA,NA,NA,NA
2010-01-13,NA,NA,NA,NA,NA
2010-01-14,NA,NA,NA,NA,NA
2010-01-15,NA,NA,NA,NA,NA
2010-01-16,NA,NA,NA,NA,NA
2010-01-17,NA,NA,NA,NA,NA
2010-01-18,NA,NA,NA,NA,NA
2010-01-19,NA,NA,NA,NA,NA
2010-01-20,NA,NA,NA,NA,NA
2010-01-21,NA,NA,NA,NA,NA
2010-01-22,NA,NA,NA,NA,NA
2010-01-23,NA,NA,NA,NA,NA
2010-01-24,NA,NA,NA,NA,NA
2010-01-25,NA,NA,NA,NA,NA
2010-01-26,NA,NA,NA,NA,NA
2010-01-27,NA,NA,NA,NA,NA
2010-01-28,NA,NA,NA,NA,NA
2010-01-29,NA,NA,NA,NA,NA
2010-01-30,NA,NA,NA,NA,NA
2010-01-31,NA,NA,NA,NA,NA
2010-02-01,NA,NA,NA,NA,NA
2010-02-02,NA,NA,NA,NA,NA
2010-02-03,NA,NA,NA,NA,NA
2010-02-04,NA,NA,NA,NA,NA
2010-02-05,22.357,NA,NA,NA,286.116
2010-02-06,22.203,NA,NA,NA,286.11
2010-02-07,22.203,NA,NA,NA,286.11
2010-02-08,22.435,NA,NA,NA,286.119
2010-02-09,22.203,NA,NA,NA,286.11
2010-02-10,22.126,NA,NA,NA,286.107
2010-02-11,22.203,NA,NA,NA,286.11
2010-02-12,22.203,NA,NA,NA,286.11
2010-02-13,22.28,NA,NA,NA,286.113
2010-02-14,22.357,NA,NA,NA,286.116
2010-02-15,10.337,NA,NA,NA,286.11
2010-02-16,22.126,NA,NA,NA,286.107
2010-02-17,21.972,NA,NA,NA,286.101
2010-02-18,21.894,NA,NA,NA,286.097
2010-02-19,21.894,NA,NA,NA,286.097
2010-02-20,21.818,NA,NA,NA,286.094
2010-02-21,21.818,NA,NA,NA,286.094
2010-02-22,21.972,NA,NA,NA,286.101
2010-02-23,21.972,NA,NA,NA,286.101
2010-02-24,21.818,NA,NA,NA,286.094
2010-02-25,21.894,NA,NA,NA,286.097
2010-02-26,21.894,NA,NA,NA,286.097
2010-02-27,21.972,NA,NA,NA,286.101
2010-02-28,21.894,NA,NA,NA,286.097
2010-03-01,21.894,NA,NA,NA,286.097
2010-03-02,21.972,NA,NA,NA,286.101
2010-03-03,21.818,NA,NA,NA,286.094
2010-03-04,21.818,NA,NA,NA,286.094
2010-03-05,21.818,NA,NA,NA,286.094
2010-03-06,21.74,NA,NA,NA,286.091
2010-03-07,21.664,NA,NA,NA,286.088
2010-03-08,21.972,NA,NA,NA,286.101
2010-03-09,21.894,NA,NA,NA,286.097
2010-03-10,22.743,NA,NA,NA,286.131
2010-03-11,23.282,NA,NA,NA,286.152
2010-03-12,24.285,NA,NA,NA,286.192
2010-03-13,25.296,NA,NA,NA,286.229
2010-03-14,27.085,NA,NA,NA,286.289
2010-03-15,29.856,NA,NA,NA,286.384
2010-03-16,34.186,NA,NA,NA,286.53
2010-03-17,40.113,NA,NA,NA,286.719
2010-03-18,46.28,NA,NA,NA,286.902
2010-03-19,53.94,NA,NA,NA,287.112
2010-03-20,69.79,NA,NA,NA,287.512
2010-03-21,81.687,NA,NA,NA,287.777
2010-03-22,85.517,NA,NA,NA,287.859
2010-03-23,93.744,NA,NA,NA,288.036
2010-03-24,96.52,NA,NA,NA,288.091
2010-03-25,94.207,NA,NA,NA,288.045
2010-03-26,92.326,NA,NA,NA,288.006
2010-03-27,91.617,NA,NA,NA,287.99
2010-03-28,88.78,NA,NA,NA,287.929
2010-03-29,85.801,NA,NA,NA,287.865
2010-03-30,81.829,NA,NA,NA,287.78
2010-03-31,79.559,NA,NA,NA,287.731
2010-04-01,77.253,NA,NA,NA,287.679
2010-04-02,75.082,NA,NA,NA,287.631
2010-04-03,73.182,NA,NA,NA,287.588
2010-04-04,70.062,NA,NA,NA,287.518
2010-04-05,67.212,NA,NA,NA,287.454
2010-04-06,65.991,NA,NA,NA,287.426
2010-04-07,63.648,NA,NA,NA,287.365
2010-04-08,61.304,NA,NA,NA,287.304
2010-04-09,60.132,NA,NA,NA,287.274
2010-04-10,57.789,NA,NA,NA,287.213
2010-04-11,55.445,NA,NA,NA,287.152
2010-04-12,53.385,NA,NA,NA,287.097
2010-04-13,53.163,NA,NA,NA,287.091
2010-04-14,52.053,NA,NA,NA,287.061
2010-04-15,50.943,NA,NA,NA,287.03
2010-04-16,49.833,NA,NA,NA,287
2010-04-17,45.503,NA,NA,NA,286.881
2010-04-18,44.282,NA,NA,NA,286.847
2010-04-19,42.789,NA,NA,NA,286.805
2010-04-20,42.121,NA,NA,NA,286.783
2010-04-21,41.069,NA,NA,NA,286.75
2010-04-22,39.922,NA,NA,NA,286.713
2010-04-23,38.488,NA,NA,NA,286.667
2010-04-24,37.341,NA,NA,NA,286.631
2010-04-25,36.959,NA,NA,NA,286.619
2010-04-26,36.194,NA,NA,NA,286.594
2010-04-27,35.333,NA,NA,NA,286.567
2010-04-28,34.186,NA,NA,NA,286.53
2010-04-29,33.995,NA,NA,NA,286.524
2010-04-30,33.433,NA,NA,NA,286.506
2010-05-01,32.629,NA,NA,NA,286.478
2010-05-02,32.003,NA,NA,NA,286.457
2010-05-03,31.377,NA,NA,NA,286.436
2010-05-04,30.393,NA,NA,NA,286.402
2010-05-05,31.466,NA,NA,NA,286.439
2010-05-06,30.125,NA,NA,NA,286.393
2010-05-07,29.856,NA,NA,NA,286.384
2010-05-08,30.483,NA,NA,NA,286.405
2010-05-09,29.32,NA,NA,NA,286.366
2010-05-10,28.516,NA,NA,NA,286.338
2010-05-11,29.499,NA,NA,NA,286.372
2010-05-12,29.856,NA,NA,NA,286.384
2010-05-13,31.02,NA,NA,NA,286.424
2010-05-14,32.629,NA,NA,NA,286.478
2010-05-15,34.186,NA,NA,NA,286.53
2010-05-16,35.812,NA,NA,NA,286.582
2010-05-17,36.863,NA,NA,NA,286.616
2010-05-18,37.532,NA,NA,NA,286.637
2010-05-19,37.724,NA,NA,NA,286.643
2010-05-20,37.724,NA,NA,NA,286.643
2010-05-21,37.724,NA,NA,NA,286.643
2010-05-22,39.062,NA,NA,NA,286.686
2010-05-23,37.341,NA,NA,NA,286.631
2010-05-24,36.098,NA,NA,NA,286.591
2010-05-25,35.238,NA,NA,NA,286.564
2010-05-26,34.473,NA,NA,NA,286.539
2010-05-27,33.076,NA,NA,NA,286.494
2010-05-28,31.824,NA,NA,NA,286.451
2010-05-29,30.662,NA,NA,NA,286.411
2010-05-30,29.946,NA,NA,NA,286.387
2010-05-31,28.426,NA,NA,NA,286.335
2010-06-01,27.531,NA,NA,NA,286.305
2010-06-02,27.085,NA,NA,NA,286.289
2010-06-03,26.19,NA,NA,NA,286.259
2010-06-04,26.279,NA,NA,NA,286.262
2010-06-05,25.475,NA,NA,NA,286.235
2010-06-06,25.654,NA,NA,NA,286.241
2010-06-07,24.76,NA,NA,NA,286.21
2010-06-08,23.822,NA,NA,NA,286.174
2010-06-09,24.361,NA,NA,NA,286.195
2010-06-10,22.897,NA,NA,NA,286.137
2010-06-11,23.976,NA,NA,NA,286.18
2010-06-12,23.514,NA,NA,NA,286.161
2010-06-13,24.515,NA,NA,NA,286.201
2010-06-14,24.439,NA,NA,NA,286.198
2010-06-15,25.654,NA,NA,NA,286.241
2010-06-16,25.564,NA,NA,NA,286.238
2010-06-17,25.654,NA,NA,NA,286.241
2010-06-18,27.174,NA,NA,NA,286.293
2010-06-19,27.8,NA,NA,NA,286.314
2010-06-20,27.531,NA,NA,NA,286.305
2010-06-21,27.8,NA,NA,NA,286.314
2010-06-22,27.889,NA,NA,NA,286.317
2010-06-23,28.694,NA,NA,NA,286.344
2010-06-24,27.889,NA,NA,NA,286.317
2010-06-25,27.264,NA,NA,NA,286.296
2010-06-26,27.442,NA,NA,NA,286.302
2010-06-27,27.531,NA,NA,NA,286.305
2010-06-28,27.442,NA,NA,NA,286.302
2010-06-29,26.548,NA,NA,NA,286.271
2010-06-30,25.654,NA,NA,NA,286.241
2010-07-01,25.833,NA,NA,NA,286.247
2010-07-02,25.564,NA,NA,NA,286.238
2010-07-03,25.027,NA,NA,NA,286.219
2010-07-04,26.369,NA,NA,NA,286.265
2010-07-05,25.564,NA,NA,NA,286.238
2010-07-06,25.475,NA,NA,NA,286.235
2010-07-07,26.19,NA,NA,NA,286.259
2010-07-08,25.922,NA,NA,NA,286.25
2010-07-09,26.012,NA,NA,NA,286.253
2010-07-10,26.1,NA,NA,NA,286.256
2010-07-11,27.71,NA,NA,NA,286.311
2010-07-12,28.426,NA,NA,NA,286.335
2010-07-13,28.247,NA,NA,NA,286.329
2010-07-14,27.979,NA,NA,NA,286.32
2010-07-15,29.052,NA,NA,NA,286.357
2010-07-16,28.426,NA,NA,NA,286.335
2010-07-17,27.352,NA,NA,NA,286.299
2010-07-18,27.531,NA,NA,NA,286.305
2010-07-19,26.012,NA,NA,NA,286.253
2010-07-20,25.564,NA,NA,NA,286.238
2010-07-21,25.117,NA,NA,NA,286.222
2010-07-22,24.361,NA,NA,NA,286.195
2010-07-23,24.285,NA,NA,NA,286.192
2010-07-24,24.285,NA,NA,NA,286.192
2010-07-25,23.128,NA,NA,NA,286.146
2010-07-26,22.357,NA,NA,NA,286.116
2010-07-27,22.126,NA,NA,NA,286.107
2010-07-28,22.357,NA,NA,NA,286.116
2010-07-29,21.509,NA,NA,NA,286.082
2010-07-30,21.355,NA,NA,NA,286.076
2010-07-31,21.201,NA,NA,NA,286.07
2010-08-01,20.738,NA,NA,NA,286.052
2010-08-02,20.738,NA,NA,NA,286.052
2010-08-03,20.584,NA,NA,NA,286.046
2010-08-04,20.584,NA,NA,NA,286.046
2010-08-05,20.122,NA,NA,NA,286.027
2010-08-06,19.813,NA,NA,NA,286.015
2010-08-07,20.584,NA,NA,NA,286.046
2010-08-08,21.355,NA,NA,NA,286.076
2010-08-09,21.509,NA,NA,NA,286.082
2010-08-10,21.047,NA,NA,NA,286.064
2010-08-11,21.355,NA,NA,NA,286.076
2010-08-12,21.047,NA,NA,NA,286.064
2010-08-13,22.974,NA,NA,NA,286.14
2010-08-14,23.205,NA,NA,NA,286.149
2010-08-15,24.515,NA,NA,NA,286.201
2010-08-16,23.744,NA,NA,NA,286.171
2010-08-17,23.59,NA,NA,NA,286.165
2010-08-18,23.436,NA,NA,NA,286.158
2010-08-19,23.051,NA,NA,NA,286.143
2010-08-20,23.822,NA,NA,NA,286.174
2010-08-21,23.899,NA,NA,NA,286.177
2010-08-22,22.819,NA,NA,NA,286.134
2010-08-23,23.436,NA,NA,NA,286.158
2010-08-24,24.361,NA,NA,NA,286.195
2010-08-25,23.282,NA,NA,NA,286.152
2010-08-26,22.203,NA,NA,NA,286.11
2010-08-27,21.894,NA,NA,NA,286.097
2010-08-28,21.509,NA,NA,NA,286.082
2010-08-29,20.815,NA,NA,NA,286.055
2010-08-30,21.201,NA,NA,NA,286.07
2010-08-31,21.894,NA,NA,NA,286.097
2010-09-01,21.818,NA,NA,NA,286.094
2010-09-02,22.048,NA,NA,NA,286.104
2010-09-03,24.67,NA,NA,NA,286.207
2010-09-04,21.509,NA,NA,NA,286.082
2010-09-05,21.123,NA,NA,NA,286.067
2010-09-06,21.432,NA,NA,NA,286.079
2010-09-07,30.483,NA,NA,NA,286.405
2010-09-08,22.589,NA,NA,NA,286.125
2010-09-09,22.28,NA,NA,NA,286.113
2010-09-10,23.436,NA,NA,NA,286.158
2010-09-11,25.027,NA,NA,NA,286.219
2010-09-12,25.206,NA,NA,NA,286.225
2010-09-13,25.117,NA,NA,NA,286.222
2010-09-14,25.027,NA,NA,NA,286.219
2010-09-15,24.207,NA,NA,NA,286.189
2010-09-16,26.458,NA,NA,NA,286.268
2010-09-17,27.174,NA,NA,NA,286.293
2010-09-18,28.247,NA,NA,NA,286.329
2010-09-19,28.604,NA,NA,NA,286.341
2010-09-20,28.158,NA,NA,NA,286.326
2010-09-21,29.678,NA,NA,NA,286.378
2010-09-22,28.873,NA,NA,NA,286.35
2010-09-23,29.231,NA,NA,NA,286.363
2010-09-24,35.333,NA,NA,NA,286.567
2010-09-25,29.499,NA,NA,NA,286.372
2010-09-26,29.946,NA,NA,NA,286.387
2010-09-27,29.856,NA,NA,NA,286.384
2010-09-28,30.393,NA,NA,NA,286.402
2010-09-29,29.946,NA,NA,NA,286.387
2010-09-30,30.035,NA,NA,NA,286.39
2010-10-01,29.768,NA,NA,NA,286.381
2010-10-02,29.41,NA,NA,NA,286.369
2010-10-03,28.783,NA,NA,NA,286.347
2010-10-04,28.426,NA,NA,NA,286.335
2010-10-05,28.426,NA,NA,NA,286.335
2010-10-06,29.32,NA,NA,NA,286.366
2010-10-07,28.068,NA,NA,NA,286.323
2010-10-08,27.889,NA,NA,NA,286.317
2010-10-09,27.621,NA,NA,NA,286.308
2010-10-10,27.531,NA,NA,NA,286.305
2010-10-11,27.085,NA,NA,NA,286.289
2010-10-12,27.979,NA,NA,NA,286.32
2010-10-13,26.548,NA,NA,NA,286.271
2010-10-14,25.833,NA,NA,NA,286.247
2010-10-15,25.564,NA,NA,NA,286.238
2010-10-16,26.012,NA,NA,NA,286.253
2010-10-17,25.027,NA,NA,NA,286.219
2010-10-18,24.848,NA,NA,NA,286.213
2010-10-19,24.67,NA,NA,NA,286.207
2010-10-20,24.848,NA,NA,NA,286.213
2010-10-21,24.285,NA,NA,NA,286.192
2010-10-22,23.514,NA,NA,NA,286.161
2010-10-23,23.514,NA,NA,NA,286.161
2010-10-24,23.514,NA,NA,NA,286.161
2010-10-25,22.511,NA,NA,NA,286.122
2010-10-26,29.499,NA,NA,NA,286.372
2010-10-27,24.053,NA,NA,NA,286.183
2010-10-28,24.938,NA,NA,NA,286.216
2010-10-29,22.203,NA,NA,NA,286.11
2010-10-30,23.744,NA,NA,NA,286.171
2010-10-31,24.131,NA,NA,NA,286.186
2010-11-01,24.439,NA,NA,NA,286.198
2010-11-02,25.027,NA,NA,NA,286.219
2010-11-03,26.637,NA,NA,NA,286.274
2010-11-04,26.1,NA,NA,NA,286.256
2010-11-05,25.743,NA,NA,NA,286.244
2010-11-06,25.475,NA,NA,NA,286.235
2010-11-07,26.279,NA,NA,NA,286.262
2010-11-08,26.458,NA,NA,NA,286.268
2010-11-09,26.727,NA,NA,NA,286.277
2010-11-10,26.816,NA,NA,NA,286.28
2010-11-11,27.174,NA,NA,NA,286.293
2010-11-12,26.906,NA,NA,NA,286.283
2010-11-13,26.995,NA,NA,NA,286.286
2010-11-14,27.531,NA,NA,NA,286.305
2010-11-15,26.816,NA,NA,NA,286.28
2010-11-16,26.816,NA,NA,NA,286.28
2010-11-17,27.264,NA,NA,NA,286.296
2010-11-18,26.458,NA,NA,NA,286.268
2010-11-19,28.516,NA,NA,NA,286.338
2010-11-20,26.1,NA,NA,NA,286.256
2010-11-21,25.922,NA,NA,NA,286.25
2010-11-22,25.654,NA,NA,NA,286.241
2010-11-23,25.117,NA,NA,NA,286.222
2010-11-24,24.515,NA,NA,NA,286.201
2010-11-25,24.207,NA,NA,NA,286.189
2010-11-26,23.976,NA,NA,NA,286.18
2010-11-27,23.899,NA,NA,NA,286.177
2010-11-28,23.976,NA,NA,NA,286.18
2010-11-29,24.131,NA,NA,NA,286.186
2010-11-30,24.515,NA,NA,NA,286.201
2010-12-01,24.131,NA,NA,NA,286.186
2010-12-02,23.899,NA,NA,NA,286.177
2010-12-03,23.744,NA,NA,NA,286.171
2010-12-04,23.976,NA,NA,NA,286.18
2010-12-05,23.744,NA,NA,NA,286.171
2010-12-06,23.59,NA,NA,NA,286.165
2010-12-07,23.514,NA,NA,NA,286.161
2010-12-08,23.436,NA,NA,NA,286.158
2010-12-09,23.59,NA,NA,NA,286.165
2010-12-10,23.514,NA,NA,NA,286.161
2010-12-11,23.976,NA,NA,NA,286.18
2010-12-12,23.282,NA,NA,NA,286.152
2010-12-13,23.128,NA,NA,NA,286.146
2010-12-14,23.128,NA,NA,NA,286.146
2010-12-15,22.897,NA,NA,NA,286.137
2010-12-16,23.051,NA,NA,NA,286.143
2010-12-17,23.051,NA,NA,NA,286.143
2010-12-18,22.974,NA,NA,NA,286.14
2010-12-19,22.897,NA,NA,NA,286.137
2010-12-20,22.897,NA,NA,NA,286.137
2010-12-21,23.051,NA,NA,NA,286.143
2010-12-22,23.051,NA,NA,NA,286.143
2010-12-23,22.974,NA,NA,NA,286.14
2010-12-24,23.051,NA,NA,NA,286.143
2010-12-25,23.051,NA,NA,NA,286.143
2010-12-26,22.974,NA,NA,NA,286.14
2010-12-27,22.974,NA,NA,NA,286.14
2010-12-28,22.897,NA,NA,NA,286.137
2010-12-29,22.897,NA,NA,NA,286.137
2010-12-30,22.974,NA,NA,NA,286.14
2010-12-31,23.051,NA,NA,NA,286.143
2011-01-01,23.282,NA,NA,NA,286.152
2011-01-02,22.897,NA,NA,NA,286.137
2011-01-03,22.819,NA,NA,NA,286.134
2011-01-04,22.743,NA,NA,NA,286.131
2011-01-05,22.665,NA,NA,NA,286.128
2011-01-06,22.743,NA,NA,NA,286.131
2011-01-07,22.897,NA,NA,NA,286.137
2011-01-08,22.743,NA,NA,NA,286.131
2011-01-09,22.743,NA,NA,NA,286.131
2011-01-10,22.897,NA,NA,NA,286.137
2011-01-11,22.974,NA,NA,NA,286.14
2011-01-12,22.974,NA,NA,NA,286.14
2011-01-13,22.974,NA,NA,NA,286.14
2011-01-14,22.897,NA,NA,NA,286.137
2011-01-15,23.514,NA,NA,NA,286.161
2011-01-16,28.158,NA,NA,NA,286.326
2011-01-17,NA,NA,NA,NA,NA
2011-01-18,NA,NA,NA,NA,NA
2011-01-19,NA,NA,NA,NA,NA
2011-01-20,NA,NA,NA,NA,NA
2011-01-21,NA,NA,NA,NA,NA
2011-01-22,NA,NA,NA,NA,NA
2011-01-23,NA,NA,NA,NA,NA
2011-01-24,NA,NA,NA,NA,NA
2011-01-25,NA,NA,NA,NA,NA
2011-01-26,NA,NA,NA,NA,NA
2011-01-27,NA,NA,NA,NA,NA
2011-01-28,NA,NA,NA,NA,NA
2011-01-29,NA,NA,NA,NA,NA
2011-01-30,NA,NA,NA,NA,NA
2011-01-31,NA,NA,NA,NA,NA
2011-02-01,NA,NA,NA,NA,NA
2011-02-02,NA,NA,NA,NA,NA
2011-02-03,NA,NA,NA,NA,NA
2011-02-04,NA,NA,NA,NA,NA
2011-02-05,NA,NA,NA,NA,NA
2011-02-06,NA,NA,NA,NA,NA
2011-02-07,NA,NA,NA,NA,NA
2011-02-08,NA,NA,NA,NA,NA
2011-02-09,NA,NA,NA,NA,NA
2011-02-10,NA,NA,NA,NA,NA
2011-02-11,NA,NA,NA,NA,NA
2011-02-12,NA,NA,NA,NA,NA
2011-02-13,NA,NA,NA,NA,NA
2011-02-14,NA,NA,NA,NA,NA
2011-02-15,NA,NA,NA,NA,NA
2011-02-16,33.524,NA,NA,NA,286.509
2011-02-17,NA,NA,NA,NA,NA
2011-02-18,2.799,NA,NA,NA,286.363
2011-02-19,NA,NA,NA,NA,NA
2011-02-20,NA,NA,NA,NA,NA
2011-02-21,NA,NA,NA,NA,NA
2011-02-22,NA,NA,NA,NA,NA
2011-02-23,NA,NA,NA,NA,NA
2011-02-24,NA,NA,NA,NA,NA
2011-02-25,NA,NA,NA,NA,NA
2011-02-26,NA,NA,NA,NA,NA
2011-02-27,NA,NA,NA,NA,NA
2011-02-28,NA,NA,NA,NA,NA
2011-03-01,NA,NA,NA,NA,NA
2011-03-02,NA,NA,NA,NA,NA
2011-03-03,NA,NA,NA,NA,NA
2011-03-04,NA,NA,NA,NA,NA
2011-03-05,NA,NA,NA,NA,NA
2011-03-06,NA,NA,NA,NA,NA
2011-03-07,NA,NA,NA,NA,NA
2011-03-08,NA,NA,NA,NA,NA
2011-03-09,NA,NA,NA,NA,NA
2011-03-10,25.564,NA,NA,NA,286.238
2011-03-11,25.564,NA,NA,NA,286.238
2011-03-12,25.564,NA,NA,NA,286.238
2011-03-13,25.564,NA,NA,NA,286.238
2011-03-14,25.564,NA,NA,NA,286.238
2011-03-15,25.564,NA,NA,NA,286.238
2011-03-16,25.564,NA,NA,NA,286.238
2011-03-17,NA,NA,NA,NA,NA
2011-03-18,NA,NA,NA,NA,NA
2011-03-19,NA,NA,NA,NA,NA
2011-03-20,NA,NA,NA,NA,NA
2011-03-21,NA,NA,NA,NA,NA
2011-03-22,NA,NA,NA,NA,NA
2011-03-23,NA,NA,NA,NA,NA
2011-03-24,NA,NA,NA,NA,NA
2011-03-25,NA,NA,NA,NA,NA
2011-03-26,NA,NA,NA,NA,NA
2011-03-27,NA,NA,NA,NA,NA
2011-03-28,NA,NA,NA,NA,NA
2011-03-29,73.861,NA,NA,NA,287.603
2011-03-30,73.861,NA,NA,NA,287.603
2011-03-31,73.182,NA,NA,NA,287.588
2011-04-01,72.64,NA,NA,NA,287.576
2011-04-02,72.504,NA,NA,NA,287.573
2011-04-03,74.811,NA,NA,NA,287.625
2011-04-04,80.978,NA,NA,NA,287.762
2011-04-05,80.269,NA,NA,NA,287.746
2011-04-06,90.624,NA,NA,NA,287.969
2011-04-07,92.468,NA,NA,NA,288.009
2011-04-08,NA,NA,NA,NA,NA
2011-04-09,NA,NA,NA,NA,NA
2011-04-10,NA,NA,NA,NA,NA
2011-04-11,NA,NA,NA,NA,NA
2011-04-12,NA,NA,NA,NA,NA
2011-04-13,NA,NA,NA,NA,NA
2011-04-14,NA,NA,NA,NA,NA
2011-04-15,NA,NA,NA,NA,NA
2011-04-16,NA,NA,NA,NA,NA
2011-04-17,NA,NA,NA,NA,NA
2011-04-18,NA,NA,NA,NA,NA
2011-04-19,NA,NA,NA,NA,NA
2011-04-20,NA,NA,NA,NA,NA
2011-04-21,NA,NA,NA,NA,NA
2011-04-22,NA,NA,NA,NA,NA
2011-04-23,NA,NA,NA,NA,NA
2011-04-24,NA,NA,NA,NA,NA
2011-04-25,55.445,NA,NA,NA,287.152
2011-04-26,57.789,NA,NA,NA,287.213
2011-04-27,58.96,NA,NA,NA,287.244
2011-04-28,60.718,NA,NA,NA,287.289
2011-04-29,50.721,NA,NA,NA,287.024
2011-04-30,50.499,NA,NA,NA,287.018
2011-05-01,48.611,NA,NA,NA,286.966
2011-05-02,46.835,NA,NA,NA,286.917
2011-05-03,46.169,NA,NA,NA,286.899
2011-05-04,45.17,NA,NA,NA,286.872
2011-05-05,45.059,NA,NA,NA,286.869
2011-05-06,43.283,NA,NA,NA,286.82
2011-05-07,42.121,NA,NA,NA,286.783
2011-05-08,40.304,NA,NA,NA,286.725
2011-05-09,38.679,NA,NA,NA,286.674
2011-05-10,39.635,NA,NA,NA,286.704
2011-05-11,40.018,NA,NA,NA,286.716
2011-05-12,39.062,NA,NA,NA,286.686
2011-05-13,38.966,NA,NA,NA,286.683
2011-05-14,38.106,NA,NA,NA,286.655
2011-05-15,37.724,NA,NA,NA,286.643
2011-05-16,37.724,NA,NA,NA,286.643
2011-05-17,37.724,NA,NA,NA,286.643
2011-05-18,36.671,NA,NA,NA,286.61
2011-05-19,37.532,NA,NA,NA,286.637
2011-05-20,36.959,NA,NA,NA,286.619
2011-05-21,37.915,NA,NA,NA,286.649
2011-05-22,37.915,NA,NA,NA,286.649
2011-05-23,39.635,NA,NA,NA,286.704
2011-05-24,38.871,NA,NA,NA,286.68
2011-05-25,39.062,NA,NA,NA,286.686
2011-05-26,40.113,NA,NA,NA,286.719
2011-05-27,40.878,NA,NA,NA,286.744
2011-05-28,44.282,NA,NA,NA,286.847
2011-05-29,45.392,NA,NA,NA,286.878
2011-05-30,45.947,NA,NA,NA,286.893
2011-05-31,48.5,NA,NA,NA,286.963
2011-06-01,47.834,NA,NA,NA,286.945
2011-06-02,46.946,NA,NA,NA,286.92
2011-06-03,48.056,NA,NA,NA,286.951
2011-06-04,48.389,NA,NA,NA,286.96
2011-06-05,47.168,NA,NA,NA,286.927
2011-06-06,47.39,NA,NA,NA,286.933
2011-06-07,46.613,NA,NA,NA,286.911
2011-06-08,46.502,NA,NA,NA,286.908
2011-06-09,43.727,NA,NA,NA,286.832
2011-06-10,42.789,NA,NA,NA,286.805
2011-06-11,41.451,NA,NA,NA,286.762
2011-06-12,39.73,NA,NA,NA,286.707
2011-06-13,37.15,NA,NA,NA,286.625
2011-06-14,38.01,NA,NA,NA,286.652
2011-06-15,37.532,NA,NA,NA,286.637
2011-06-16,36.48,NA,NA,NA,286.603
2011-06-17,34.664,NA,NA,NA,286.546
2011-06-18,35.524,NA,NA,NA,286.573
2011-06-19,34.568,NA,NA,NA,286.542
2011-06-20,34.091,NA,NA,NA,286.527
2011-06-21,34.186,NA,NA,NA,286.53
2011-06-22,36.194,NA,NA,NA,286.594
2011-06-23,38.871,NA,NA,NA,286.68
2011-06-24,41.165,NA,NA,NA,286.753
2011-06-25,47.168,NA,NA,NA,286.927
2011-06-26,54.625,NA,NA,NA,287.131
2011-06-27,59.546,NA,NA,NA,287.259
2011-06-28,60.952,NA,NA,NA,287.295
2011-06-29,61.421,NA,NA,NA,287.308
2011-06-30,61.421,NA,NA,NA,287.308
2011-07-01,60.718,NA,NA,NA,287.289
2011-07-02,57.789,NA,NA,NA,287.213
2011-07-03,56.148,NA,NA,NA,287.17
2011-07-04,53.052,NA,NA,NA,287.088
2011-07-05,51.831,NA,NA,NA,287.055
2011-07-06,49.611,NA,NA,NA,286.994
2011-07-07,48.278,NA,NA,NA,286.957
2011-07-08,48.056,NA,NA,NA,286.951
2011-07-09,48.5,NA,NA,NA,286.963
2011-07-10,48.5,NA,NA,NA,286.963
2011-07-11,48.611,NA,NA,NA,286.966
2011-07-12,47.834,NA,NA,NA,286.945
2011-07-13,46.502,NA,NA,NA,286.908
2011-07-14,45.503,NA,NA,NA,286.881
2011-07-15,44.948,NA,NA,NA,286.866
2011-07-16,44.726,NA,NA,NA,286.859
2011-07-17,44.393,NA,NA,NA,286.85
2011-07-18,44.171,NA,NA,NA,286.844
2011-07-19,43.283,NA,NA,NA,286.82
2011-07-20,43.077,NA,NA,NA,286.814
2011-07-21,42.789,NA,NA,NA,286.805
2011-07-22,42.216,NA,NA,NA,286.786
2011-07-23,40.591,NA,NA,NA,286.735
2011-07-24,42.598,NA,NA,NA,286.799
2011-07-25,41.93,NA,NA,NA,286.777
2011-07-26,41.738,NA,NA,NA,286.771
2011-07-27,43.077,NA,NA,NA,286.814
2011-07-28,43.616,NA,NA,NA,286.829
2011-07-29,44.171,NA,NA,NA,286.844
2011-07-30,44.726,NA,NA,NA,286.859
2011-07-31,45.614,NA,NA,NA,286.884
2011-08-01,45.392,NA,NA,NA,286.878
2011-08-02,48.167,NA,NA,NA,286.954
2011-08-03,46.613,NA,NA,NA,286.911
2011-08-04,46.835,NA,NA,NA,286.917
2011-08-05,46.391,NA,NA,NA,286.905
2011-08-06,46.058,NA,NA,NA,286.896
2011-08-07,45.392,NA,NA,NA,286.878
2011-08-08,43.949,NA,NA,NA,286.838
2011-08-09,42.503,NA,NA,NA,286.795
2011-08-10,42.025,NA,NA,NA,286.78
2011-08-11,41.451,NA,NA,NA,286.762
2011-08-12,40.783,NA,NA,NA,286.741
2011-08-13,39.827,NA,NA,NA,286.71
2011-08-14,39.157,NA,NA,NA,286.689
2011-08-15,38.583,NA,NA,NA,286.67
2011-08-16,38.201,NA,NA,NA,286.658
2011-08-17,37.915,NA,NA,NA,286.649
2011-08-18,36.863,NA,NA,NA,286.616
2011-08-19,36.098,NA,NA,NA,286.591
2011-08-20,35.429,NA,NA,NA,286.57
2011-08-21,35.333,NA,NA,NA,286.567
2011-08-22,35.047,NA,NA,NA,286.558
2011-08-23,34.759,NA,NA,NA,286.549
2011-08-24,36.385,NA,NA,NA,286.6
2011-08-25,34.759,NA,NA,NA,286.549
2011-08-26,34.759,NA,NA,NA,286.549
2011-08-27,34.377,NA,NA,NA,286.536
2011-08-28,34.091,NA,NA,NA,286.527
2011-08-29,34.091,NA,NA,NA,286.527
2011-08-30,33.709,NA,NA,NA,286.515
2011-08-31,33.524,NA,NA,NA,286.509
2011-09-01,32.808,NA,NA,NA,286.485
2011-09-02,33.166,NA,NA,NA,286.497
2011-09-03,32.629,NA,NA,NA,286.478
2011-09-04,31.556,NA,NA,NA,286.442
2011-09-05,30.483,NA,NA,NA,286.405
2011-09-06,29.856,NA,NA,NA,286.384
2011-09-07,29.678,NA,NA,NA,286.378
2011-09-08,29.499,NA,NA,NA,286.372
2011-09-09,29.231,NA,NA,NA,286.363
2011-09-10,28.873,NA,NA,NA,286.35
2011-09-11,28.426,NA,NA,NA,286.335
2011-09-12,27.8,NA,NA,NA,286.314
2011-09-13,27.531,NA,NA,NA,286.305
2011-09-14,27.8,NA,NA,NA,286.314
2011-09-15,26.637,NA,NA,NA,286.274
2011-09-16,26.19,NA,NA,NA,286.259
2011-09-17,25.564,NA,NA,NA,286.238
2011-09-18,26.19,NA,NA,NA,286.259
2011-09-19,26.548,NA,NA,NA,286.271
2011-09-20,25.743,NA,NA,NA,286.244
2011-09-21,27.442,NA,NA,NA,286.302
2011-09-22,25.564,NA,NA,NA,286.238
2011-09-23,24.938,NA,NA,NA,286.216
2011-09-24,24.593,NA,NA,NA,286.204
2011-09-25,24.593,NA,NA,NA,286.204
2011-09-26,25.027,NA,NA,NA,286.219
2011-09-27,24.439,NA,NA,NA,286.198
2011-09-28,24.207,NA,NA,NA,286.189
2011-09-29,24.76,NA,NA,NA,286.21
2011-09-30,24.207,NA,NA,NA,286.189
2011-10-01,22.819,NA,NA,NA,286.134
2011-10-02,23.205,NA,NA,NA,286.149
2011-10-03,23.436,NA,NA,NA,286.158
2011-10-04,23.282,NA,NA,NA,286.152
2011-10-05,23.282,NA,NA,NA,286.152
2011-10-06,22.819,NA,NA,NA,286.134
2011-10-07,22.511,NA,NA,NA,286.122
2011-10-08,23.36,NA,NA,NA,286.155
2011-10-09,23.668,NA,NA,NA,286.168
2011-10-10,23.128,NA,NA,NA,286.146
2011-10-11,23.282,NA,NA,NA,286.152
2011-10-12,23.128,NA,NA,NA,286.146
2011-10-13,23.436,NA,NA,NA,286.158
2011-10-14,23.128,NA,NA,NA,286.146
2011-10-15,23.128,NA,NA,NA,286.146
2011-10-16,22.819,NA,NA,NA,286.134
2011-10-17,22.203,NA,NA,NA,286.11
2011-10-18,22.897,NA,NA,NA,286.137
2011-10-19,21.972,NA,NA,NA,286.101
2011-10-20,21.432,NA,NA,NA,286.079
2011-10-21,21.509,NA,NA,NA,286.082
2011-10-22,21.586,NA,NA,NA,286.085
2011-10-23,21.664,NA,NA,NA,286.088
2011-10-24,21.355,NA,NA,NA,286.076
2011-10-25,21.509,NA,NA,NA,286.082
2011-10-26,21.818,NA,NA,NA,286.094
2011-10-27,21.74,NA,NA,NA,286.091
2011-10-28,21.818,NA,NA,NA,286.094
2011-10-29,21.123,NA,NA,NA,286.067
2011-10-30,22.048,NA,NA,NA,286.104
2011-10-31,21.201,NA,NA,NA,286.07
2011-11-01,21.586,NA,NA,NA,286.085
2011-11-02,22.203,NA,NA,NA,286.11
2011-11-03,21.123,NA,NA,NA,286.067
2011-11-04,20.43,NA,NA,NA,286.04
2011-11-05,19.968,NA,NA,NA,286.021
2011-11-06,22.511,NA,NA,NA,286.122
2011-11-07,21.278,NA,NA,NA,286.073
2011-11-08,21.123,NA,NA,NA,286.067
2011-11-09,20.507,NA,NA,NA,286.043
2011-11-10,21.586,NA,NA,NA,286.085
2011-11-11,20.507,NA,NA,NA,286.043
2011-11-12,20.43,NA,NA,NA,286.04
2011-11-13,21.432,NA,NA,NA,286.079
2011-11-14,20.815,NA,NA,NA,286.055
2011-11-15,20.661,NA,NA,NA,286.049
2011-11-16,20.43,NA,NA,NA,286.04
2011-11-17,20.122,NA,NA,NA,286.027
2011-11-18,20.122,NA,NA,NA,286.027
2011-11-19,20.198,NA,NA,NA,286.03
2011-11-20,20.198,NA,NA,NA,286.03
2011-11-21,20.044,NA,NA,NA,286.024
2011-11-22,20.044,NA,NA,NA,286.024
2011-11-23,20.198,NA,NA,NA,286.03
2011-11-24,20.43,NA,NA,NA,286.04
2011-11-25,20.584,NA,NA,NA,286.046
2011-11-26,21.047,NA,NA,NA,286.064
2011-11-27,21.123,NA,NA,NA,286.067
2011-11-28,20.893,NA,NA,NA,286.058
2011-11-29,20.969,NA,NA,NA,286.061
2011-11-30,20.893,NA,NA,NA,286.058
2011-12-01,20.969,NA,NA,NA,286.061
2011-12-02,20.352,NA,NA,NA,286.037
2011-12-03,20.198,NA,NA,NA,286.03
2011-12-04,20.122,NA,NA,NA,286.027
2011-12-05,20.198,NA,NA,NA,286.03
2011-12-06,19.89,NA,NA,NA,286.018
2011-12-07,19.813,NA,NA,NA,286.015
2011-12-08,19.813,NA,NA,NA,286.015
2011-12-09,19.736,NA,NA,NA,286.012
2011-12-10,19.659,NA,NA,NA,286.009
2011-12-11,19.736,NA,NA,NA,286.012
2011-12-12,19.89,NA,NA,NA,286.018
2011-12-13,19.89,NA,NA,NA,286.018
2011-12-14,19.89,NA,NA,NA,286.018
2011-12-15,20.276,NA,NA,NA,286.033
2011-12-16,19.89,NA,NA,NA,286.018
2011-12-17,19.813,NA,NA,NA,286.015
2011-12-18,19.813,NA,NA,NA,286.015
2011-12-19,19.813,NA,NA,NA,286.015
2011-12-20,19.813,NA,NA,NA,286.015
2011-12-21,19.813,NA,NA,NA,286.015
2011-12-22,19.813,NA,NA,NA,286.015
2011-12-23,19.813,NA,NA,NA,286.015
2011-12-24,19.813,NA,NA,NA,286.015
2011-12-25,19.89,NA,NA,NA,286.018
2011-12-26,19.813,NA,NA,NA,286.015
2011-12-27,20.276,NA,NA,NA,286.033
2011-12-28,19.813,NA,NA,NA,286.015
2011-12-29,20.044,NA,NA,NA,286.024
2011-12-30,19.968,NA,NA,NA,286.021
2011-12-31,19.89,NA,NA,NA,286.018
2012-01-01,21.278,NA,NA,NA,286.073
2012-01-02,19.736,NA,NA,NA,286.012
2012-01-03,19.505,NA,NA,NA,286.003
2012-01-04,19.427,NA,NA,NA,286
2012-01-05,19.427,NA,NA,NA,286
2012-01-06,19.659,NA,NA,NA,286.009
2012-01-07,19.813,NA,NA,NA,286.015
2012-01-08,19.813,NA,NA,NA,286.015
2012-01-09,19.89,NA,NA,NA,286.018
2012-01-10,19.968,NA,NA,NA,286.021
2012-01-11,20.507,NA,NA,NA,286.043
2012-01-12,20.122,NA,NA,NA,286.027
2012-01-13,19.736,NA,NA,NA,286.012
2012-01-14,19.581,NA,NA,NA,286.006
2012-01-15,19.581,NA,NA,NA,286.006
2012-01-16,19.736,NA,NA,NA,286.012
2012-01-17,19.659,NA,NA,NA,286.009
2012-01-18,19.659,NA,NA,NA,286.009
2012-01-19,19.659,NA,NA,NA,286.009
2012-01-20,19.581,NA,NA,NA,286.006
2012-01-21,19.505,NA,NA,NA,286.003
2012-01-22,19.427,NA,NA,NA,286
2012-01-23,19.581,NA,NA,NA,286.006
2012-01-24,19.351,NA,NA,NA,285.997
2012-01-25,19.351,NA,NA,NA,285.997
2012-01-26,19.427,NA,NA,NA,286
2012-01-27,19.273,NA,NA,NA,285.994
2012-01-28,19.351,NA,NA,NA,285.997
2012-01-29,19.351,NA,NA,NA,285.997
2012-01-30,19.351,NA,NA,NA,285.997
2012-01-31,19.427,NA,NA,NA,286
2012-02-01,19.427,NA,NA,NA,286
2012-02-02,19.427,NA,NA,NA,286
2012-02-03,19.505,NA,NA,NA,286.003
2012-02-04,19.505,NA,NA,NA,286.003
2012-02-05,19.581,NA,NA,NA,286.006
2012-02-06,19.581,NA,NA,NA,286.006
2012-02-07,19.659,NA,NA,NA,286.009
2012-02-08,19.581,NA,NA,NA,286.006
2012-02-09,19.581,NA,NA,NA,286.006
2012-02-10,19.659,NA,NA,NA,286.009
2012-02-11,19.427,NA,NA,NA,286
2012-02-12,19.351,NA,NA,NA,285.997
2012-02-13,19.273,NA,NA,NA,285.994
2012-02-14,19.351,NA,NA,NA,285.997
2012-02-15,19.351,NA,NA,NA,285.997
2012-02-16,19.427,NA,NA,NA,286
2012-02-17,19.505,NA,NA,NA,286.003
2012-02-18,19.351,NA,NA,NA,285.997
2012-02-19,19.427,NA,NA,NA,286
2012-02-20,19.427,NA,NA,NA,286
2012-02-21,19.813,NA,NA,NA,286.015
2012-02-22,19.581,NA,NA,NA,286.006
2012-02-23,19.581,NA,NA,NA,286.006
2012-02-24,19.813,NA,NA,NA,286.015
2012-02-25,19.581,NA,NA,NA,286.006
2012-02-26,19.659,NA,NA,NA,286.009
2012-02-27,19.581,NA,NA,NA,286.006
2012-02-28,19.505,NA,NA,NA,286.003
2012-02-29,20.276,NA,NA,NA,286.033
2012-03-01,20.122,NA,NA,NA,286.027
2012-03-02,20.044,NA,NA,NA,286.024
2012-03-03,19.968,NA,NA,NA,286.021
2012-03-04,19.89,NA,NA,NA,286.018
2012-03-05,19.968,NA,NA,NA,286.021
2012-03-06,19.968,NA,NA,NA,286.021
2012-03-07,19.968,NA,NA,NA,286.021
2012-03-08,20.198,NA,NA,NA,286.03
2012-03-09,20.198,NA,NA,NA,286.03
2012-03-10,20.507,NA,NA,NA,286.043
2012-03-11,20.661,NA,NA,NA,286.049
2012-03-12,21.123,NA,NA,NA,286.067
2012-03-13,21.664,NA,NA,NA,286.088
2012-03-14,22.589,NA,NA,NA,286.125
2012-03-15,23.514,NA,NA,NA,286.161
2012-03-16,24.439,NA,NA,NA,286.198
2012-03-17,25.296,NA,NA,NA,286.229
2012-03-18,25.743,NA,NA,NA,286.244
2012-03-19,26.279,NA,NA,NA,286.262
2012-03-20,28.337,NA,NA,NA,286.332
2012-03-21,27.264,NA,NA,NA,286.296
2012-03-22,27.531,NA,NA,NA,286.305
2012-03-23,27.621,NA,NA,NA,286.308
2012-03-24,27.531,NA,NA,NA,286.305
2012-03-25,28.158,NA,NA,NA,286.326
2012-03-26,25.027,NA,NA,NA,286.219
2012-03-27,26.906,NA,NA,NA,286.283
2012-03-28,26.906,NA,NA,NA,286.283
2012-03-29,26.19,NA,NA,NA,286.259
2012-03-30,27.085,NA,NA,NA,286.289
2012-03-31,24.938,NA,NA,NA,286.216
2012-04-01,24.515,NA,NA,NA,286.201
2012-04-02,24.361,NA,NA,NA,286.195
2012-04-03,26.19,NA,NA,NA,286.259
2012-04-04,25.296,NA,NA,NA,286.229
2012-04-05,24.848,NA,NA,NA,286.213
2012-04-06,24.515,NA,NA,NA,286.201
2012-04-07,26.458,NA,NA,NA,286.268
2012-04-08,24.67,NA,NA,NA,286.207
2012-04-09,25.743,NA,NA,NA,286.244
2012-04-10,24.361,NA,NA,NA,286.195
2012-04-11,23.668,NA,NA,NA,286.168
2012-04-12,23.051,NA,NA,NA,286.143
2012-04-13,22.665,NA,NA,NA,286.128
2012-04-14,23.668,NA,NA,NA,286.168
2012-04-15,22.589,NA,NA,NA,286.125
2012-04-16,27.174,NA,NA,NA,286.293
2012-04-17,23.899,NA,NA,NA,286.177
2012-04-18,25.564,NA,NA,NA,286.238
2012-04-19,26.012,NA,NA,NA,286.253
2012-04-20,27.979,NA,NA,NA,286.32
2012-04-21,28.516,NA,NA,NA,286.338
2012-04-22,30.751,NA,NA,NA,286.414
2012-04-23,30.035,NA,NA,NA,286.39
2012-04-24,30.304,NA,NA,NA,286.399
2012-04-25,30.662,NA,NA,NA,286.411
2012-04-26,31.198,NA,NA,NA,286.43
2012-04-27,29.141,NA,NA,NA,286.36
2012-04-28,29.052,NA,NA,NA,286.357
2012-04-29,29.946,NA,NA,NA,286.387
2012-04-30,30.304,NA,NA,NA,286.399
2012-05-01,29.768,NA,NA,NA,286.381
2012-05-02,29.856,NA,NA,NA,286.384
2012-05-03,28.783,NA,NA,NA,286.347
2012-05-04,27.71,NA,NA,NA,286.311
2012-05-05,27.979,NA,NA,NA,286.32
2012-05-06,28.426,NA,NA,NA,286.335
2012-05-07,28.337,NA,NA,NA,286.332
2012-05-08,28.604,NA,NA,NA,286.341
2012-05-09,27.531,NA,NA,NA,286.305
2012-05-10,27.174,NA,NA,NA,286.293
2012-05-11,29.231,NA,NA,NA,286.363
2012-05-12,27.174,NA,NA,NA,286.293
2012-05-13,26.906,NA,NA,NA,286.283
2012-05-14,26.548,NA,NA,NA,286.271
2012-05-15,27.352,NA,NA,NA,286.299
2012-05-16,25.743,NA,NA,NA,286.244
2012-05-17,21.894,NA,NA,NA,286.097
2012-05-18,24.439,NA,NA,NA,286.198
2012-05-19,24.361,NA,NA,NA,286.195
2012-05-20,24.285,NA,NA,NA,286.192
2012-05-21,22.897,NA,NA,NA,286.137
2012-05-22,21.894,NA,NA,NA,286.097
2012-05-23,21.74,NA,NA,NA,286.091
2012-05-24,22.897,NA,NA,NA,286.137
2012-05-25,23.282,NA,NA,NA,286.152
2012-05-26,23.59,NA,NA,NA,286.165
2012-05-27,23.36,NA,NA,NA,286.155
2012-05-28,24.361,NA,NA,NA,286.195
2012-05-29,24.67,NA,NA,NA,286.207
2012-05-30,24.053,NA,NA,NA,286.183
2012-05-31,23.899,NA,NA,NA,286.177
2012-06-01,23.744,NA,NA,NA,286.171
2012-06-02,23.899,NA,NA,NA,286.177
2012-06-03,23.205,NA,NA,NA,286.149
2012-06-04,23.59,NA,NA,NA,286.165
2012-06-05,22.743,NA,NA,NA,286.131
2012-06-06,21.818,NA,NA,NA,286.094
2012-06-07,21.123,NA,NA,NA,286.067
2012-06-08,21.972,NA,NA,NA,286.101
2012-06-09,20.815,NA,NA,NA,286.055
2012-06-10,20.815,NA,NA,NA,286.055
2012-06-11,23.205,NA,NA,NA,286.149
2012-06-12,22.28,NA,NA,NA,286.113
2012-06-13,19.427,NA,NA,NA,286
2012-06-14,20.661,NA,NA,NA,286.049
2012-06-15,20.507,NA,NA,NA,286.043
2012-06-16,20.276,NA,NA,NA,286.033
2012-06-17,19.813,NA,NA,NA,286.015
2012-06-18,23.051,NA,NA,NA,286.143
2012-06-19,24.053,NA,NA,NA,286.183
2012-06-20,27.352,NA,NA,NA,286.299
2012-06-21,29.052,NA,NA,NA,286.357
2012-06-22,29.41,NA,NA,NA,286.369
2012-06-23,30.035,NA,NA,NA,286.39
2012-06-24,31.02,NA,NA,NA,286.424
2012-06-25,30.751,NA,NA,NA,286.414
2012-06-26,30.751,NA,NA,NA,286.414
2012-06-27,30.841,NA,NA,NA,286.418
2012-06-28,31.287,NA,NA,NA,286.433
2012-06-29,30.214,NA,NA,NA,286.396
2012-06-30,29.052,NA,NA,NA,286.357
2012-07-01,28.158,NA,NA,NA,286.326
2012-07-02,26.727,NA,NA,NA,286.277
2012-07-03,26.637,NA,NA,NA,286.274
2012-07-04,25.296,NA,NA,NA,286.229
2012-07-05,24.67,NA,NA,NA,286.207
2012-07-06,23.744,NA,NA,NA,286.171
2012-07-07,23.514,NA,NA,NA,286.161
2012-07-08,22.743,NA,NA,NA,286.131
2012-07-09,22.126,NA,NA,NA,286.107
2012-07-10,21.818,NA,NA,NA,286.094
2012-07-11,21.123,NA,NA,NA,286.067
2012-07-12,20.276,NA,NA,NA,286.033
2012-07-13,20.738,NA,NA,NA,286.052
2012-07-14,20.661,NA,NA,NA,286.049
2012-07-15,19.813,NA,NA,NA,286.015
2012-07-16,19.505,NA,NA,NA,286.003
2012-07-17,19.581,NA,NA,NA,286.006
2012-07-18,19.197,NA,NA,NA,285.991
2012-07-19,19.042,NA,NA,NA,285.985
2012-07-20,18.965,NA,NA,NA,285.982
2012-07-21,19.197,NA,NA,NA,285.991
2012-07-22,18.734,NA,NA,NA,285.973
2012-07-23,19.119,NA,NA,NA,285.988
2012-07-24,18.502,NA,NA,NA,285.963
2012-07-25,19.736,NA,NA,NA,286.012
2012-07-26,19.273,NA,NA,NA,285.994
2012-07-27,18.965,NA,NA,NA,285.982
2012-07-28,18.117,NA,NA,NA,285.948
2012-07-29,17.885,NA,NA,NA,285.939
2012-07-30,18.58,NA,NA,NA,285.966
2012-07-31,17.963,NA,NA,NA,285.942
2012-08-01,17.731,NA,NA,NA,285.933
2012-08-02,17.885,NA,NA,NA,285.939
2012-08-03,17.192,NA,NA,NA,285.912
2012-08-04,17.885,NA,NA,NA,285.939
2012-08-05,17.809,NA,NA,NA,285.936
2012-08-06,17.423,NA,NA,NA,285.921
2012-08-07,17.731,NA,NA,NA,285.933
2012-08-08,16.96,NA,NA,NA,285.902
2012-08-09,25.385,NA,NA,NA,286.232
2012-08-10,17.423,NA,NA,NA,285.921
2012-08-11,17.269,NA,NA,NA,285.915
2012-08-12,17.501,NA,NA,NA,285.924
2012-08-13,18.656,NA,NA,NA,285.969
2012-08-14,18.502,NA,NA,NA,285.963
2012-08-15,17.963,NA,NA,NA,285.942
2012-08-16,18.888,NA,NA,NA,285.979
2012-08-17,17.885,NA,NA,NA,285.939
2012-08-18,17.885,NA,NA,NA,285.939
2012-08-19,18.04,NA,NA,NA,285.945
2012-08-20,17.809,NA,NA,NA,285.936
2012-08-21,17.655,NA,NA,NA,285.93
2012-08-22,17.269,NA,NA,NA,285.915
2012-08-23,17.501,NA,NA,NA,285.924
2012-08-24,17.501,NA,NA,NA,285.924
2012-08-25,17.423,NA,NA,NA,285.921
2012-08-26,17.423,NA,NA,NA,285.921
2012-08-27,17.423,NA,NA,NA,285.921
2012-08-28,17.115,NA,NA,NA,285.908
2012-08-29,17.038,NA,NA,NA,285.905
2012-08-30,17.809,NA,NA,NA,285.936
2012-08-31,17.192,NA,NA,NA,285.912
2012-09-01,16.909,NA,NA,NA,285.899
2012-09-02,16.384,NA,NA,NA,285.869
2012-09-03,17.038,NA,NA,NA,285.905
2012-09-04,16.856,NA,NA,NA,285.896
2012-09-05,16.804,NA,NA,NA,285.893
2012-09-06,16.594,NA,NA,NA,285.881
2012-09-07,16.96,NA,NA,NA,285.902
2012-09-08,16.541,NA,NA,NA,285.878
2012-09-09,16.279,NA,NA,NA,285.863
2012-09-10,16.017,NA,NA,NA,285.848
2012-09-11,15.965,NA,NA,NA,285.844
2012-09-12,16.226,NA,NA,NA,285.86
2012-09-13,16.436,NA,NA,NA,285.872
2012-09-14,16.279,NA,NA,NA,285.863
2012-09-15,16.175,NA,NA,NA,285.857
2012-09-16,16.541,NA,NA,NA,285.878
2012-09-17,16.699,NA,NA,NA,285.887
2012-09-18,16.122,NA,NA,NA,285.854
2012-09-19,16.541,NA,NA,NA,285.878
2012-09-20,16.175,NA,NA,NA,285.857
2012-09-21,15.965,NA,NA,NA,285.844
2012-09-22,16.541,NA,NA,NA,285.878
2012-09-23,15.86,NA,NA,NA,285.838
2012-09-24,15.86,NA,NA,NA,285.838
2012-09-25,15.912,NA,NA,NA,285.841
2012-09-26,16.175,NA,NA,NA,285.857
2012-09-27,15.86,NA,NA,NA,285.838
2012-09-28,15.86,NA,NA,NA,285.838
2012-09-29,16.017,NA,NA,NA,285.848
2012-09-30,16.017,NA,NA,NA,285.848
2012-10-01,16.804,NA,NA,NA,285.893
2012-10-02,15.86,NA,NA,NA,285.838
2012-10-03,15.912,NA,NA,NA,285.841
2012-10-04,20.738,NA,NA,NA,286.052
2012-10-05,15.86,NA,NA,NA,285.838
2012-10-06,16.175,NA,NA,NA,285.857
2012-10-07,15.388,NA,NA,NA,285.811
2012-10-08,15.441,NA,NA,NA,285.814
2012-10-09,16.699,NA,NA,NA,285.887
2012-10-10,15.597,NA,NA,NA,285.823
2012-10-11,16.017,NA,NA,NA,285.848
2012-10-12,15.546,NA,NA,NA,285.82
2012-10-13,15.388,NA,NA,NA,285.811
2012-10-14,15.86,NA,NA,NA,285.838
2012-10-15,15.65,NA,NA,NA,285.826
2012-10-16,15.755,NA,NA,NA,285.832
2012-10-17,16.594,NA,NA,NA,285.881
2012-10-18,17.963,NA,NA,NA,285.942
2012-10-19,19.813,NA,NA,NA,286.015
2012-10-20,15.755,NA,NA,NA,285.832
2012-10-21,15.755,NA,NA,NA,285.832
2012-10-22,15.965,NA,NA,NA,285.844
2012-10-23,16.122,NA,NA,NA,285.854
2012-10-24,16.594,NA,NA,NA,285.881
2012-10-25,18.04,NA,NA,NA,285.945
2012-10-26,16.017,NA,NA,NA,285.848
2012-10-27,16.017,NA,NA,NA,285.848
2012-10-28,16.017,NA,NA,NA,285.848
2012-10-29,15.336,NA,NA,NA,285.808
2012-10-30,15.755,NA,NA,NA,285.832
2012-10-31,16.331,NA,NA,NA,285.866
2012-11-01,16.489,NA,NA,NA,285.875
2012-11-02,16.175,NA,NA,NA,285.857
2012-11-03,16.331,NA,NA,NA,285.866
2012-11-04,16.436,NA,NA,NA,285.872
2012-11-05,16.489,NA,NA,NA,285.875
2012-11-06,16.751,NA,NA,NA,285.89
2012-11-07,16.541,NA,NA,NA,285.878
2012-11-08,16.226,NA,NA,NA,285.86
2012-11-09,16.489,NA,NA,NA,285.875
2012-11-10,15.912,NA,NA,NA,285.841
2012-11-11,17.809,NA,NA,NA,285.936
2012-11-12,18.04,NA,NA,NA,285.945
2012-11-13,16.436,NA,NA,NA,285.872
2012-11-14,16.436,NA,NA,NA,285.872
2012-11-15,16.541,NA,NA,NA,285.878
2012-11-16,16.594,NA,NA,NA,285.881
2012-11-17,16.489,NA,NA,NA,285.875
2012-11-18,16.594,NA,NA,NA,285.881
2012-11-19,16.646,NA,NA,NA,285.884
2012-11-20,16.909,NA,NA,NA,285.899
2012-11-21,16.751,NA,NA,NA,285.89
2012-11-22,18.965,NA,NA,NA,285.982
2012-11-23,18.965,NA,NA,NA,285.982
2012-11-24,16.122,NA,NA,NA,285.854
2012-11-25,16.226,NA,NA,NA,285.86
2012-11-26,16.175,NA,NA,NA,285.857
2012-11-27,16.226,NA,NA,NA,285.86
2012-11-28,16.331,NA,NA,NA,285.866
2012-11-29,16.436,NA,NA,NA,285.872
2012-11-30,16.489,NA,NA,NA,285.875
2012-12-01,16.541,NA,NA,NA,285.878
2012-12-02,16.541,NA,NA,NA,285.878
2012-12-03,16.594,NA,NA,NA,285.881
2012-12-04,16.751,NA,NA,NA,285.89
2012-12-05,16.594,NA,NA,NA,285.881
2012-12-06,16.594,NA,NA,NA,285.881
2012-12-07,16.646,NA,NA,NA,285.884
2012-12-08,16.751,NA,NA,NA,285.89
2012-12-09,17.115,NA,NA,NA,285.908
2012-12-10,16.96,NA,NA,NA,285.902
2012-12-11,16.909,NA,NA,NA,285.899
2012-12-12,16.96,NA,NA,NA,285.902
2012-12-13,17.038,NA,NA,NA,285.905
2012-12-14,17.038,NA,NA,NA,285.905
2012-12-15,17.192,NA,NA,NA,285.912
2012-12-16,17.577,NA,NA,NA,285.927
2012-12-17,17.423,NA,NA,NA,285.921
2012-12-18,17.423,NA,NA,NA,285.921
2012-12-19,17.346,NA,NA,NA,285.918
2012-12-20,17.346,NA,NA,NA,285.918
2012-12-21,17.192,NA,NA,NA,285.912
2012-12-22,17.269,NA,NA,NA,285.915
2012-12-23,17.269,NA,NA,NA,285.915
2012-12-24,17.423,NA,NA,NA,285.921
2012-12-25,17.655,NA,NA,NA,285.93
2012-12-26,17.577,NA,NA,NA,285.927
2012-12-27,17.501,NA,NA,NA,285.924
2012-12-28,17.423,NA,NA,NA,285.921
2012-12-29,17.346,NA,NA,NA,285.918
2012-12-30,17.346,NA,NA,NA,285.918
2012-12-31,17.346,NA,NA,NA,285.918
2013-01-01,17.269,NA,NA,NA,285.915
2013-01-02,17.192,NA,NA,NA,285.912
2013-01-03,17.115,NA,NA,NA,285.908
2013-01-04,16.96,NA,NA,NA,285.902
2013-01-05,16.96,NA,NA,NA,285.902
2013-01-06,16.909,NA,NA,NA,285.899
2013-01-07,16.856,NA,NA,NA,285.896
2013-01-08,16.856,NA,NA,NA,285.896
2013-01-09,16.804,NA,NA,NA,285.893
2013-01-10,16.804,NA,NA,NA,285.893
2013-01-11,16.96,NA,NA,NA,285.902
2013-01-12,17.115,NA,NA,NA,285.908
2013-01-13,16.96,NA,NA,NA,285.902
2013-01-14,17.115,NA,NA,NA,285.908
2013-01-15,17.346,NA,NA,NA,285.918
2013-01-16,18.811,NA,NA,NA,285.976
2013-01-17,19.273,NA,NA,NA,285.994
2013-01-18,34.377,NA,NA,NA,286.536
2013-01-19,180.705,NA,NA,NA,289.56
2013-01-20,29.231,NA,NA,NA,286.363
2013-01-21,180.705,NA,NA,NA,289.56
2013-01-22,160.352,NA,NA,NA,289.255
2013-01-23,141.85,NA,NA,NA,288.95
2013-01-24,125.815,NA,NA,NA,288.646
2013-01-25,109.163,NA,NA,NA,288.341
2013-01-26,93.744,NA,NA,NA,288.036
2013-01-27,79.559,NA,NA,NA,287.731
2013-01-28,72.775,NA,NA,NA,287.579
2013-01-29,68.705,NA,NA,NA,287.487
2013-01-30,66.398,NA,NA,NA,287.436
2013-01-31,67.212,NA,NA,NA,287.454
2013-02-01,89.915,NA,NA,NA,287.954
2013-02-02,119.654,NA,NA,NA,288.533
2013-02-03,124.649,NA,NA,NA,288.624
2013-02-04,107.775,NA,NA,NA,288.313
2013-02-05,103.15,NA,NA,NA,288.222
2013-02-06,98.524,NA,NA,NA,288.13
2013-02-07,82.822,NA,NA,NA,287.801
2013-02-08,70.197,NA,NA,NA,287.521
2013-02-09,72.911,NA,NA,NA,287.582
2013-02-10,60.249,NA,NA,NA,287.277
2013-02-11,44.06,NA,NA,NA,286.841
2013-02-12,42.981,NA,NA,NA,286.811
2013-02-13,43.172,NA,NA,NA,286.817
2013-02-14,37.15,NA,NA,NA,286.625
2013-02-15,37.436,NA,NA,NA,286.634
2013-02-16,41.93,NA,NA,NA,286.777
2013-02-17,66.127,NA,NA,NA,287.429
2013-02-18,61.07,NA,NA,NA,287.298
2013-02-19,60.249,NA,NA,NA,287.277
2013-02-20,47.945,NA,NA,NA,286.948
2013-02-21,59.195,NA,NA,NA,287.25
2013-02-22,65.991,NA,NA,NA,287.426
2013-02-23,92.042,NA,NA,NA,287.999
2013-02-24,90.198,NA,NA,NA,287.96
2013-02-25,87.219,NA,NA,NA,287.896
2013-02-26,99.295,NA,NA,NA,288.146
2013-02-27,97.137,NA,NA,NA,288.103
2013-02-28,103.15,NA,NA,NA,288.222
2013-03-01,89.347,NA,NA,NA,287.942
2013-03-02,95.903,NA,NA,NA,288.079
2013-03-03,99.758,NA,NA,NA,288.155
2013-03-04,87.645,NA,NA,NA,287.905
2013-03-05,69.383,NA,NA,NA,287.503
2013-03-06,55.211,NA,NA,NA,287.146
2013-03-07,51.387,NA,NA,NA,287.042
2013-03-08,47.834,NA,NA,NA,286.945
2013-03-09,48.056,NA,NA,NA,286.951
2013-03-10,30.93,NA,NA,NA,286.421
2013-03-11,28.873,NA,NA,NA,286.35
2013-03-12,30.572,NA,NA,NA,286.408
2013-03-13,30.393,NA,NA,NA,286.402
2013-03-14,33.345,NA,NA,NA,286.503
2013-03-15,36.863,NA,NA,NA,286.616
2013-03-16,29.41,NA,NA,NA,286.369
2013-03-17,35.047,NA,NA,NA,286.558
2013-03-18,56.851,NA,NA,NA,287.189
2013-03-19,55.679,NA,NA,NA,287.158
2013-03-20,63.882,NA,NA,NA,287.372
2013-03-21,66.67,NA,NA,NA,287.442
2013-03-22,56.148,NA,NA,NA,287.17
2013-03-23,65.288,NA,NA,NA,287.408
2013-03-24,67.077,NA,NA,NA,287.451
2013-03-25,60.952,NA,NA,NA,287.295
2013-03-26,51.054,NA,NA,NA,287.033
2013-03-27,51.054,NA,NA,NA,287.033
2013-03-28,54.742,NA,NA,NA,287.134
2013-03-29,48.722,NA,NA,NA,286.969
2013-03-30,67.212,NA,NA,NA,287.454
2013-03-31,72.504,NA,NA,NA,287.573
2013-04-01,72.233,NA,NA,NA,287.567
2013-04-02,71.961,NA,NA,NA,287.561
2013-04-03,149.621,NA,NA,NA,289.078
2013-04-04,19.89,NA,NA,NA,286.018
2013-04-05,20.584,NA,NA,NA,286.046
2013-04-06,21.509,NA,NA,NA,286.082
2013-04-07,22.28,NA,NA,NA,286.113
2013-04-08,23.436,NA,NA,NA,286.158
2013-04-09,25.027,NA,NA,NA,286.219
2013-04-10,26.906,NA,NA,NA,286.283
2013-04-11,29.141,NA,NA,NA,286.36
2013-04-12,31.108,NA,NA,NA,286.427
2013-04-13,27.889,NA,NA,NA,286.317
2013-04-14,32.808,NA,NA,NA,286.485
2013-04-15,33.524,NA,NA,NA,286.509
2013-04-16,33.524,NA,NA,NA,286.509
2013-04-17,33.345,NA,NA,NA,286.503
2013-04-18,33.345,NA,NA,NA,286.503
2013-04-19,33.076,NA,NA,NA,286.494
2013-04-20,32.539,NA,NA,NA,286.475
2013-04-21,32.181,NA,NA,NA,286.463
2013-04-22,32.272,NA,NA,NA,286.466
2013-04-23,32.36,NA,NA,NA,286.469
2013-04-24,32.36,NA,NA,NA,286.469
2013-04-25,32.36,NA,NA,NA,286.469
2013-04-26,31.645,NA,NA,NA,286.445
2013-04-27,30.841,NA,NA,NA,286.418
2013-04-28,30.304,NA,NA,NA,286.399
2013-04-29,30.214,NA,NA,NA,286.396
2013-04-30,31.377,NA,NA,NA,286.436
2013-05-01,32.093,NA,NA,NA,286.46
2013-05-02,33.255,NA,NA,NA,286.5
2013-05-03,36.003,NA,NA,NA,286.588
2013-05-04,38.392,NA,NA,NA,286.664
2013-05-05,40.113,NA,NA,NA,286.719
2013-05-06,40.974,NA,NA,NA,286.747
2013-05-07,41.069,NA,NA,NA,286.75
2013-05-08,40.974,NA,NA,NA,286.747
2013-05-09,40.495,NA,NA,NA,286.731
2013-05-10,39.73,NA,NA,NA,286.707
2013-05-11,34.664,NA,NA,NA,286.546
2013-05-12,37.532,NA,NA,NA,286.637
2013-05-13,35.907,NA,NA,NA,286.585
2013-05-14,35.047,NA,NA,NA,286.558
2013-05-15,33.524,NA,NA,NA,286.509
2013-05-16,32.272,NA,NA,NA,286.466
2013-05-17,30.841,NA,NA,NA,286.418
2013-05-18,29.768,NA,NA,NA,286.381
2013-05-19,29.589,NA,NA,NA,286.375
2013-05-20,29.589,NA,NA,NA,286.375
2013-05-21,28.694,NA,NA,NA,286.344
2013-05-22,30.304,NA,NA,NA,286.399
2013-05-23,29.946,NA,NA,NA,286.387
2013-05-24,29.41,NA,NA,NA,286.369
2013-05-25,29.589,NA,NA,NA,286.375
2013-05-26,28.694,NA,NA,NA,286.344
2013-05-27,30.662,NA,NA,NA,286.411
2013-05-28,30.93,NA,NA,NA,286.421
2013-05-29,30.93,NA,NA,NA,286.421
2013-05-30,30.662,NA,NA,NA,286.411
2013-05-31,30.93,NA,NA,NA,286.421
2013-06-01,32.718,NA,NA,NA,286.482
2013-06-02,30.572,NA,NA,NA,286.408
2013-06-03,29.946,NA,NA,NA,286.387
2013-06-04,28.426,NA,NA,NA,286.335
2013-06-05,29.946,NA,NA,NA,286.387
2013-06-06,29.856,NA,NA,NA,286.384
2013-06-07,29.678,NA,NA,NA,286.378
2013-06-08,28.873,NA,NA,NA,286.35
2013-06-09,29.41,NA,NA,NA,286.369
2013-06-10,30.035,NA,NA,NA,286.39
2013-06-11,30.125,NA,NA,NA,286.393
2013-06-12,28.426,NA,NA,NA,286.335
2013-06-13,30.662,NA,NA,NA,286.411
2013-06-14,30.125,NA,NA,NA,286.393
2013-06-15,31.824,NA,NA,NA,286.451
2013-06-16,30.93,NA,NA,NA,286.421
2013-06-17,30.751,NA,NA,NA,286.414
2013-06-18,30.304,NA,NA,NA,286.399
2013-06-19,29.946,NA,NA,NA,286.387
2013-06-20,29.678,NA,NA,NA,286.378
2013-06-21,30.572,NA,NA,NA,286.408
2013-06-22,30.93,NA,NA,NA,286.421
2013-06-23,32.539,NA,NA,NA,286.475
2013-06-24,34.473,NA,NA,NA,286.539
2013-06-25,37.724,NA,NA,NA,286.643
2013-06-26,42.121,NA,NA,NA,286.783
2013-06-27,45.614,NA,NA,NA,286.884
2013-06-28,46.391,NA,NA,NA,286.905
2013-06-29,47.945,NA,NA,NA,286.948
2013-06-30,46.613,NA,NA,NA,286.911
2013-07-01,46.724,NA,NA,NA,286.914
2013-07-02,46.835,NA,NA,NA,286.917
2013-07-03,46.28,NA,NA,NA,286.902
2013-07-04,45.503,NA,NA,NA,286.881
2013-07-05,44.504,NA,NA,NA,286.853
2013-07-06,42.121,NA,NA,NA,286.783
2013-07-07,40.209,NA,NA,NA,286.722
2013-07-08,37.724,NA,NA,NA,286.643
2013-07-09,36.289,NA,NA,NA,286.597
2013-07-10,33.9,NA,NA,NA,286.521
2013-07-11,32.272,NA,NA,NA,286.466
2013-07-12,30.751,NA,NA,NA,286.414
2013-07-13,30.035,NA,NA,NA,286.39
2013-07-14,29.41,NA,NA,NA,286.369
2013-07-15,29.946,NA,NA,NA,286.387
2013-07-16,29.589,NA,NA,NA,286.375
2013-07-17,29.41,NA,NA,NA,286.369
2013-07-18,29.141,NA,NA,NA,286.36
2013-07-19,29.946,NA,NA,NA,286.387
2013-07-20,29.052,NA,NA,NA,286.357
2013-07-21,28.337,NA,NA,NA,286.332
2013-07-22,28.516,NA,NA,NA,286.338
2013-07-23,28.068,NA,NA,NA,286.323
2013-07-24,27.264,NA,NA,NA,286.296
2013-07-25,26.279,NA,NA,NA,286.262
2013-07-26,27.71,NA,NA,NA,286.311
2013-07-27,25.117,NA,NA,NA,286.222
2013-07-28,24.439,NA,NA,NA,286.198
2013-07-29,23.668,NA,NA,NA,286.168
2013-07-30,23.205,NA,NA,NA,286.149
2013-07-31,22.743,NA,NA,NA,286.131
2013-08-01,22.28,NA,NA,NA,286.113
2013-08-02,21.972,NA,NA,NA,286.101
2013-08-03,21.664,NA,NA,NA,286.088
2013-08-04,21.278,NA,NA,NA,286.073
2013-08-05,22.126,NA,NA,NA,286.107
2013-08-06,21.586,NA,NA,NA,286.085
2013-08-07,21.818,NA,NA,NA,286.094
2013-08-08,21.201,NA,NA,NA,286.07
2013-08-09,21.047,NA,NA,NA,286.064
2013-08-10,21.047,NA,NA,NA,286.064
2013-08-11,20.815,NA,NA,NA,286.055
2013-08-12,20.815,NA,NA,NA,286.055
2013-08-13,20.584,NA,NA,NA,286.046
2013-08-14,20.198,NA,NA,NA,286.03
2013-08-15,19.89,NA,NA,NA,286.018
2013-08-16,19.813,NA,NA,NA,286.015
2013-08-17,19.273,NA,NA,NA,285.994
2013-08-18,19.119,NA,NA,NA,285.988
2013-08-19,19.042,NA,NA,NA,285.985
2013-08-20,19.042,NA,NA,NA,285.985
2013-08-21,19.119,NA,NA,NA,285.988
2013-08-22,18.734,NA,NA,NA,285.973
2013-08-23,18.272,NA,NA,NA,285.954
2013-08-24,17.809,NA,NA,NA,285.936
2013-08-25,18.04,NA,NA,NA,285.945
2013-08-26,17.731,NA,NA,NA,285.933
2013-08-27,18.04,NA,NA,NA,285.945
2013-08-28,17.501,NA,NA,NA,285.924
2013-08-29,17.192,NA,NA,NA,285.912
2013-08-30,17.423,NA,NA,NA,285.921
2013-08-31,16.804,NA,NA,NA,285.893
2013-09-01,17.577,NA,NA,NA,285.927
2013-09-02,17.115,NA,NA,NA,285.908
2013-09-03,16.594,NA,NA,NA,285.881
2013-09-04,16.856,NA,NA,NA,285.896
2013-09-05,16.489,NA,NA,NA,285.875
2013-09-06,16.541,NA,NA,NA,285.878
2013-09-07,16.96,NA,NA,NA,285.902
2013-09-08,16.646,NA,NA,NA,285.884
2013-09-09,16.96,NA,NA,NA,285.902
2013-09-10,16.804,NA,NA,NA,285.893
2013-09-11,16.646,NA,NA,NA,285.884
2013-09-12,16.699,NA,NA,NA,285.887
2013-09-13,16.384,NA,NA,NA,285.869
2013-09-14,16.226,NA,NA,NA,285.86
2013-09-15,17.115,NA,NA,NA,285.908
2013-09-16,16.646,NA,NA,NA,285.884
2013-09-17,16.331,NA,NA,NA,285.866
2013-09-18,16.646,NA,NA,NA,285.884
2013-09-19,17.269,NA,NA,NA,285.915
2013-09-20,17.731,NA,NA,NA,285.933
2013-09-21,17.115,NA,NA,NA,285.908
2013-09-22,16.436,NA,NA,NA,285.872
2013-09-23,16.226,NA,NA,NA,285.86
2013-09-24,17.423,NA,NA,NA,285.921
2013-09-25,17.655,NA,NA,NA,285.93
2013-09-26,16.541,NA,NA,NA,285.878
2013-09-27,18.194,NA,NA,NA,285.951
2013-09-28,19.89,NA,NA,NA,286.018
2013-09-29,18.656,NA,NA,NA,285.969
2013-09-30,18.502,NA,NA,NA,285.963
2013-10-01,18.811,NA,NA,NA,285.976
2013-10-02,18.04,NA,NA,NA,285.945
2013-10-03,18.04,NA,NA,NA,285.945
2013-10-04,17.963,NA,NA,NA,285.942
2013-10-05,17.885,NA,NA,NA,285.939
2013-10-06,19.119,NA,NA,NA,285.988
2013-10-07,18.272,NA,NA,NA,285.954
2013-10-08,17.346,NA,NA,NA,285.918
2013-10-09,17.963,NA,NA,NA,285.942
2013-10-10,17.423,NA,NA,NA,285.921
2013-10-11,16.646,NA,NA,NA,285.884
2013-10-12,18.811,NA,NA,NA,285.976
2013-10-13,17.655,NA,NA,NA,285.93
2013-10-14,17.038,NA,NA,NA,285.905
2013-10-15,18.656,NA,NA,NA,285.969
2013-10-16,18.965,NA,NA,NA,285.982
2013-10-17,18.965,NA,NA,NA,285.982
2013-10-18,19.197,NA,NA,NA,285.991
2013-10-19,19.659,NA,NA,NA,286.009
2013-10-20,19.197,NA,NA,NA,285.991
2013-10-21,19.581,NA,NA,NA,286.006
2013-10-22,20.507,NA,NA,NA,286.043
2013-10-23,20.738,NA,NA,NA,286.052
2013-10-24,21.047,NA,NA,NA,286.064
2013-10-25,21.355,NA,NA,NA,286.076
2013-10-26,22.048,NA,NA,NA,286.104
2013-10-27,21.74,NA,NA,NA,286.091
2013-10-28,22.048,NA,NA,NA,286.104
2013-10-29,22.126,NA,NA,NA,286.107
2013-10-30,22.435,NA,NA,NA,286.119
2013-10-31,22.589,NA,NA,NA,286.125
2013-11-01,22.589,NA,NA,NA,286.125
2013-11-02,22.435,NA,NA,NA,286.119
2013-11-03,21.047,NA,NA,NA,286.064
2013-11-04,23.282,NA,NA,NA,286.152
2013-11-05,22.048,NA,NA,NA,286.104
2013-11-06,22.126,NA,NA,NA,286.107
2013-11-07,22.203,NA,NA,NA,286.11
2013-11-08,20.276,NA,NA,NA,286.033
2013-11-09,21.278,NA,NA,NA,286.073
2013-11-10,21.201,NA,NA,NA,286.07
2013-11-11,21.664,NA,NA,NA,286.088
2013-11-12,20.661,NA,NA,NA,286.049
2013-11-13,20.661,NA,NA,NA,286.049
2013-11-14,21.047,NA,NA,NA,286.064
2013-11-15,21.355,NA,NA,NA,286.076
2013-11-16,21.586,NA,NA,NA,286.085
2013-11-17,21.664,NA,NA,NA,286.088
2013-11-18,21.74,NA,NA,NA,286.091
2013-11-19,20.661,NA,NA,NA,286.049
2013-11-20,21.355,NA,NA,NA,286.076
2013-11-21,23.436,NA,NA,NA,286.158
2013-11-22,20.43,NA,NA,NA,286.04
2013-11-23,20.044,NA,NA,NA,286.024
2013-11-24,19.968,NA,NA,NA,286.021
2013-11-25,20.122,NA,NA,NA,286.027
2013-11-26,20.276,NA,NA,NA,286.033
2013-11-27,20.122,NA,NA,NA,286.027
2013-11-28,20.198,NA,NA,NA,286.03
2013-11-29,20.122,NA,NA,NA,286.027
2013-11-30,20.122,NA,NA,NA,286.027
2013-12-01,19.968,NA,NA,NA,286.021
2013-12-02,19.968,NA,NA,NA,286.021
2013-12-03,20.044,NA,NA,NA,286.024
2013-12-04,20.044,NA,NA,NA,286.024
2013-12-05,19.968,NA,NA,NA,286.021
2013-12-06,19.813,NA,NA,NA,286.015
2013-12-07,19.736,NA,NA,NA,286.012
2013-12-08,19.736,NA,NA,NA,286.012
2013-12-09,19.736,NA,NA,NA,286.012
2013-12-10,19.581,NA,NA,NA,286.006
2013-12-11,19.427,NA,NA,NA,286
2013-12-12,19.427,NA,NA,NA,286
2013-12-13,19.427,NA,NA,NA,286
2013-12-14,19.351,NA,NA,NA,285.997
2013-12-15,19.351,NA,NA,NA,285.997
2013-12-16,19.273,NA,NA,NA,285.994
2013-12-17,19.273,NA,NA,NA,285.994
2013-12-18,19.197,NA,NA,NA,285.991
2013-12-19,19.197,NA,NA,NA,285.991
2013-12-20,19.119,NA,NA,NA,285.988
2013-12-21,18.965,NA,NA,NA,285.982
2013-12-22,19.042,NA,NA,NA,285.985
2013-12-23,18.965,NA,NA,NA,285.982
2013-12-24,18.888,NA,NA,NA,285.979
2013-12-25,19.197,NA,NA,NA,285.991
2013-12-26,19.119,NA,NA,NA,285.988
2013-12-27,18.965,NA,NA,NA,285.982
2013-12-28,18.811,NA,NA,NA,285.976
2013-12-29,18.734,NA,NA,NA,285.973
2013-12-30,18.888,NA,NA,NA,285.979
2013-12-31,19.042,NA,NA,NA,285.985
2014-01-01,18.965,NA,NA,NA,285.982
2014-01-02,19.042,NA,NA,NA,285.985
2014-01-03,19.119,NA,NA,NA,285.988
2014-01-04,19.273,NA,NA,NA,285.994
2014-01-05,20.507,NA,NA,NA,286.043
2014-01-06,27.442,NA,NA,NA,286.302
2014-01-07,24.053,NA,NA,NA,286.183
2014-01-08,23.36,NA,NA,NA,286.155
2014-01-09,61.655,NA,NA,NA,287.314
2014-01-10,24.131,NA,NA,NA,286.186
2014-01-11,61.07,NA,NA,NA,287.298
2014-01-12,21.278,NA,NA,NA,286.073
2014-01-13,67.484,NA,NA,NA,287.46
2014-01-14,48.056,NA,NA,NA,286.951
2014-01-15,49.167,NA,NA,NA,286.981
2014-01-16,22.511,NA,NA,NA,286.122
2014-01-17,65.874,NA,NA,NA,287.423
2014-01-18,24.593,NA,NA,NA,286.204
2014-01-19,71.418,NA,NA,NA,287.548
2014-01-20,78.881,NA,NA,NA,287.716
2014-01-21,24.848,NA,NA,NA,286.213
2014-01-22,24.593,NA,NA,NA,286.204
2014-01-23,88.78,NA,NA,NA,287.929
2014-01-24,NA,NA,NA,NA,NA
2014-01-25,NA,NA,NA,NA,NA
2014-01-26,NA,NA,NA,NA,NA
2014-01-27,NA,NA,NA,NA,NA
2014-01-28,NA,NA,NA,NA,NA
2014-01-29,NA,NA,NA,NA,NA
2014-01-30,NA,NA,NA,NA,NA
2014-01-31,NA,NA,NA,NA,NA
2014-02-01,NA,NA,NA,NA,NA
2014-02-02,NA,NA,NA,NA,NA
2014-02-03,NA,NA,NA,NA,NA
2014-02-04,NA,NA,NA,NA,NA
2014-02-05,NA,NA,NA,NA,NA
2014-02-06,NA,NA,NA,NA,NA
2014-02-07,NA,NA,NA,NA,NA
2014-02-08,NA,NA,NA,NA,NA
2014-02-09,NA,NA,NA,NA,NA
2014-02-10,NA,NA,NA,NA,NA
2014-02-11,NA,NA,NA,NA,NA
2014-02-12,NA,NA,NA,NA,NA
2014-02-13,NA,NA,NA,NA,NA
2014-02-14,NA,NA,NA,NA,NA
2014-02-15,NA,NA,NA,NA,NA
2014-02-16,NA,NA,NA,NA,NA
2014-02-17,NA,NA,NA,NA,NA
2014-02-18,NA,NA,NA,NA,NA
2014-02-19,NA,NA,NA,NA,NA
2014-02-20,NA,NA,NA,NA,NA
2014-02-21,NA,NA,NA,NA,NA
2014-02-22,NA,NA,NA,NA,NA
2014-02-23,NA,NA,NA,NA,NA
2014-02-24,NA,NA,NA,NA,NA
2014-02-25,NA,NA,NA,NA,NA
2014-02-26,NA,NA,NA,NA,NA
2014-02-27,NA,NA,NA,NA,NA
2014-02-28,NA,NA,NA,NA,NA
2014-03-01,80.836,NA,NA,NA,287.759
2014-03-02,61.187,NA,NA,NA,287.301
2014-03-03,54.976,NA,NA,NA,287.14
2014-03-04,72.368,NA,NA,NA,287.57
2014-03-05,90.056,NA,NA,NA,287.957
2014-03-06,89.773,NA,NA,NA,287.951
2014-03-07,98.216,NA,NA,NA,288.124
2014-03-08,73.047,NA,NA,NA,287.585
2014-03-09,71.147,NA,NA,NA,287.542
2014-03-10,NA,NA,NA,NA,NA
2014-03-11,NA,NA,NA,NA,NA
2014-03-12,NA,NA,NA,NA,NA
2014-03-13,36.003,NA,NA,NA,286.588
2014-03-14,28.068,NA,NA,NA,286.323
2014-03-15,19.89,NA,NA,NA,286.018
2014-03-16,20.044,NA,NA,NA,286.024
2014-03-17,20.198,NA,NA,NA,286.03
2014-03-18,20.507,NA,NA,NA,286.043
2014-03-19,21.047,NA,NA,NA,286.064
2014-03-20,21.355,NA,NA,NA,286.076
2014-03-21,21.894,NA,NA,NA,286.097
2014-03-22,22.28,NA,NA,NA,286.113
2014-03-23,22.589,NA,NA,NA,286.125
2014-03-24,22.897,NA,NA,NA,286.137
2014-03-25,23.051,NA,NA,NA,286.143
2014-03-26,23.36,NA,NA,NA,286.155
2014-03-27,23.514,NA,NA,NA,286.161
2014-03-28,23.514,NA,NA,NA,286.161
2014-03-29,23.36,NA,NA,NA,286.155
2014-03-30,23.36,NA,NA,NA,286.155
2014-03-31,23.514,NA,NA,NA,286.161
2014-04-01,24.053,NA,NA,NA,286.183
2014-04-02,23.744,NA,NA,NA,286.171
2014-04-03,23.822,NA,NA,NA,286.174
2014-04-04,23.976,NA,NA,NA,286.18
2014-04-05,23.822,NA,NA,NA,286.174
2014-04-06,23.976,NA,NA,NA,286.18
2014-04-07,24.131,NA,NA,NA,286.186
2014-04-08,24.515,NA,NA,NA,286.201
2014-04-09,24.515,NA,NA,NA,286.201
2014-04-10,24.76,NA,NA,NA,286.21
2014-04-11,24.848,NA,NA,NA,286.213
2014-04-12,24.938,NA,NA,NA,286.216
2014-04-13,26.1,NA,NA,NA,286.256
2014-04-14,25.027,NA,NA,NA,286.219
2014-04-15,24.76,NA,NA,NA,286.21
2014-04-16,24.131,NA,NA,NA,286.186
2014-04-17,25.117,NA,NA,NA,286.222
2014-04-18,24.848,NA,NA,NA,286.213
2014-04-19,24.439,NA,NA,NA,286.198
2014-04-20,25.296,NA,NA,NA,286.229
2014-04-21,26.012,NA,NA,NA,286.253
2014-04-22,24.848,NA,NA,NA,286.213
2014-04-23,23.744,NA,NA,NA,286.171
2014-04-24,25.117,NA,NA,NA,286.222
2014-04-25,26.012,NA,NA,NA,286.253
2014-04-26,25.117,NA,NA,NA,286.222
2014-04-27,23.514,NA,NA,NA,286.161
2014-04-28,25.833,NA,NA,NA,286.247
2014-04-29,28.604,NA,NA,NA,286.341
2014-04-30,28.873,NA,NA,NA,286.35
2014-05-01,30.125,NA,NA,NA,286.393
2014-05-02,29.678,NA,NA,NA,286.378
2014-05-03,30.304,NA,NA,NA,286.399
2014-05-04,30.483,NA,NA,NA,286.405
2014-05-05,31.198,NA,NA,NA,286.43
2014-05-06,31.645,NA,NA,NA,286.445
2014-05-07,31.914,NA,NA,NA,286.454
2014-05-08,32.003,NA,NA,NA,286.457
2014-05-09,31.466,NA,NA,NA,286.439
2014-05-10,33.076,NA,NA,NA,286.494
2014-05-11,33.433,NA,NA,NA,286.506
2014-05-12,33.804,NA,NA,NA,286.518
2014-05-13,34.091,NA,NA,NA,286.527
2014-05-14,32.718,NA,NA,NA,286.482
2014-05-15,31.824,NA,NA,NA,286.451
2014-05-16,32.539,NA,NA,NA,286.475
2014-05-17,32.718,NA,NA,NA,286.482
2014-05-18,32.897,NA,NA,NA,286.488
2014-05-19,32.093,NA,NA,NA,286.46
2014-05-20,33.524,NA,NA,NA,286.509
2014-05-21,33.345,NA,NA,NA,286.503
2014-05-22,33.076,NA,NA,NA,286.494
2014-05-23,32.539,NA,NA,NA,286.475
2014-05-24,32.003,NA,NA,NA,286.457
2014-05-25,31.108,NA,NA,NA,286.427
2014-05-26,30.662,NA,NA,NA,286.411
2014-05-27,29.946,NA,NA,NA,286.387
2014-05-28,30.304,NA,NA,NA,286.399
2014-05-29,29.768,NA,NA,NA,286.381
2014-05-30,29.32,NA,NA,NA,286.366
2014-05-31,29.499,NA,NA,NA,286.372
2014-06-01,29.231,NA,NA,NA,286.363
2014-06-02,31.645,NA,NA,NA,286.445
2014-06-03,31.914,NA,NA,NA,286.454
2014-06-04,33.709,NA,NA,NA,286.515
2014-06-05,35.524,NA,NA,NA,286.573
2014-06-06,38.966,NA,NA,NA,286.683
2014-06-07,39.635,NA,NA,NA,286.704
2014-06-08,39.922,NA,NA,NA,286.713
2014-06-09,40.018,NA,NA,NA,286.716
2014-06-10,39.73,NA,NA,NA,286.707
2014-06-11,39.444,NA,NA,NA,286.698
2014-06-12,38.679,NA,NA,NA,286.674
2014-06-13,39.635,NA,NA,NA,286.704
2014-06-14,41.93,NA,NA,NA,286.777
2014-06-15,41.93,NA,NA,NA,286.777
2014-06-16,41.547,NA,NA,NA,286.765
2014-06-17,43.283,NA,NA,NA,286.82
2014-06-18,45.503,NA,NA,NA,286.881
2014-06-19,49.944,NA,NA,NA,287.003
2014-06-20,51.609,NA,NA,NA,287.048
2014-06-21,51.831,NA,NA,NA,287.055
2014-06-22,53.94,NA,NA,NA,287.112
2014-06-23,56.5,NA,NA,NA,287.18
2014-06-24,58.843,NA,NA,NA,287.24
2014-06-25,60.015,NA,NA,NA,287.271
2014-06-26,60.484,NA,NA,NA,287.283
2014-06-27,60.835,NA,NA,NA,287.292
2014-06-28,59.781,NA,NA,NA,287.265
2014-06-29,58.843,NA,NA,NA,287.24
2014-06-30,55.914,NA,NA,NA,287.164
2014-07-01,53.496,NA,NA,NA,287.1
2014-07-02,51.498,NA,NA,NA,287.045
2014-07-03,49.833,NA,NA,NA,287
2014-07-04,47.057,NA,NA,NA,286.923
2014-07-05,46.169,NA,NA,NA,286.899
2014-07-06,45.17,NA,NA,NA,286.872
2014-07-07,43.616,NA,NA,NA,286.829
2014-07-08,42.312,NA,NA,NA,286.789
2014-07-09,41.356,NA,NA,NA,286.759
2014-07-10,39.539,NA,NA,NA,286.701
2014-07-11,38.774,NA,NA,NA,286.677
2014-07-12,38.01,NA,NA,NA,286.652
2014-07-13,37.15,NA,NA,NA,286.625
2014-07-14,36.385,NA,NA,NA,286.6
2014-07-15,35.142,NA,NA,NA,286.561
2014-07-16,33.709,NA,NA,NA,286.515
2014-07-17,32.718,NA,NA,NA,286.482
2014-07-18,31.645,NA,NA,NA,286.445
2014-07-19,31.198,NA,NA,NA,286.43
2014-07-20,30.125,NA,NA,NA,286.393
2014-07-21,29.32,NA,NA,NA,286.366
2014-07-22,29.141,NA,NA,NA,286.36
2014-07-23,28.247,NA,NA,NA,286.329
2014-07-24,27.264,NA,NA,NA,286.296
2014-07-25,27.531,NA,NA,NA,286.305
2014-07-26,27.442,NA,NA,NA,286.302
2014-07-27,28.694,NA,NA,NA,286.344
2014-07-28,26.637,NA,NA,NA,286.274
2014-07-29,26.369,NA,NA,NA,286.265
2014-07-30,26.369,NA,NA,NA,286.265
2014-07-31,26.369,NA,NA,NA,286.265
2014-08-01,26.279,NA,NA,NA,286.262
2014-08-02,25.743,NA,NA,NA,286.244
2014-08-03,25.296,NA,NA,NA,286.229
2014-08-04,24.938,NA,NA,NA,286.216
2014-08-05,24.848,NA,NA,NA,286.213
2014-08-06,24.76,NA,NA,NA,286.21
2014-08-07,24.439,NA,NA,NA,286.198
2014-08-08,24.131,NA,NA,NA,286.186
2014-08-09,23.514,NA,NA,NA,286.161
2014-08-10,26.637,NA,NA,NA,286.274
2014-08-11,26.816,NA,NA,NA,286.28
2014-08-12,26.548,NA,NA,NA,286.271
2014-08-13,26.637,NA,NA,NA,286.274
2014-08-14,26.727,NA,NA,NA,286.277
2014-08-15,26.637,NA,NA,NA,286.274
2014-08-16,27.621,NA,NA,NA,286.308
2014-08-17,27.71,NA,NA,NA,286.311
2014-08-18,27.621,NA,NA,NA,286.308
2014-08-19,27.442,NA,NA,NA,286.302
2014-08-20,27.174,NA,NA,NA,286.293
2014-08-21,27.531,NA,NA,NA,286.305
2014-08-22,28.247,NA,NA,NA,286.329
2014-08-23,28.516,NA,NA,NA,286.338
2014-08-24,29.41,NA,NA,NA,286.369
2014-08-25,30.125,NA,NA,NA,286.393
2014-08-26,29.141,NA,NA,NA,286.36
2014-08-27,28.873,NA,NA,NA,286.35
2014-08-28,28.604,NA,NA,NA,286.341
2014-08-29,29.856,NA,NA,NA,286.384
2014-08-30,31.02,NA,NA,NA,286.424
2014-08-31,30.214,NA,NA,NA,286.396
2014-09-01,31.556,NA,NA,NA,286.442
2014-09-02,31.02,NA,NA,NA,286.424
2014-09-03,29.678,NA,NA,NA,286.378
2014-09-04,31.108,NA,NA,NA,286.427
2014-09-05,30.841,NA,NA,NA,286.418
2014-09-06,30.125,NA,NA,NA,286.393
2014-09-07,29.32,NA,NA,NA,286.366
2014-09-08,28.604,NA,NA,NA,286.341
2014-09-09,28.158,NA,NA,NA,286.326
2014-09-10,28.873,NA,NA,NA,286.35
2014-09-11,26.727,NA,NA,NA,286.277
2014-09-12,26.548,NA,NA,NA,286.271
2014-09-13,25.564,NA,NA,NA,286.238
2014-09-14,25.475,NA,NA,NA,286.235
2014-09-15,24.938,NA,NA,NA,286.216
2014-09-16,24.361,NA,NA,NA,286.195
2014-09-17,24.131,NA,NA,NA,286.186
2014-09-18,23.36,NA,NA,NA,286.155
2014-09-19,23.051,NA,NA,NA,286.143
2014-09-20,23.36,NA,NA,NA,286.155
2014-09-21,23.205,NA,NA,NA,286.149
2014-09-22,22.743,NA,NA,NA,286.131
2014-09-23,22.126,NA,NA,NA,286.107
2014-09-24,22.357,NA,NA,NA,286.116
2014-09-25,22.511,NA,NA,NA,286.122
2014-09-26,22.048,NA,NA,NA,286.104
2014-09-27,22.28,NA,NA,NA,286.113
2014-09-28,22.435,NA,NA,NA,286.119
2014-09-29,22.589,NA,NA,NA,286.125
2014-09-30,20.815,NA,NA,NA,286.055
2014-10-01,22.126,NA,NA,NA,286.107
2014-10-02,22.126,NA,NA,NA,286.107
2014-10-03,24.053,NA,NA,NA,286.183
2014-10-04,21.509,NA,NA,NA,286.082
2014-10-05,21.278,NA,NA,NA,286.073
2014-10-06,21.355,NA,NA,NA,286.076
2014-10-07,21.74,NA,NA,NA,286.091
2014-10-08,21.123,NA,NA,NA,286.067
2014-10-09,20.969,NA,NA,NA,286.061
2014-10-10,21.123,NA,NA,NA,286.067
2014-10-11,20.893,NA,NA,NA,286.058
2014-10-12,20.276,NA,NA,NA,286.033
2014-10-13,21.972,NA,NA,NA,286.101
2014-10-14,21.509,NA,NA,NA,286.082
2014-10-15,21.509,NA,NA,NA,286.082
2014-10-16,21.047,NA,NA,NA,286.064
2014-10-17,23.744,NA,NA,NA,286.171
2014-10-18,21.509,NA,NA,NA,286.082
2014-10-19,21.123,NA,NA,NA,286.067
2014-10-20,21.432,NA,NA,NA,286.079
2014-10-21,20.661,NA,NA,NA,286.049
2014-10-22,20.661,NA,NA,NA,286.049
2014-10-23,21.432,NA,NA,NA,286.079
2014-10-24,21.509,NA,NA,NA,286.082
2014-10-25,21.432,NA,NA,NA,286.079
2014-10-26,20.584,NA,NA,NA,286.046
2014-10-27,21.278,NA,NA,NA,286.073
2014-10-28,23.205,NA,NA,NA,286.149
2014-10-29,20.738,NA,NA,NA,286.052
2014-10-30,20.815,NA,NA,NA,286.055
2014-10-31,20.815,NA,NA,NA,286.055
2014-11-01,19.813,NA,NA,NA,286.015
2014-11-02,20.044,NA,NA,NA,286.024
2014-11-03,20.893,NA,NA,NA,286.058
2014-11-04,21.123,NA,NA,NA,286.067
2014-11-05,20.507,NA,NA,NA,286.043
2014-11-06,20.738,NA,NA,NA,286.052
2014-11-07,19.427,NA,NA,NA,286
2014-11-08,20.352,NA,NA,NA,286.037
2014-11-09,19.89,NA,NA,NA,286.018
2014-11-10,20.352,NA,NA,NA,286.037
2014-11-11,20.738,NA,NA,NA,286.052
2014-11-12,20.122,NA,NA,NA,286.027
2014-11-13,20.198,NA,NA,NA,286.03
2014-11-14,19.89,NA,NA,NA,286.018
2014-11-15,19.813,NA,NA,NA,286.015
2014-11-16,19.813,NA,NA,NA,286.015
2014-11-17,20.044,NA,NA,NA,286.024
2014-11-18,19.736,NA,NA,NA,286.012
2014-11-19,19.89,NA,NA,NA,286.018
2014-11-20,19.659,NA,NA,NA,286.009
2014-11-21,19.736,NA,NA,NA,286.012
2014-11-22,19.736,NA,NA,NA,286.012
2014-11-23,19.813,NA,NA,NA,286.015
2014-11-24,20.044,NA,NA,NA,286.024
2014-11-25,19.736,NA,NA,NA,286.012
2014-11-26,19.89,NA,NA,NA,286.018
2014-11-27,19.659,NA,NA,NA,286.009
2014-11-28,19.659,NA,NA,NA,286.009
2014-11-29,19.736,NA,NA,NA,286.012
2014-11-30,19.736,NA,NA,NA,286.012
2014-12-01,19.581,NA,NA,NA,286.006
2014-12-02,19.581,NA,NA,NA,286.006
2014-12-03,19.505,NA,NA,NA,286.003
2014-12-04,19.505,NA,NA,NA,286.003
2014-12-05,19.351,NA,NA,NA,285.997
2014-12-06,19.351,NA,NA,NA,285.997
2014-12-07,19.351,NA,NA,NA,285.997
2014-12-08,19.273,NA,NA,NA,285.994
2014-12-09,19.273,NA,NA,NA,285.994
2014-12-10,19.351,NA,NA,NA,285.997
2014-12-11,19.273,NA,NA,NA,285.994
2014-12-12,19.351,NA,NA,NA,285.997
2014-12-13,19.351,NA,NA,NA,285.997
2014-12-14,19.427,NA,NA,NA,286
2014-12-15,19.736,NA,NA,NA,286.012
2014-12-16,20.044,NA,NA,NA,286.024
2014-12-17,19.89,NA,NA,NA,286.018
2014-12-18,19.89,NA,NA,NA,286.018
2014-12-19,19.968,NA,NA,NA,286.021
2014-12-20,20.122,NA,NA,NA,286.027
2014-12-21,20.122,NA,NA,NA,286.027
2014-12-22,20.122,NA,NA,NA,286.027
2014-12-23,20.43,NA,NA,NA,286.04
2014-12-24,20.584,NA,NA,NA,286.046
2014-12-25,20.661,NA,NA,NA,286.049
2014-12-26,20.969,NA,NA,NA,286.061
2014-12-27,20.969,NA,NA,NA,286.061
2014-12-28,20.969,NA,NA,NA,286.061
2014-12-29,20.969,NA,NA,NA,286.061
2014-12-30,20.815,NA,NA,NA,286.055
2014-12-31,20.584,NA,NA,NA,286.046
2015-01-01,20.584,NA,NA,NA,286.046
2015-01-02,20.43,NA,NA,NA,286.04
2015-01-03,20.352,NA,NA,NA,286.037
2015-01-04,20.352,NA,NA,NA,286.037
2015-01-05,19.968,NA,NA,NA,286.021
2015-01-06,19.813,NA,NA,NA,286.015
2015-01-07,19.736,NA,NA,NA,286.012
2015-01-08,19.427,NA,NA,NA,286
2015-01-09,19.351,NA,NA,NA,285.997
2015-01-10,19.119,NA,NA,NA,285.988
2015-01-11,18.965,NA,NA,NA,285.982
2015-01-12,18.888,NA,NA,NA,285.979
2015-01-13,18.811,NA,NA,NA,285.976
2015-01-14,18.58,NA,NA,NA,285.966
2015-01-15,18.502,NA,NA,NA,285.963
2015-01-16,18.426,NA,NA,NA,285.96
2015-01-17,18.348,NA,NA,NA,285.957
2015-01-18,18.348,NA,NA,NA,285.957
2015-01-19,18.426,NA,NA,NA,285.96
2015-01-20,18.502,NA,NA,NA,285.963
2015-01-21,18.656,NA,NA,NA,285.969
2015-01-22,18.656,NA,NA,NA,285.969
2015-01-23,18.811,NA,NA,NA,285.976
2015-01-24,18.811,NA,NA,NA,285.976
2015-01-25,18.965,NA,NA,NA,285.982
2015-01-26,19.042,NA,NA,NA,285.985
2015-01-27,19.119,NA,NA,NA,285.988
2015-01-28,19.197,NA,NA,NA,285.991
2015-01-29,19.581,NA,NA,NA,286.006
2015-01-30,19.273,NA,NA,NA,285.994
2015-01-31,19.427,NA,NA,NA,286
2015-02-01,19.351,NA,NA,NA,285.997
2015-02-02,19.273,NA,NA,NA,285.994
2015-02-03,19.273,NA,NA,NA,285.994
2015-02-04,19.273,NA,NA,NA,285.994
2015-02-05,19.197,NA,NA,NA,285.991
2015-02-06,19.197,NA,NA,NA,285.991
2015-02-07,19.197,NA,NA,NA,285.991
2015-02-08,19.273,NA,NA,NA,285.994
2015-02-09,19.119,NA,NA,NA,285.988
2015-02-10,19.197,NA,NA,NA,285.991
2015-02-11,19.273,NA,NA,NA,285.994
2015-02-12,19.119,NA,NA,NA,285.988
2015-02-13,19.197,NA,NA,NA,285.991
2015-02-14,19.273,NA,NA,NA,285.994
2015-02-15,19.197,NA,NA,NA,285.991
2015-02-16,19.273,NA,NA,NA,285.994
2015-02-17,19.273,NA,NA,NA,285.994
2015-02-18,19.351,NA,NA,NA,285.997
2015-02-19,19.197,NA,NA,NA,285.991
2015-02-20,18.965,NA,NA,NA,285.982
2015-02-21,18.965,NA,NA,NA,285.982
2015-02-22,18.965,NA,NA,NA,285.982
2015-02-23,18.656,NA,NA,NA,285.969
2015-02-24,18.734,NA,NA,NA,285.973
2015-02-25,18.58,NA,NA,NA,285.966
2015-02-26,18.502,NA,NA,NA,285.963
2015-02-27,18.426,NA,NA,NA,285.96
2015-02-28,18.426,NA,NA,NA,285.96
2015-03-01,18.348,NA,NA,NA,285.957
2015-03-02,18.348,NA,NA,NA,285.957
2015-03-03,18.502,NA,NA,NA,285.963
2015-03-04,18.272,NA,NA,NA,285.954
2015-03-05,18.272,NA,NA,NA,285.954
2015-03-06,18.272,NA,NA,NA,285.954
2015-03-07,18.272,NA,NA,NA,285.954
2015-03-08,18.272,NA,NA,NA,285.954
2015-03-09,18.348,NA,NA,NA,285.957
2015-03-10,18.58,NA,NA,NA,285.966
2015-03-11,19.042,NA,NA,NA,285.985
2015-03-12,19.89,NA,NA,NA,286.018
2015-03-13,21.278,NA,NA,NA,286.073
2015-03-14,22.819,NA,NA,NA,286.134
2015-03-15,24.131,NA,NA,NA,286.186
2015-03-16,25.654,NA,NA,NA,286.241
2015-03-17,26.995,NA,NA,NA,286.286
2015-03-18,27.71,NA,NA,NA,286.311
2015-03-19,28.247,NA,NA,NA,286.329
2015-03-20,28.337,NA,NA,NA,286.332
2015-03-21,28.426,NA,NA,NA,286.335
2015-03-22,28.247,NA,NA,NA,286.329
2015-03-23,28.337,NA,NA,NA,286.332
2015-03-24,27.889,NA,NA,NA,286.317
2015-03-25,27.352,NA,NA,NA,286.299
2015-03-26,27.085,NA,NA,NA,286.289
2015-03-27,26.458,NA,NA,NA,286.268
2015-03-28,25.922,NA,NA,NA,286.25
2015-03-29,25.117,NA,NA,NA,286.222
2015-03-30,24.76,NA,NA,NA,286.21
2015-03-31,24.361,NA,NA,NA,286.195
2015-04-01,23.822,NA,NA,NA,286.174
2015-04-02,23.59,NA,NA,NA,286.165
2015-04-03,22.511,NA,NA,NA,286.122
2015-04-04,22.435,NA,NA,NA,286.119
2015-04-05,21.818,NA,NA,NA,286.094
2015-04-06,21.509,NA,NA,NA,286.082
2015-04-07,21.74,NA,NA,NA,286.091
2015-04-08,21.818,NA,NA,NA,286.094
2015-04-09,21.509,NA,NA,NA,286.082
2015-04-10,22.665,NA,NA,NA,286.128
2015-04-11,20.815,NA,NA,NA,286.055
2015-04-12,20.43,NA,NA,NA,286.04
2015-04-13,21.664,NA,NA,NA,286.088
2015-04-14,20.276,NA,NA,NA,286.033
2015-04-15,19.427,NA,NA,NA,286
2015-04-16,20.352,NA,NA,NA,286.037
2015-04-17,20.584,NA,NA,NA,286.046
2015-04-18,20.198,NA,NA,NA,286.03
2015-04-19,22.048,NA,NA,NA,286.104
2015-04-20,20.815,NA,NA,NA,286.055
2015-04-21,21.894,NA,NA,NA,286.097
2015-04-22,21.586,NA,NA,NA,286.085
2015-04-23,19.581,NA,NA,NA,286.006
2015-04-24,17.655,NA,NA,NA,285.93
2015-04-25,19.581,NA,NA,NA,286.006
2015-04-26,20.584,NA,NA,NA,286.046
2015-04-27,20.584,NA,NA,NA,286.046
2015-04-28,21.432,NA,NA,NA,286.079
2015-04-29,20.738,NA,NA,NA,286.052
2015-04-30,20.276,NA,NA,NA,286.033
2015-05-01,20.352,NA,NA,NA,286.037
2015-05-02,20.507,NA,NA,NA,286.043
2015-05-03,20.044,NA,NA,NA,286.024
2015-05-04,20.507,NA,NA,NA,286.043
2015-05-05,20.198,NA,NA,NA,286.03
2015-05-06,19.351,NA,NA,NA,285.997
2015-05-07,20.122,NA,NA,NA,286.027
2015-05-08,22.048,NA,NA,NA,286.104
2015-05-09,20.198,NA,NA,NA,286.03
2015-05-10,18.117,NA,NA,NA,285.948
2015-05-11,22.589,NA,NA,NA,286.125
2015-05-12,22.28,NA,NA,NA,286.113
2015-05-13,19.427,NA,NA,NA,286
2015-05-14,22.357,NA,NA,NA,286.116
2015-05-15,24.131,NA,NA,NA,286.186
2015-05-16,22.048,NA,NA,NA,286.104
2015-05-17,26.906,NA,NA,NA,286.283
2015-05-18,30.93,NA,NA,NA,286.421
2015-05-19,32.45,NA,NA,NA,286.472
2015-05-20,35.142,NA,NA,NA,286.561
2015-05-21,36.289,NA,NA,NA,286.597
2015-05-22,37.818,NA,NA,NA,286.646
2015-05-23,37.818,NA,NA,NA,286.646
2015-05-24,37.627,NA,NA,NA,286.64
2015-05-25,37.724,NA,NA,NA,286.643
2015-05-26,36.959,NA,NA,NA,286.619
2015-05-27,36.576,NA,NA,NA,286.606
2015-05-28,35.715,NA,NA,NA,286.579
2015-05-29,35.812,NA,NA,NA,286.582
2015-05-30,34.951,NA,NA,NA,286.555
2015-05-31,33.709,NA,NA,NA,286.515
2015-06-01,33.804,NA,NA,NA,286.518
2015-06-02,33.612,NA,NA,NA,286.512
2015-06-03,34.282,NA,NA,NA,286.533
2015-06-04,33.524,NA,NA,NA,286.509
2015-06-05,32.808,NA,NA,NA,286.485
2015-06-06,31.824,NA,NA,NA,286.451
2015-06-07,32.36,NA,NA,NA,286.469
2015-06-08,32.093,NA,NA,NA,286.46
2015-06-09,31.108,NA,NA,NA,286.427
2015-06-10,30.483,NA,NA,NA,286.405
2015-06-11,29.32,NA,NA,NA,286.366
2015-06-12,29.231,NA,NA,NA,286.363
2015-06-13,28.426,NA,NA,NA,286.335
2015-06-14,27.621,NA,NA,NA,286.308
2015-06-15,27.8,NA,NA,NA,286.314
2015-06-16,26.548,NA,NA,NA,286.271
2015-06-17,26.548,NA,NA,NA,286.271
2015-06-18,26.369,NA,NA,NA,286.265
2015-06-19,25.654,NA,NA,NA,286.241
2015-06-20,25.743,NA,NA,NA,286.244
2015-06-21,25.475,NA,NA,NA,286.235
2015-06-22,26.279,NA,NA,NA,286.262
2015-06-23,25.117,NA,NA,NA,286.222
2015-06-24,24.938,NA,NA,NA,286.216
2015-06-25,24.67,NA,NA,NA,286.207
2015-06-26,24.439,NA,NA,NA,286.198
2015-06-27,24.439,NA,NA,NA,286.198
2015-06-28,25.385,NA,NA,NA,286.232
2015-06-29,25.475,NA,NA,NA,286.235
2015-06-30,25.117,NA,NA,NA,286.222
2015-07-01,24.515,NA,NA,NA,286.201
2015-07-02,24.67,NA,NA,NA,286.207
2015-07-03,24.67,NA,NA,NA,286.207
2015-07-04,24.361,NA,NA,NA,286.195
2015-07-05,24.053,NA,NA,NA,286.183
2015-07-06,24.053,NA,NA,NA,286.183
2015-07-07,23.822,NA,NA,NA,286.174
2015-07-08,24.131,NA,NA,NA,286.186
2015-07-09,25.117,NA,NA,NA,286.222
2015-07-10,24.848,NA,NA,NA,286.213
2015-07-11,24.361,NA,NA,NA,286.195
2015-07-12,24.515,NA,NA,NA,286.201
2015-07-13,24.76,NA,NA,NA,286.21
2015-07-14,24.515,NA,NA,NA,286.201
2015-07-15,23.899,NA,NA,NA,286.177
2015-07-16,23.282,NA,NA,NA,286.152
2015-07-17,23.436,NA,NA,NA,286.158
2015-07-18,24.285,NA,NA,NA,286.192
2015-07-19,23.822,NA,NA,NA,286.174
2015-07-20,23.899,NA,NA,NA,286.177
2015-07-21,23.205,NA,NA,NA,286.149
2015-07-22,22.665,NA,NA,NA,286.128
2015-07-23,22.743,NA,NA,NA,286.131
2015-07-24,22.126,NA,NA,NA,286.107
2015-07-25,22.511,NA,NA,NA,286.122
2015-07-26,22.435,NA,NA,NA,286.119
2015-07-27,22.203,NA,NA,NA,286.11
2015-07-28,22.974,NA,NA,NA,286.14
2015-07-29,22.974,NA,NA,NA,286.14
2015-07-30,22.511,NA,NA,NA,286.122
2015-07-31,21.894,NA,NA,NA,286.097
2015-08-01,21.818,NA,NA,NA,286.094
2015-08-02,21.586,NA,NA,NA,286.085
2015-08-03,21.509,NA,NA,NA,286.082
2015-08-04,20.815,NA,NA,NA,286.055
2015-08-05,20.43,NA,NA,NA,286.04
2015-08-06,19.89,NA,NA,NA,286.018
2015-08-07,20.893,NA,NA,NA,286.058
2015-08-08,20.122,NA,NA,NA,286.027
2015-08-09,20.198,NA,NA,NA,286.03
2015-08-10,20.43,NA,NA,NA,286.04
2015-08-11,20.584,NA,NA,NA,286.046
2015-08-12,19.968,NA,NA,NA,286.021
2015-08-13,19.968,NA,NA,NA,286.021
2015-08-14,20.044,NA,NA,NA,286.024
2015-08-15,19.659,NA,NA,NA,286.009
2015-08-16,19.89,NA,NA,NA,286.018
2015-08-17,19.968,NA,NA,NA,286.021
2015-08-18,19.427,NA,NA,NA,286
2015-08-19,21.894,NA,NA,NA,286.097
2015-08-20,21.74,NA,NA,NA,286.091
2015-08-21,22.435,NA,NA,NA,286.119
2015-08-22,23.051,NA,NA,NA,286.143
2015-08-23,26.1,NA,NA,NA,286.256
2015-08-24,24.053,NA,NA,NA,286.183
2015-08-25,24.76,NA,NA,NA,286.21
2015-08-26,24.593,NA,NA,NA,286.204
2015-08-27,24.207,NA,NA,NA,286.189
2015-08-28,24.439,NA,NA,NA,286.198
2015-08-29,23.976,NA,NA,NA,286.18
2015-08-30,23.36,NA,NA,NA,286.155
2015-08-31,22.819,NA,NA,NA,286.134
2015-09-01,22.897,NA,NA,NA,286.137
2015-09-02,22.28,NA,NA,NA,286.113
2015-09-03,21.432,NA,NA,NA,286.079
2015-09-04,21.123,NA,NA,NA,286.067
2015-09-05,20.969,NA,NA,NA,286.061
2015-09-06,20.969,NA,NA,NA,286.061
2015-09-07,20.893,NA,NA,NA,286.058
2015-09-08,20.507,NA,NA,NA,286.043
2015-09-09,20.044,NA,NA,NA,286.024
2015-09-10,20.044,NA,NA,NA,286.024
2015-09-11,19.581,NA,NA,NA,286.006
2015-09-12,19.505,NA,NA,NA,286.003
2015-09-13,19.119,NA,NA,NA,285.988
2015-09-14,19.042,NA,NA,NA,285.985
2015-09-15,18.348,NA,NA,NA,285.957
2015-09-16,18.965,NA,NA,NA,285.982
2015-09-17,18.965,NA,NA,NA,285.982
2015-09-18,18.811,NA,NA,NA,285.976
2015-09-19,18.58,NA,NA,NA,285.966
2015-09-20,17.731,NA,NA,NA,285.933
2015-09-21,18.04,NA,NA,NA,285.945
2015-09-22,18.888,NA,NA,NA,285.979
2015-09-23,17.809,NA,NA,NA,285.936
2015-09-24,18.194,NA,NA,NA,285.951
2015-09-25,18.58,NA,NA,NA,285.966
2015-09-26,17.885,NA,NA,NA,285.939
2015-09-27,17.731,NA,NA,NA,285.933
2015-09-28,18.272,NA,NA,NA,285.954
2015-09-29,18.348,NA,NA,NA,285.957
2015-09-30,17.963,NA,NA,NA,285.942
2015-10-01,17.308,NA,NA,NA,285.915
2015-10-02,17.501,NA,NA,NA,285.924
2015-10-03,17.423,NA,NA,NA,285.921
2015-10-04,17.809,NA,NA,NA,285.936
2015-10-05,17.963,NA,NA,NA,285.942
2015-10-06,18.078,NA,NA,NA,285.945
2015-10-07,17.963,NA,NA,NA,285.942
2015-10-08,18.272,NA,NA,NA,285.954
2015-10-09,17.655,NA,NA,NA,285.93
2015-10-10,17.423,NA,NA,NA,285.921
2015-10-11,17.577,NA,NA,NA,285.927
2015-10-12,20.122,NA,NA,NA,286.027
2015-10-13,16.778,NA,NA,NA,285.893
2015-10-14,16.751,NA,NA,NA,285.89
2015-10-15,17.038,NA,NA,NA,285.905
2015-10-16,NA,NA,NA,NA,NA
2015-10-17,NA,NA,NA,NA,NA
2015-10-18,NA,NA,NA,NA,NA
2015-10-19,NA,NA,NA,NA,NA
2015-10-20,NA,NA,NA,NA,NA
2015-10-21,NA,NA,NA,NA,NA
2015-10-22,NA,NA,NA,NA,NA
2015-10-23,NA,NA,NA,NA,NA
2015-10-24,NA,NA,NA,NA,NA
2015-10-25,17.461,NA,NA,NA,285.924
2015-10-26,17.809,NA,NA,NA,285.936
2015-10-27,17.423,NA,NA,NA,285.921
2015-10-28,19.427,NA,NA,NA,286
2015-10-29,19.504,NA,NA,NA,286.003
2015-10-30,17.115,NA,NA,NA,285.908
2015-10-31,17.501,NA,NA,NA,285.924
2015-11-01,18.233,NA,NA,NA,285.951
2015-11-02,18.542,NA,NA,NA,285.966
2015-11-03,18.58,NA,NA,NA,285.966
2015-11-04,18.464,NA,NA,NA,285.963
2015-11-05,18.426,NA,NA,NA,285.96
2015-11-06,18.58,NA,NA,NA,285.966
2015-11-07,18.117,NA,NA,NA,285.948
2015-11-08,17.731,NA,NA,NA,285.933
2015-11-09,17.885,NA,NA,NA,285.939
2015-11-10,17.731,NA,NA,NA,285.933
2015-11-11,19.042,NA,NA,NA,285.985
2015-11-12,20.352,NA,NA,NA,286.037
2015-11-13,17.308,NA,NA,NA,285.915
2015-11-14,17.038,NA,NA,NA,285.905
2015-11-15,17.269,NA,NA,NA,285.915
2015-11-16,16.804,NA,NA,NA,285.893
2015-11-17,17.501,NA,NA,NA,285.924
2015-11-18,19.274,NA,NA,NA,285.994
2015-11-19,21.625,NA,NA,NA,286.088
2015-11-20,18.58,NA,NA,NA,285.966
2015-11-21,18.734,NA,NA,NA,285.973
2015-11-22,NA,NA,NA,NA,NA
2015-11-23,19.197,NA,NA,NA,285.991
2015-11-24,19.351,NA,NA,NA,285.997
2015-11-25,19.505,NA,NA,NA,286.003
2015-11-26,20.545,NA,NA,NA,286.046
2015-11-27,19.351,NA,NA,NA,285.997
2015-11-28,18.965,NA,NA,NA,285.982
2015-11-29,18.965,NA,NA,NA,285.982
2015-11-30,19.119,NA,NA,NA,285.988
2015-12-01,19.581,NA,NA,NA,286.006
2015-12-02,19.736,NA,NA,NA,286.012
2015-12-03,19.581,NA,NA,NA,286.006
2015-12-04,19.581,NA,NA,NA,286.006
2015-12-05,19.581,NA,NA,NA,286.006
2015-12-06,19.736,NA,NA,NA,286.012
2015-12-07,19.736,NA,NA,NA,286.012
2015-12-08,19.813,NA,NA,NA,286.015
2015-12-09,19.813,NA,NA,NA,286.015
2015-12-10,19.968,NA,NA,NA,286.021
2015-12-11,20.044,NA,NA,NA,286.024
2015-12-12,20.122,NA,NA,NA,286.027
2015-12-13,20.276,NA,NA,NA,286.033
2015-12-14,20.352,NA,NA,NA,286.037
2015-12-15,20.352,NA,NA,NA,286.037
2015-12-16,20.737,NA,NA,NA,286.052
2015-12-17,20.969,NA,NA,NA,286.061
2015-12-18,20.276,NA,NA,NA,286.033
2015-12-19,19.89,NA,NA,NA,286.018
2015-12-20,19.813,NA,NA,NA,286.015
2015-12-21,19.89,NA,NA,NA,286.018
2015-12-22,19.89,NA,NA,NA,286.018
2015-12-23,19.968,NA,NA,NA,286.021
2015-12-24,20.006,NA,NA,NA,286.021
2015-12-25,19.968,NA,NA,NA,286.021
2015-12-26,20.044,NA,NA,NA,286.024
2015-12-27,20.044,NA,NA,NA,286.024
2015-12-28,19.89,NA,NA,NA,286.018
2015-12-29,19.813,NA,NA,NA,286.015
2015-12-30,19.813,NA,NA,NA,286.015
2015-12-31,19.813,NA,NA,NA,286.015
2016-01-01,19.813,NA,NA,NA,286.015
2016-01-02,19.89,NA,NA,NA,286.018
2016-01-03,19.89,NA,NA,NA,286.018
2016-01-04,19.813,NA,NA,NA,286.015
2016-01-05,19.813,NA,NA,NA,286.015
2016-01-06,19.813,NA,NA,NA,286.015
2016-01-07,19.736,NA,NA,NA,286.012
2016-01-08,19.813,NA,NA,NA,286.015
2016-01-09,19.736,NA,NA,NA,286.012
2016-01-10,19.389,NA,NA,NA,286
2016-01-11,19.273,NA,NA,NA,285.994
2016-01-12,19.197,NA,NA,NA,285.991
2016-01-13,19.042,NA,NA,NA,285.985
2016-01-14,19.042,NA,NA,NA,285.985
2016-01-15,19.119,NA,NA,NA,285.988
2016-01-16,18.965,NA,NA,NA,285.982
2016-01-17,18.965,NA,NA,NA,285.982
2016-01-18,19.273,NA,NA,NA,285.994
2016-01-19,19.273,NA,NA,NA,285.994
2016-01-20,19.273,NA,NA,NA,285.994
2016-01-21,19.273,NA,NA,NA,285.994
2016-01-22,19.273,NA,NA,NA,285.994
2016-01-23,19.273,NA,NA,NA,285.994
2016-01-24,19.273,NA,NA,NA,285.994
2016-01-25,19.274,NA,NA,NA,285.994
2016-01-26,19.119,NA,NA,NA,285.988
2016-01-27,18.965,NA,NA,NA,285.982
2016-01-28,19.042,NA,NA,NA,285.985
2016-01-29,18.888,NA,NA,NA,285.979
2016-01-30,18.772,NA,NA,NA,285.976
2016-01-31,18.734,NA,NA,NA,285.973
2016-02-01,18.656,NA,NA,NA,285.969
2016-02-02,18.734,NA,NA,NA,285.973
2016-02-03,18.888,NA,NA,NA,285.979
2016-02-04,18.811,NA,NA,NA,285.976
2016-02-05,18.888,NA,NA,NA,285.979
2016-02-06,18.888,NA,NA,NA,285.979
2016-02-07,18.965,NA,NA,NA,285.982
2016-02-08,19.197,NA,NA,NA,285.991
2016-02-09,18.888,NA,NA,NA,285.979
2016-02-10,18.734,NA,NA,NA,285.973
2016-02-11,18.656,NA,NA,NA,285.969
2016-02-12,18.734,NA,NA,NA,285.973
2016-02-13,18.656,NA,NA,NA,285.969
2016-02-14,18.811,NA,NA,NA,285.976
2016-02-15,18.656,NA,NA,NA,285.969
2016-02-16,18.656,NA,NA,NA,285.969
2016-02-17,18.656,NA,NA,NA,285.969
2016-02-18,18.656,NA,NA,NA,285.969
2016-02-19,18.695,NA,NA,NA,285.973
2016-02-20,19.042,NA,NA,NA,285.985
2016-02-21,19.158,NA,NA,NA,285.988
2016-02-22,19.351,NA,NA,NA,285.997
2016-02-23,19.505,NA,NA,NA,286.003
2016-02-24,19.813,NA,NA,NA,286.015
2016-02-25,20.122,NA,NA,NA,286.027
2016-02-26,20.352,NA,NA,NA,286.037
2016-02-27,20.661,NA,NA,NA,286.049
2016-02-28,21.278,NA,NA,NA,286.073
2016-02-29,21.664,NA,NA,NA,286.088
2016-03-01,21.664,NA,NA,NA,286.088
2016-03-02,21.355,NA,NA,NA,286.076
2016-03-03,21.162,NA,NA,NA,286.067
2016-03-04,20.969,NA,NA,NA,286.061
2016-03-05,20.853,NA,NA,NA,286.055
2016-03-06,20.661,NA,NA,NA,286.049
2016-03-07,20.661,NA,NA,NA,286.049
2016-03-08,21.047,NA,NA,NA,286.064
2016-03-09,21.972,NA,NA,NA,286.101
2016-03-10,22.781,NA,NA,NA,286.131
2016-03-11,23.398,NA,NA,NA,286.158
2016-03-12,23.899,NA,NA,NA,286.177
2016-03-13,24.285,NA,NA,NA,286.192
2016-03-14,24.631,NA,NA,NA,286.207
2016-03-15,25.116,NA,NA,NA,286.222
2016-03-16,25.61,NA,NA,NA,286.241
2016-03-17,25.565,NA,NA,NA,286.238
2016-03-18,25.117,NA,NA,NA,286.222
2016-03-19,25.117,NA,NA,NA,286.222
2016-03-20,25.206,NA,NA,NA,286.225
2016-03-21,24.593,NA,NA,NA,286.204
2016-03-22,24.848,NA,NA,NA,286.213
2016-03-23,24.515,NA,NA,NA,286.201
2016-03-24,24.76,NA,NA,NA,286.21
2016-03-25,24.439,NA,NA,NA,286.198
2016-03-26,24.67,NA,NA,NA,286.207
2016-03-27,24.401,NA,NA,NA,286.198
2016-03-28,24.131,NA,NA,NA,286.186
2016-03-29,23.59,NA,NA,NA,286.165
2016-03-30,23.822,NA,NA,NA,286.174
2016-03-31,24.207,NA,NA,NA,286.189
2016-04-01,24.361,NA,NA,NA,286.195
2016-04-02,23.976,NA,NA,NA,286.18
2016-04-03,22.743,NA,NA,NA,286.131
2016-04-04,22.897,NA,NA,NA,286.137
2016-04-05,21.702,NA,NA,NA,286.091
2016-04-06,22.319,NA,NA,NA,286.116
2016-04-07,21.818,NA,NA,NA,286.094
2016-04-08,21.934,NA,NA,NA,286.097
2016-04-09,20.084,NA,NA,NA,286.024
2016-04-10,20.507,NA,NA,NA,286.043
2016-04-11,21.47,NA,NA,NA,286.082
2016-04-12,19.659,NA,NA,NA,286.009
2016-04-13,19.89,NA,NA,NA,286.018
2016-04-14,19.775,NA,NA,NA,286.015
2016-04-15,19.119,NA,NA,NA,285.988
2016-04-16,19.659,NA,NA,NA,286.009
2016-04-17,20.044,NA,NA,NA,286.024
2016-04-18,19.89,NA,NA,NA,286.018
2016-04-19,19.928,NA,NA,NA,286.018
2016-04-20,20.044,NA,NA,NA,286.024
2016-04-21,20.314,NA,NA,NA,286.033
2016-04-22,19.968,NA,NA,NA,286.021
2016-04-23,18.927,NA,NA,NA,285.979
2016-04-24,18.618,NA,NA,NA,285.969
2016-04-25,20.584,NA,NA,NA,286.046
2016-04-26,20.623,NA,NA,NA,286.049
2016-04-27,20.584,NA,NA,NA,286.046
2016-04-28,21.971,NA,NA,NA,286.101
2016-04-29,22.819,NA,NA,NA,286.134
2016-04-30,23.205,NA,NA,NA,286.149
2016-05-01,24.169,NA,NA,NA,286.186
2016-05-02,24.67,NA,NA,NA,286.207
2016-05-03,25.296,NA,NA,NA,286.229
2016-05-04,25.833,NA,NA,NA,286.247
2016-05-05,25.564,NA,NA,NA,286.238
2016-05-06,25.654,NA,NA,NA,286.241
2016-05-07,25.564,NA,NA,NA,286.238
2016-05-08,25.341,NA,NA,NA,286.232
2016-05-09,24.401,NA,NA,NA,286.198
2016-05-10,24.169,NA,NA,NA,286.186
2016-05-11,24.983,NA,NA,NA,286.216
2016-05-12,25.162,NA,NA,NA,286.222
2016-05-13,24.983,NA,NA,NA,286.216
2016-05-14,25.162,NA,NA,NA,286.222
2016-05-15,24.207,NA,NA,NA,286.189
2016-05-16,24.285,NA,NA,NA,286.192
2016-05-17,24.131,NA,NA,NA,286.186
2016-05-18,23.976,NA,NA,NA,286.18
2016-05-19,23.514,NA,NA,NA,286.161
2016-05-20,23.282,NA,NA,NA,286.152
2016-05-21,23.36,NA,NA,NA,286.155
2016-05-22,22.781,NA,NA,NA,286.131
2016-05-23,22.859,NA,NA,NA,286.134
2016-05-24,22.819,NA,NA,NA,286.134
2016-05-25,22.357,NA,NA,NA,286.116
2016-05-26,22.435,NA,NA,NA,286.119
2016-05-27,21.894,NA,NA,NA,286.097
2016-05-28,21.586,NA,NA,NA,286.085
2016-05-29,21.47,NA,NA,NA,286.082
2016-05-30,20.969,NA,NA,NA,286.061
2016-05-31,20.893,NA,NA,NA,286.058
2016-06-01,21.009,NA,NA,NA,286.061
2016-06-02,20.16,NA,NA,NA,286.027
2016-06-03,19.736,NA,NA,NA,286.012
2016-06-04,19.89,NA,NA,NA,286.018
2016-06-05,19.543,NA,NA,NA,286.006
2016-06-06,19.427,NA,NA,NA,286
2016-06-07,18.542,NA,NA,NA,285.966
2016-06-08,18.194,NA,NA,NA,285.951
2016-06-09,17.501,NA,NA,NA,285.924
2016-06-10,18.04,NA,NA,NA,285.945
2016-06-11,18.04,NA,NA,NA,285.945
2016-06-12,16.947,NA,NA,NA,285.902
2016-06-13,17.925,NA,NA,NA,285.939
2016-06-14,17.076,NA,NA,NA,285.905
2016-06-15,18.041,NA,NA,NA,285.945
2016-06-16,17.501,NA,NA,NA,285.924
2016-06-17,16.909,NA,NA,NA,285.899
2016-06-18,17.885,NA,NA,NA,285.939
2016-06-19,17.655,NA,NA,NA,285.93
2016-06-20,18.464,NA,NA,NA,285.963
2016-06-21,17.847,NA,NA,NA,285.939
2016-06-22,17.539,NA,NA,NA,285.927
2016-06-23,17.501,NA,NA,NA,285.924
2016-06-24,16.934,NA,NA,NA,285.902
2016-06-25,16.973,NA,NA,NA,285.902
2016-06-26,17.617,NA,NA,NA,285.93
2016-06-27,17.192,NA,NA,NA,285.912
2016-06-28,16.751,NA,NA,NA,285.89
2016-06-29,16.594,NA,NA,NA,285.881
2016-06-30,16.725,NA,NA,NA,285.89
2016-07-01,16.384,NA,NA,NA,285.869
2016-07-02,16.175,NA,NA,NA,285.857
2016-07-03,16.175,NA,NA,NA,285.857
2016-07-04,16.043,NA,NA,NA,285.851
2016-07-05,16.07,NA,NA,NA,285.851
2016-07-06,16.41,NA,NA,NA,285.869
2016-07-07,16.62,NA,NA,NA,285.881
2016-07-08,17.153,NA,NA,NA,285.908
2016-07-09,17.038,NA,NA,NA,285.905
2016-07-10,17.23,NA,NA,NA,285.912
2016-07-11,17.693,NA,NA,NA,285.933
2016-07-12,20.545,NA,NA,NA,286.046
2016-07-13,21.009,NA,NA,NA,286.061
2016-07-14,22.819,NA,NA,NA,286.134
2016-07-15,23.899,NA,NA,NA,286.177
2016-07-16,24.323,NA,NA,NA,286.195
2016-07-17,26.548,NA,NA,NA,286.271
2016-07-18,26.906,NA,NA,NA,286.283
2016-07-19,26.995,NA,NA,NA,286.286
2016-07-20,27.085,NA,NA,NA,286.289
2016-07-21,27.352,NA,NA,NA,286.299
2016-07-22,27.262,NA,NA,NA,286.296
2016-07-23,26.281,NA,NA,NA,286.262
2016-07-24,25.922,NA,NA,NA,286.25
2016-07-25,24.848,NA,NA,NA,286.213
2016-07-26,24.053,NA,NA,NA,286.183
2016-07-27,23.668,NA,NA,NA,286.168
2016-07-28,23.128,NA,NA,NA,286.146
2016-07-29,22.743,NA,NA,NA,286.131
2016-07-30,22.473,NA,NA,NA,286.122
2016-07-31,21.934,NA,NA,NA,286.097
2016-08-01,21.74,NA,NA,NA,286.091
2016-08-02,22.28,NA,NA,NA,286.113
2016-08-03,22.242,NA,NA,NA,286.11
2016-08-04,22.703,NA,NA,NA,286.131
2016-08-05,22.28,NA,NA,NA,286.113
2016-08-06,21.972,NA,NA,NA,286.101
2016-08-07,21.644,NA,NA,NA,286.088
2016-08-08,21.201,NA,NA,NA,286.07
2016-08-09,21.007,NA,NA,NA,286.061
2016-08-10,20.777,NA,NA,NA,286.055
2016-08-11,22.501,NA,NA,NA,286.122
2016-08-12,22.781,NA,NA,NA,286.131
2016-08-13,22.974,NA,NA,NA,286.14
2016-08-14,23.051,NA,NA,NA,286.143
2016-08-15,22.771,NA,NA,NA,286.131
2016-08-16,22.916,NA,NA,NA,286.137
2016-08-17,22.897,NA,NA,NA,286.137
2016-08-18,22.501,NA,NA,NA,286.122
2016-08-19,21.566,NA,NA,NA,286.085
2016-08-20,21.428,NA,NA,NA,286.079
2016-08-21,21.289,NA,NA,NA,286.073
2016-08-22,21.154,NA,NA,NA,286.067
2016-08-23,20.893,NA,NA,NA,286.058
2016-08-24,21.201,NA,NA,NA,286.07
2016-08-25,20.969,NA,NA,NA,286.061
2016-08-26,20.43,NA,NA,NA,286.04
2016-08-27,19.968,NA,NA,NA,286.021
2016-08-28,19.968,NA,NA,NA,286.021
2016-08-29,20.893,NA,NA,NA,286.058
2016-08-30,21.047,NA,NA,NA,286.064
2016-08-31,20.815,NA,NA,NA,286.055
2016-09-01,20.584,NA,NA,NA,286.046
2016-09-02,20.352,NA,NA,NA,286.037
2016-09-03,20.43,NA,NA,NA,286.04
2016-09-04,20.815,NA,NA,NA,286.055
2016-09-05,22.048,NA,NA,NA,286.104
2016-09-06,22.126,NA,NA,NA,286.107
2016-09-07,22.048,NA,NA,NA,286.104
2016-09-08,22.048,NA,NA,NA,286.104
2016-09-09,21.586,NA,NA,NA,286.085
2016-09-10,21.201,NA,NA,NA,286.07
2016-09-11,20.43,NA,NA,NA,286.04
2016-09-12,20.122,NA,NA,NA,286.027
2016-09-13,20.352,NA,NA,NA,286.037
2016-09-14,19.659,NA,NA,NA,286.009
2016-09-15,19.197,NA,NA,NA,285.991
2016-09-16,19.581,NA,NA,NA,286.006
2016-09-17,19.581,NA,NA,NA,286.006
2016-09-18,19.119,NA,NA,NA,285.988
2016-09-19,19.197,NA,NA,NA,285.991
2016-09-20,18.965,NA,NA,NA,285.982
2016-09-21,18.734,NA,NA,NA,285.973
2016-09-22,18.811,NA,NA,NA,285.976
2016-09-23,18.502,NA,NA,NA,285.963
2016-09-24,18.272,NA,NA,NA,285.954
2016-09-25,19.736,NA,NA,NA,286.012
2016-09-26,20.044,NA,NA,NA,286.024
2016-09-27,19.197,NA,NA,NA,285.991
2016-09-28,18.811,NA,NA,NA,285.976
2016-09-29,18.734,NA,NA,NA,285.973
2016-09-30,18.656,NA,NA,NA,285.969
2016-10-01,18.811,NA,NA,NA,285.976
2016-10-02,18.734,NA,NA,NA,285.973
2016-10-03,18.426,NA,NA,NA,285.96
2016-10-04,17.577,NA,NA,NA,285.927
2016-10-05,20.352,NA,NA,NA,286.037
2016-10-06,20.352,NA,NA,NA,286.037
2016-10-07,20.969,NA,NA,NA,286.061
2016-10-08,20.815,NA,NA,NA,286.055
2016-10-09,20.893,NA,NA,NA,286.058
2016-10-10,20.738,NA,NA,NA,286.052
2016-10-11,21.317,NA,NA,NA,286.076
2016-10-12,21.664,NA,NA,NA,286.088
2016-10-13,20.661,NA,NA,NA,286.049
2016-10-14,20.43,NA,NA,NA,286.04
2016-10-15,21.123,NA,NA,NA,286.067
2016-10-16,21.047,NA,NA,NA,286.064
2016-10-17,21.123,NA,NA,NA,286.067
2016-10-18,21.009,NA,NA,NA,286.061
2016-10-19,20.969,NA,NA,NA,286.061
2016-10-20,20.584,NA,NA,NA,286.046
2016-10-21,20.044,NA,NA,NA,286.024
2016-10-22,20.352,NA,NA,NA,286.037
2016-10-23,20.507,NA,NA,NA,286.043
2016-10-24,19.968,NA,NA,NA,286.021
2016-10-25,19.197,NA,NA,NA,285.991
2016-10-26,20.738,NA,NA,NA,286.052
2016-10-27,20.853,NA,NA,NA,286.055
2016-10-28,21.162,NA,NA,NA,286.067
2016-10-29,22.087,NA,NA,NA,286.104
2016-10-30,22.203,NA,NA,NA,286.11
2016-10-31,21.586,NA,NA,NA,286.085
2016-11-01,22.589,NA,NA,NA,286.125
2016-11-02,22.435,NA,NA,NA,286.119
2016-11-03,22.435,NA,NA,NA,286.119
2016-11-04,22.28,NA,NA,NA,286.113
2016-11-05,22.126,NA,NA,NA,286.107
2016-11-06,21.818,NA,NA,NA,286.094
2016-11-07,21.894,NA,NA,NA,286.097
2016-11-08,21.972,NA,NA,NA,286.101
2016-11-09,21.664,NA,NA,NA,286.088
2016-11-10,21.664,NA,NA,NA,286.088
2016-11-11,21.432,NA,NA,NA,286.079
2016-11-12,21.085,NA,NA,NA,286.064
2016-11-13,21.201,NA,NA,NA,286.07
2016-11-14,21.201,NA,NA,NA,286.07
2016-11-15,20.893,NA,NA,NA,286.058
2016-11-16,20.815,NA,NA,NA,286.055
2016-11-17,21.201,NA,NA,NA,286.07
2016-11-18,22.511,NA,NA,NA,286.122
2016-11-19,21.123,NA,NA,NA,286.067
2016-11-20,20.122,NA,NA,NA,286.027
2016-11-21,20.122,NA,NA,NA,286.027
2016-11-22,20.584,NA,NA,NA,286.046
2016-11-23,21.509,NA,NA,NA,286.082
2016-11-24,21.818,NA,NA,NA,286.094
2016-11-25,22.048,NA,NA,NA,286.104
2016-11-26,22.126,NA,NA,NA,286.107
2016-11-27,22.203,NA,NA,NA,286.11
2016-11-28,22.357,NA,NA,NA,286.116
2016-11-29,23.899,NA,NA,NA,286.177
2016-11-30,25.564,NA,NA,NA,286.238
2016-12-01,26.637,NA,NA,NA,286.274
2016-12-02,27.71,NA,NA,NA,286.311
2016-12-03,28.604,NA,NA,NA,286.341
2016-12-04,29.678,NA,NA,NA,286.378
2016-12-05,30.662,NA,NA,NA,286.411
2016-12-06,33.21,NA,NA,NA,286.5
2016-12-07,31.287,NA,NA,NA,286.433
2016-12-08,30.393,NA,NA,NA,286.402
2016-12-09,28.962,NA,NA,NA,286.354
2016-12-10,28.337,NA,NA,NA,286.332
2016-12-11,28.337,NA,NA,NA,286.332
2016-12-12,28.604,NA,NA,NA,286.341
2016-12-13,28.962,NA,NA,NA,286.354
2016-12-14,29.364,NA,NA,NA,286.366
2016-12-15,29.499,NA,NA,NA,286.372
2016-12-16,29.499,NA,NA,NA,286.372
2016-12-17,29.243,NA,NA,NA,286.363
2016-12-18,28.915,NA,NA,NA,286.35
2016-12-19,28.426,NA,NA,NA,286.335
2016-12-20,28.068,NA,NA,NA,286.323
2016-12-21,27.71,NA,NA,NA,286.311
2016-12-22,27.264,NA,NA,NA,286.296
2016-12-23,26.906,NA,NA,NA,286.283
2016-12-24,26.727,NA,NA,NA,286.277
2016-12-25,26.458,NA,NA,NA,286.268
2016-12-26,26.816,NA,NA,NA,286.28
2016-12-27,26.369,NA,NA,NA,286.265
2016-12-28,26.279,NA,NA,NA,286.262
2016-12-29,26.279,NA,NA,NA,286.262
2016-12-30,26.012,NA,NA,NA,286.253
2016-12-31,25.922,NA,NA,NA,286.25
2017-01-01,25.654,NA,NA,NA,286.241
2017-01-02,25.564,NA,NA,NA,286.238
2017-01-03,25.475,NA,NA,NA,286.235
2017-01-04,25.027,NA,NA,NA,286.219
2017-01-05,24.67,NA,NA,NA,286.207
2017-01-06,24.439,NA,NA,NA,286.198
2017-01-07,24.361,NA,NA,NA,286.195
2017-01-08,24.131,NA,NA,NA,286.186
2017-01-09,23.899,NA,NA,NA,286.177
2017-01-10,23.899,NA,NA,NA,286.177
2017-01-11,23.744,NA,NA,NA,286.171
2017-01-12,23.514,NA,NA,NA,286.161
2017-01-13,23.282,NA,NA,NA,286.152
2017-01-14,23.128,NA,NA,NA,286.146
2017-01-15,22.974,NA,NA,NA,286.14
2017-01-16,22.819,NA,NA,NA,286.134
2017-01-17,22.665,NA,NA,NA,286.128
2017-01-18,22.511,NA,NA,NA,286.122
2017-01-19,22.435,NA,NA,NA,286.119
2017-01-20,22.357,NA,NA,NA,286.116
2017-01-21,22.357,NA,NA,NA,286.116
2017-01-22,22.435,NA,NA,NA,286.119
2017-01-23,22.589,NA,NA,NA,286.125
2017-01-24,22.819,NA,NA,NA,286.134
2017-01-25,23.205,NA,NA,NA,286.149
2017-01-26,23.36,NA,NA,NA,286.155
2017-01-27,23.36,NA,NA,NA,286.155
2017-01-28,23.514,NA,NA,NA,286.161
2017-01-29,23.514,NA,NA,NA,286.161
2017-01-30,23.514,NA,NA,NA,286.161
2017-01-31,23.822,NA,NA,NA,286.174
2017-02-01,24.053,NA,NA,NA,286.183
2017-02-02,24.207,NA,NA,NA,286.189
2017-02-03,24.245,NA,NA,NA,286.192
2017-02-04,24.285,NA,NA,NA,286.192
2017-02-05,24.439,NA,NA,NA,286.198
2017-02-06,24.439,NA,NA,NA,286.198
2017-02-07,24.515,NA,NA,NA,286.201
2017-02-08,24.207,NA,NA,NA,286.189
2017-02-09,23.976,NA,NA,NA,286.18
2017-02-10,23.744,NA,NA,NA,286.171
2017-02-11,23.59,NA,NA,NA,286.165
2017-02-12,23.668,NA,NA,NA,286.168
2017-02-13,23.668,NA,NA,NA,286.168
2017-02-14,23.899,NA,NA,NA,286.177
2017-02-15,24.131,NA,NA,NA,286.186
2017-02-16,24.361,NA,NA,NA,286.195
2017-02-17,24.593,NA,NA,NA,286.204
2017-02-18,25.027,NA,NA,NA,286.219
2017-02-19,25.654,NA,NA,NA,286.241
2017-02-20,26.637,NA,NA,NA,286.274
2017-02-21,28.158,NA,NA,NA,286.326
2017-02-22,29.946,NA,NA,NA,286.387
2017-02-23,31.914,NA,NA,NA,286.454
2017-02-24,33.345,NA,NA,NA,286.503
2017-02-25,34.377,NA,NA,NA,286.536
2017-02-26,34.664,NA,NA,NA,286.546
2017-02-27,34.759,NA,NA,NA,286.549
2017-02-28,34.856,NA,NA,NA,286.552
2017-03-01,34.473,NA,NA,NA,286.539
2017-03-02,33.524,NA,NA,NA,286.509
2017-03-03,32.181,NA,NA,NA,286.463
2017-03-04,30.393,NA,NA,NA,286.402
2017-03-05,29.052,NA,NA,NA,286.357
2017-03-06,28.068,NA,NA,NA,286.323
2017-03-07,27.979,NA,NA,NA,286.32
2017-03-08,28.158,NA,NA,NA,286.326
2017-03-09,25.922,NA,NA,NA,286.25
2017-03-10,25.475,NA,NA,NA,286.235
2017-03-11,24.593,NA,NA,NA,286.204
2017-03-12,24.439,NA,NA,NA,286.198
2017-03-13,24.515,NA,NA,NA,286.201
2017-03-14,24.439,NA,NA,NA,286.198
2017-03-15,24.439,NA,NA,NA,286.198
2017-03-16,24.515,NA,NA,NA,286.201
2017-03-17,24.593,NA,NA,NA,286.204
2017-03-18,24.631,NA,NA,NA,286.207
2017-03-19,24.593,NA,NA,NA,286.204
2017-03-20,24.67,NA,NA,NA,286.207
2017-03-21,24.76,NA,NA,NA,286.21
2017-03-22,24.515,NA,NA,NA,286.201
2017-03-23,24.053,NA,NA,NA,286.183
2017-03-24,24.207,NA,NA,NA,286.189
2017-03-25,23.744,NA,NA,NA,286.171
2017-03-26,23.822,NA,NA,NA,286.174
2017-03-27,23.822,NA,NA,NA,286.174
2017-03-28,23.822,NA,NA,NA,286.174
2017-03-29,23.822,NA,NA,NA,286.174
2017-03-30,23.744,NA,NA,NA,286.171
2017-03-31,24.131,NA,NA,NA,286.186
2017-04-01,24.439,NA,NA,NA,286.198
2017-04-02,24.285,NA,NA,NA,286.192
2017-04-03,24.76,NA,NA,NA,286.21
2017-04-04,24.938,NA,NA,NA,286.216
2017-04-05,25.027,NA,NA,NA,286.219
2017-04-06,25.206,NA,NA,NA,286.225
2017-04-07,24.848,NA,NA,NA,286.213
2017-04-08,24.515,NA,NA,NA,286.201
2017-04-09,25.296,NA,NA,NA,286.229
2017-04-10,26.1,NA,NA,NA,286.256
2017-04-11,25.296,NA,NA,NA,286.229
2017-04-12,25.117,NA,NA,NA,286.222
2017-04-13,25.385,NA,NA,NA,286.232
2017-04-14,24.76,NA,NA,NA,286.21
2017-04-15,26.1,NA,NA,NA,286.256
2017-04-16,26.369,NA,NA,NA,286.265
2017-04-17,26.1,NA,NA,NA,286.256
2017-04-18,25.743,NA,NA,NA,286.244
2017-04-19,26.1,NA,NA,NA,286.256
2017-04-20,26.727,NA,NA,NA,286.277
2017-04-21,26.995,NA,NA,NA,286.286
2017-04-22,27.352,NA,NA,NA,286.299
2017-04-23,27.621,NA,NA,NA,286.308
2017-04-24,27.756,NA,NA,NA,286.314
2017-04-25,29.231,NA,NA,NA,286.363
2017-04-26,29.32,NA,NA,NA,286.366
2017-04-27,29.589,NA,NA,NA,286.375
2017-04-28,29.544,NA,NA,NA,286.372
2017-04-29,29.678,NA,NA,NA,286.378
2017-04-30,29.231,NA,NA,NA,286.363
2017-05-01,29.32,NA,NA,NA,286.366
2017-05-02,29.231,NA,NA,NA,286.363
2017-05-03,29.052,NA,NA,NA,286.357
2017-05-04,29.141,NA,NA,NA,286.36
2017-05-05,28.962,NA,NA,NA,286.354
2017-05-06,28.783,NA,NA,NA,286.347
2017-05-07,28.068,NA,NA,NA,286.323
2017-05-08,26.906,NA,NA,NA,286.283
2017-05-09,28.604,NA,NA,NA,286.341
2017-05-10,28.337,NA,NA,NA,286.332
2017-05-11,28.068,NA,NA,NA,286.323
2017-05-12,27.621,NA,NA,NA,286.308
2017-05-13,27.352,NA,NA,NA,286.299
2017-05-14,26.906,NA,NA,NA,286.283
2017-05-15,26.906,NA,NA,NA,286.283
2017-05-16,26.458,NA,NA,NA,286.268
2017-05-17,26.683,NA,NA,NA,286.277
2017-05-18,28.158,NA,NA,NA,286.326
2017-05-19,28.426,NA,NA,NA,286.335
2017-05-20,29.902,NA,NA,NA,286.387
2017-05-21,31.824,NA,NA,NA,286.451
2017-05-22,33.389,NA,NA,NA,286.506
2017-05-23,35.047,NA,NA,NA,286.558
2017-05-24,36.385,NA,NA,NA,286.6
2017-05-25,36.768,NA,NA,NA,286.613
2017-05-26,38.106,NA,NA,NA,286.655
2017-05-27,38.583,NA,NA,NA,286.67
2017-05-28,38.919,NA,NA,NA,286.68
2017-05-29,39.253,NA,NA,NA,286.692
2017-05-30,39.922,NA,NA,NA,286.713
2017-05-31,40.304,NA,NA,NA,286.725
2017-06-01,40.495,NA,NA,NA,286.731
2017-06-02,40.4,NA,NA,NA,286.728
2017-06-03,40.018,NA,NA,NA,286.716
2017-06-04,39.157,NA,NA,NA,286.689
2017-06-05,38.106,NA,NA,NA,286.655
2017-06-06,36.959,NA,NA,NA,286.619
2017-06-07,36.003,NA,NA,NA,286.588
2017-06-08,34.473,NA,NA,NA,286.539
2017-06-09,32.808,NA,NA,NA,286.485
2017-06-10,31.377,NA,NA,NA,286.436
2017-06-11,30.304,NA,NA,NA,286.399
2017-06-12,29.678,NA,NA,NA,286.378
2017-06-13,28.247,NA,NA,NA,286.329
2017-06-14,28.247,NA,NA,NA,286.329
2017-06-15,28.247,NA,NA,NA,286.329
2017-06-16,28.783,NA,NA,NA,286.347
2017-06-17,29.678,NA,NA,NA,286.378
2017-06-18,30.393,NA,NA,NA,286.402
2017-06-19,30.93,NA,NA,NA,286.421
2017-06-20,31.333,NA,NA,NA,286.436
2017-06-21,31.377,NA,NA,NA,286.436
2017-06-22,32.003,NA,NA,NA,286.457
2017-06-23,32.181,NA,NA,NA,286.463
2017-06-24,31.198,NA,NA,NA,286.43
2017-06-25,30.662,NA,NA,NA,286.411
2017-06-26,29.678,NA,NA,NA,286.378
2017-06-27,28.694,NA,NA,NA,286.344
2017-06-28,27.8,NA,NA,NA,286.314
2017-06-29,27.889,NA,NA,NA,286.317
2017-06-30,27.174,NA,NA,NA,286.293
2017-07-01,26.458,NA,NA,NA,286.268
2017-07-02,25.743,NA,NA,NA,286.244
2017-07-03,25.117,NA,NA,NA,286.222
2017-07-04,24.439,NA,NA,NA,286.198
2017-07-05,24.053,NA,NA,NA,286.183
2017-07-06,23.976,NA,NA,NA,286.18
2017-07-07,23.744,NA,NA,NA,286.171
2017-07-08,23.59,NA,NA,NA,286.165
2017-07-09,NA,NA,NA,NA,NA
2017-07-10,NA,NA,NA,NA,NA
2017-07-11,NA,NA,NA,NA,NA
2017-07-12,NA,NA,NA,NA,NA
2017-07-13,NA,NA,NA,NA,NA
2017-07-14,22.28,NA,NA,NA,286.113
2017-07-15,22.28,NA,NA,NA,286.113
2017-07-16,21.972,NA,NA,NA,286.101
2017-07-17,21.432,NA,NA,NA,286.079
2017-07-18,NA,NA,NA,NA,NA
2017-07-19,20.931,NA,NA,NA,286.058
2017-07-20,21.74,NA,NA,NA,286.091
2017-07-21,21.201,NA,NA,NA,286.07
2017-07-22,21.123,NA,NA,NA,286.067
2017-07-23,21.085,NA,NA,NA,286.064
2017-07-24,NA,NA,NA,NA,NA
2017-07-25,20.545,NA,NA,NA,286.046
2017-07-26,20.584,NA,NA,NA,286.046
2017-07-27,20.352,NA,NA,NA,286.037
2017-07-28,20.044,NA,NA,NA,286.024
2017-07-29,19.813,NA,NA,NA,286.015
2017-07-30,19.659,NA,NA,NA,286.009
2017-07-31,19.813,NA,NA,NA,286.015
2017-08-01,19.89,NA,NA,NA,286.018
2017-08-02,19.89,NA,NA,NA,286.018
2017-08-03,20.43,NA,NA,NA,286.04
2017-08-04,20.43,NA,NA,NA,286.04
2017-08-05,20.198,NA,NA,NA,286.03
2017-08-06,20.198,NA,NA,NA,286.03
2017-08-07,20.352,NA,NA,NA,286.037
2017-08-08,20.122,NA,NA,NA,286.027
2017-08-09,19.736,NA,NA,NA,286.012
2017-08-10,20.276,NA,NA,NA,286.033
2017-08-11,19.89,NA,NA,NA,286.018
2017-08-12,19.89,NA,NA,NA,286.018
2017-08-13,NA,NA,NA,NA,NA
2017-08-14,NA,NA,NA,NA,NA
2017-08-15,22.55,NA,NA,NA,286.125
2017-08-16,23.398,NA,NA,NA,286.158
2017-08-17,26.771,NA,NA,NA,286.28
2017-08-18,27.442,NA,NA,NA,286.302
2017-08-19,NA,NA,NA,NA,NA
2017-08-20,NA,NA,NA,NA,NA
2017-08-21,32.137,NA,NA,NA,286.463
2017-08-22,32.987,NA,NA,NA,286.491
2017-08-23,33.995,NA,NA,NA,286.524
2017-08-24,34.377,NA,NA,NA,286.536
2017-08-25,34.473,NA,NA,NA,286.539
2017-08-26,35.524,NA,NA,NA,286.573
2017-08-27,35.333,NA,NA,NA,286.567
2017-08-28,34.568,NA,NA,NA,286.542
2017-08-29,33.995,NA,NA,NA,286.524
2017-08-30,33.345,NA,NA,NA,286.503
2017-08-31,32.003,NA,NA,NA,286.457
2017-09-01,30.572,NA,NA,NA,286.408
2017-09-02,30.572,NA,NA,NA,286.408
2017-09-03,29.856,NA,NA,NA,286.384
2017-09-04,29.41,NA,NA,NA,286.369
2017-09-05,28.426,NA,NA,NA,286.335
2017-09-06,27.352,NA,NA,NA,286.299
2017-09-07,26.548,NA,NA,NA,286.271
2017-09-08,25.922,NA,NA,NA,286.25
2017-09-09,24.848,NA,NA,NA,286.213
2017-09-10,24.285,NA,NA,NA,286.192
2017-09-11,24.67,NA,NA,NA,286.207
2017-09-12,24.207,NA,NA,NA,286.189
2017-09-13,23.899,NA,NA,NA,286.177
2017-09-14,23.668,NA,NA,NA,286.168
2017-09-15,23.436,NA,NA,NA,286.158
2017-09-16,23.051,NA,NA,NA,286.143
2017-09-17,22.665,NA,NA,NA,286.128
2017-09-18,21.818,NA,NA,NA,286.094
2017-09-19,21.664,NA,NA,NA,286.088
2017-09-20,23.051,NA,NA,NA,286.143
2017-09-21,22.589,NA,NA,NA,286.125
2017-09-22,22.743,NA,NA,NA,286.131
2017-09-23,23.205,NA,NA,NA,286.149
2017-09-24,23.59,NA,NA,NA,286.165
2017-09-25,24.361,NA,NA,NA,286.195
2017-09-26,26.1,NA,NA,NA,286.256
2017-09-27,28.516,NA,NA,NA,286.338
2017-09-28,31.735,NA,NA,NA,286.448
2017-09-29,35.524,NA,NA,NA,286.573
2017-09-30,38.01,NA,NA,NA,286.652
2017-10-01,39.827,NA,NA,NA,286.71
2017-10-02,NA,NA,NA,NA,286.811
2017-10-03,NA,NA,NA,NA,286.844
2017-10-04,NA,NA,NA,NA,286.869
2017-10-05,NA,NA,NA,NA,286.905
2017-10-06,NA,NA,NA,NA,286.963
2017-10-07,NA,NA,NA,NA,286.991
2017-10-08,NA,NA,NA,NA,287.015
2017-10-09,NA,NA,NA,NA,287.039
2017-10-10,NA,NA,NA,NA,287.064
2017-10-11,NA,NA,NA,NA,287.067
2017-10-12,NA,NA,NA,NA,287.061
2017-10-13,NA,NA,NA,NA,287.045
2017-10-14,NA,NA,NA,NA,287.012
2017-10-15,NA,NA,NA,NA,286.978
2017-10-16,NA,NA,NA,NA,286.954
2017-10-17,NA,NA,NA,NA,286.911
2017-10-18,NA,NA,NA,NA,286.875
2017-10-19,NA,NA,NA,NA,286.826
2017-10-20,42.121,NA,NA,NA,286.783
2017-10-21,40.783,NA,NA,NA,286.741
2017-10-22,39.635,NA,NA,NA,286.704
2017-10-23,38.488,NA,NA,NA,286.667
2017-10-24,36.863,NA,NA,NA,286.616
2017-10-25,35.142,NA,NA,NA,286.561
2017-10-26,34.33,NA,NA,NA,286.536
2017-10-27,33.709,NA,NA,NA,286.515
2017-10-28,31.287,NA,NA,NA,286.433
2017-10-29,31.02,NA,NA,NA,286.424
2017-10-30,31.153,NA,NA,NA,286.43
2017-10-31,29.991,NA,NA,NA,286.39
2017-11-01,29.32,NA,NA,NA,286.366
2017-11-02,29.946,NA,NA,NA,286.387
2017-11-03,29.499,NA,NA,NA,286.372
2017-11-04,28.962,NA,NA,NA,286.354
2017-11-05,29.499,NA,NA,NA,286.372
2017-11-06,28.694,NA,NA,NA,286.344
2017-11-07,28.471,NA,NA,NA,286.335
2017-11-08,28.158,NA,NA,NA,286.326
2017-11-09,28.068,NA,NA,NA,286.323
2017-11-10,27.264,NA,NA,NA,286.296
2017-11-11,26.548,NA,NA,NA,286.271
2017-11-12,26.279,NA,NA,NA,286.262
2017-11-13,26.1,NA,NA,NA,286.256
2017-11-14,26.458,NA,NA,NA,286.268
2017-11-15,27.442,NA,NA,NA,286.302
2017-11-16,26.369,NA,NA,NA,286.265
2017-11-17,26.279,NA,NA,NA,286.262
2017-11-18,27.308,NA,NA,NA,286.296
2017-11-19,27.085,NA,NA,NA,286.289
2017-11-20,27.085,NA,NA,NA,286.289
2017-11-21,27.666,NA,NA,NA,286.311
2017-11-22,26.727,NA,NA,NA,286.277
2017-11-23,26.548,NA,NA,NA,286.271
2017-11-24,26.458,NA,NA,NA,286.268
2017-11-25,26.727,NA,NA,NA,286.277
2017-11-26,26.816,NA,NA,NA,286.28
2017-11-27,26.637,NA,NA,NA,286.274
2017-11-28,26.637,NA,NA,NA,286.274
2017-11-29,26.19,NA,NA,NA,286.259
2017-11-30,26.548,NA,NA,NA,286.271
2017-12-01,25.743,NA,NA,NA,286.244
2017-12-02,25.654,NA,NA,NA,286.241
2017-12-03,25.475,NA,NA,NA,286.235
2017-12-04,25.385,NA,NA,NA,286.232
2017-12-05,26.458,NA,NA,NA,286.268
2017-12-06,24.053,NA,NA,NA,286.183
2017-12-07,23.205,NA,NA,NA,286.149
2017-12-08,22.974,NA,NA,NA,286.14
2017-12-09,23.205,NA,NA,NA,286.149
2017-12-10,23.436,NA,NA,NA,286.158
2017-12-11,23.744,NA,NA,NA,286.171
2017-12-12,23.744,NA,NA,NA,286.171
2017-12-13,24.015,NA,NA,NA,286.18
2017-12-14,23.976,NA,NA,NA,286.18
2017-12-15,23.976,NA,NA,NA,286.18
2017-12-16,23.976,NA,NA,NA,286.18
2017-12-17,23.976,NA,NA,NA,286.18
2017-12-18,23.976,NA,NA,NA,286.18
2017-12-19,24.053,NA,NA,NA,286.183
2017-12-20,23.976,NA,NA,NA,286.18
2017-12-21,23.822,NA,NA,NA,286.174
2017-12-22,23.436,NA,NA,NA,286.158
2017-12-23,23.205,NA,NA,NA,286.149
2017-12-24,23.051,NA,NA,NA,286.143
2017-12-25,22.974,NA,NA,NA,286.14
2017-12-26,22.743,NA,NA,NA,286.131
2017-12-27,22.511,NA,NA,NA,286.122
2017-12-28,22.357,NA,NA,NA,286.116
2017-12-29,22.357,NA,NA,NA,286.116
2017-12-30,22.357,NA,NA,NA,286.116
2017-12-31,22.126,NA,NA,NA,286.107
2018-01-01,22.048,NA,NA,NA,286.104
2018-01-02,21.894,NA,NA,NA,286.097
2018-01-03,21.972,NA,NA,NA,286.101
2018-01-04,21.818,NA,NA,NA,286.094
2018-01-05,21.74,NA,NA,NA,286.091
2018-01-06,21.664,NA,NA,NA,286.088
2018-01-07,21.586,NA,NA,NA,286.085
2018-01-08,21.509,NA,NA,NA,286.082
2018-01-09,21.509,NA,NA,NA,286.082
2018-01-10,21.509,NA,NA,NA,286.082
2018-01-11,21.818,NA,NA,NA,286.094
2018-01-12,21.509,NA,NA,NA,286.082
2018-01-13,21.432,NA,NA,NA,286.079
2018-01-14,21.355,NA,NA,NA,286.076
2018-01-15,21.586,NA,NA,NA,286.085
2018-01-16,21.355,NA,NA,NA,286.076
2018-01-17,21.123,NA,NA,NA,286.067
2018-01-18,20.969,NA,NA,NA,286.061
2018-01-19,20.969,NA,NA,NA,286.061
2018-01-20,20.969,NA,NA,NA,286.061
2018-01-21,20.969,NA,NA,NA,286.061
2018-01-22,21.047,NA,NA,NA,286.064
2018-01-23,21.047,NA,NA,NA,286.064
2018-01-24,21.047,NA,NA,NA,286.064
2018-01-25,21.047,NA,NA,NA,286.064
2018-01-26,21.123,NA,NA,NA,286.067
2018-01-27,21.201,NA,NA,NA,286.07
2018-01-28,21.201,NA,NA,NA,286.07
2018-01-29,21.201,NA,NA,NA,286.07
2018-01-30,21.123,NA,NA,NA,286.067
2018-01-31,21.123,NA,NA,NA,286.067
2018-02-01,21.201,NA,NA,NA,286.07
2018-02-02,21.047,NA,NA,NA,286.064
2018-02-03,21.047,NA,NA,NA,286.064
2018-02-04,21.123,NA,NA,NA,286.067
2018-02-05,20.969,NA,NA,NA,286.061
2018-02-06,20.893,NA,NA,NA,286.058
2018-02-07,20.815,NA,NA,NA,286.055
2018-02-08,20.738,NA,NA,NA,286.052
2018-02-09,20.661,NA,NA,NA,286.049
2018-02-10,20.584,NA,NA,NA,286.046
2018-02-11,20.507,NA,NA,NA,286.043
2018-02-12,20.507,NA,NA,NA,286.043
2018-02-13,20.43,NA,NA,NA,286.04
2018-02-14,20.352,NA,NA,NA,286.037
2018-02-15,20.392,NA,NA,NA,286.04
2018-02-16,20.276,NA,NA,NA,286.033
2018-02-17,20.276,NA,NA,NA,286.033
2018-02-18,20.276,NA,NA,NA,286.033
2018-02-19,20.352,NA,NA,NA,286.037
2018-02-20,20.43,NA,NA,NA,286.04
2018-02-21,20.276,NA,NA,NA,286.033
2018-02-22,20.276,NA,NA,NA,286.033
2018-02-23,20.507,NA,NA,NA,286.043
2018-02-24,20.43,NA,NA,NA,286.04
2018-02-25,20.584,NA,NA,NA,286.046
2018-02-26,20.507,NA,NA,NA,286.043
2018-02-27,20.507,NA,NA,NA,286.043
2018-02-28,20.507,NA,NA,NA,286.043
2018-03-01,20.507,NA,NA,NA,286.043
2018-03-02,20.43,NA,NA,NA,286.04
2018-03-03,20.507,NA,NA,NA,286.043
2018-03-04,20.507,NA,NA,NA,286.043
2018-03-05,20.661,NA,NA,NA,286.049
2018-03-06,21.664,NA,NA,NA,286.088
2018-03-07,21.818,NA,NA,NA,286.094
2018-03-08,21.894,NA,NA,NA,286.097
2018-03-09,21.894,NA,NA,NA,286.097
2018-03-10,21.894,NA,NA,NA,286.097
2018-03-11,21.894,NA,NA,NA,286.097
2018-03-12,21.818,NA,NA,NA,286.094
2018-03-13,21.818,NA,NA,NA,286.094
2018-03-14,21.818,NA,NA,NA,286.094
2018-03-15,21.818,NA,NA,NA,286.094
2018-03-16,21.894,NA,NA,NA,286.097
2018-03-17,22.048,NA,NA,NA,286.104
2018-03-18,22.203,NA,NA,NA,286.11
2018-03-19,22.589,NA,NA,NA,286.125
2018-03-20,23.282,NA,NA,NA,286.152
2018-03-21,24.053,NA,NA,NA,286.183
2018-03-22,25.027,NA,NA,NA,286.219
2018-03-23,26.548,NA,NA,NA,286.271
2018-03-24,28.604,NA,NA,NA,286.341
2018-03-25,30.393,NA,NA,NA,286.402
2018-03-26,31.824,NA,NA,NA,286.451
2018-03-27,33.255,NA,NA,NA,286.5
2018-03-28,34.377,NA,NA,NA,286.536
2018-03-29,35.812,NA,NA,NA,286.582
2018-03-30,37.724,NA,NA,NA,286.643
2018-03-31,39.348,NA,NA,NA,286.695
2018-04-01,39.922,NA,NA,NA,286.713
2018-04-02,40.591,NA,NA,NA,286.735
2018-04-03,41.069,NA,NA,NA,286.75
2018-04-04,40.4,NA,NA,NA,286.728
2018-04-05,39.873,NA,NA,NA,286.71
2018-04-06,39.348,NA,NA,NA,286.695
2018-04-07,37.915,NA,NA,NA,286.649
2018-04-08,36.959,NA,NA,NA,286.619
2018-04-09,36.194,NA,NA,NA,286.594
2018-04-10,35.333,NA,NA,NA,286.567
2018-04-11,34.951,NA,NA,NA,286.555
2018-04-12,35.142,NA,NA,NA,286.561
2018-04-13,36.003,NA,NA,NA,286.588
2018-04-14,37.054,NA,NA,NA,286.622
2018-04-15,38.631,NA,NA,NA,286.67
2018-04-16,39.73,NA,NA,NA,286.707
2018-04-17,40.495,NA,NA,NA,286.731
2018-04-18,40.783,NA,NA,NA,286.741
2018-04-19,40.974,NA,NA,NA,286.747
2018-04-20,41.833,NA,NA,NA,286.774
2018-04-21,NA,NA,NA,NA,286.835
2018-04-22,NA,NA,NA,NA,286.927
2018-04-23,NA,NA,NA,NA,287.012
2018-04-24,NA,NA,NA,NA,287.073
2018-04-25,NA,NA,NA,NA,287.128
2018-04-26,NA,NA,NA,NA,287.164
2018-04-27,NA,NA,NA,NA,287.176
2018-04-28,NA,NA,NA,NA,287.173
2018-04-29,NA,NA,NA,NA,287.131
2018-04-30,NA,NA,NA,NA,287.106
2018-05-01,NA,NA,NA,NA,287.036
2018-05-02,NA,NA,NA,NA,286.969
2018-05-03,NA,NA,NA,NA,286.902
2018-05-04,NA,NA,NA,NA,286.832
2018-05-05,41.069,NA,NA,NA,286.75
2018-05-06,39.539,NA,NA,NA,286.701
2018-05-07,38.297,NA,NA,NA,286.661
2018-05-08,36.768,NA,NA,NA,286.613
2018-05-09,36.768,NA,NA,NA,286.613
2018-05-10,36.05,NA,NA,NA,286.588
2018-05-11,35.524,NA,NA,NA,286.573
2018-05-12,35.333,NA,NA,NA,286.567
2018-05-13,35.238,NA,NA,NA,286.564
2018-05-14,35.142,NA,NA,NA,286.561
2018-05-15,34.759,NA,NA,NA,286.549
2018-05-16,34.282,NA,NA,NA,286.533
2018-05-17,33.612,NA,NA,NA,286.512
2018-05-18,33.076,NA,NA,NA,286.494
2018-05-19,33.031,NA,NA,NA,286.491
2018-05-20,31.824,NA,NA,NA,286.451
2018-05-21,31.108,NA,NA,NA,286.427
2018-05-22,30.572,NA,NA,NA,286.408
2018-05-23,29.678,NA,NA,NA,286.378
2018-05-24,29.499,NA,NA,NA,286.372
2018-05-25,29.678,NA,NA,NA,286.378
2018-05-26,29.768,NA,NA,NA,286.381
2018-05-27,29.499,NA,NA,NA,286.372
2018-05-28,29.499,NA,NA,NA,286.372
2018-05-29,28.604,NA,NA,NA,286.341
2018-05-30,28.426,NA,NA,NA,286.335
2018-05-31,28.247,NA,NA,NA,286.329
2018-06-01,27.174,NA,NA,NA,286.293
2018-06-02,26.906,NA,NA,NA,286.283
2018-06-03,27.576,NA,NA,NA,286.308
2018-06-04,26.458,NA,NA,NA,286.268
2018-06-05,25.922,NA,NA,NA,286.25
2018-06-06,26.012,NA,NA,NA,286.253
2018-06-07,25.922,NA,NA,NA,286.25
2018-06-08,25.475,NA,NA,NA,286.235
2018-06-09,25.117,NA,NA,NA,286.222
2018-06-10,24.515,NA,NA,NA,286.201
2018-06-11,23.36,NA,NA,NA,286.155
2018-06-12,26.369,NA,NA,NA,286.265
2018-06-13,27.264,NA,NA,NA,286.296
2018-06-14,27.889,NA,NA,NA,286.317
2018-06-15,29.499,NA,NA,NA,286.372
2018-06-16,30.437,NA,NA,NA,286.402
2018-06-17,31.02,NA,NA,NA,286.424
2018-06-18,31.02,NA,NA,NA,286.424
2018-06-19,31.02,NA,NA,NA,286.424
2018-06-20,31.466,NA,NA,NA,286.439
2018-06-21,31.824,NA,NA,NA,286.451
2018-06-22,31.735,NA,NA,NA,286.448
2018-06-23,31.287,NA,NA,NA,286.433
2018-06-24,30.304,NA,NA,NA,286.399
2018-06-25,30.125,NA,NA,NA,286.393
2018-06-26,29.946,NA,NA,NA,286.387
2018-06-27,29.678,NA,NA,NA,286.378
2018-06-28,29.32,NA,NA,NA,286.366
2018-06-29,28.962,NA,NA,NA,286.354
2018-06-30,29.007,NA,NA,NA,286.357
2018-07-01,NA,NA,NA,NA,NA
2018-07-02,NA,NA,NA,NA,NA
2018-07-03,26.548,NA,NA,NA,286.271
2018-07-04,27.174,NA,NA,NA,286.293
2018-07-05,27.174,NA,NA,NA,286.293
2018-07-06,26.369,NA,NA,NA,286.265
2018-07-07,25.654,NA,NA,NA,286.241
2018-07-08,25.385,NA,NA,NA,286.232
2018-07-09,25.117,NA,NA,NA,286.222
2018-07-10,24.76,NA,NA,NA,286.21
2018-07-11,24.285,NA,NA,NA,286.192
2018-07-12,24.593,NA,NA,NA,286.204
2018-07-13,24.285,NA,NA,NA,286.192
2018-07-14,24.053,NA,NA,NA,286.183
2018-07-15,23.744,NA,NA,NA,286.171
2018-07-16,23.59,NA,NA,NA,286.165
2018-07-17,23.205,NA,NA,NA,286.149
2018-07-18,22.897,NA,NA,NA,286.137
2018-07-19,22.781,NA,NA,NA,286.131
2018-07-20,24.053,NA,NA,NA,286.183
2018-07-21,24.76,NA,NA,NA,286.21
2018-07-22,25.833,NA,NA,NA,286.247
2018-07-23,27.666,NA,NA,NA,286.311
2018-07-24,28.829,NA,NA,NA,286.35
2018-07-25,29.678,NA,NA,NA,286.378
2018-07-26,31.02,NA,NA,NA,286.424
2018-07-27,31.51,NA,NA,NA,286.439
2018-07-28,31.868,NA,NA,NA,286.451
2018-07-29,32.181,NA,NA,NA,286.463
2018-07-30,32.093,NA,NA,NA,286.46
2018-07-31,31.824,NA,NA,NA,286.451
2018-08-01,31.287,NA,NA,NA,286.433
2018-08-02,30.214,NA,NA,NA,286.396
2018-08-03,28.918,NA,NA,NA,286.354
2018-08-04,29.678,NA,NA,NA,286.378
2018-08-05,29.052,NA,NA,NA,286.357
2018-08-06,28.247,NA,NA,NA,286.329
2018-08-07,27.621,NA,NA,NA,286.308
2018-08-08,27.442,NA,NA,NA,286.302
2018-08-09,27.442,NA,NA,NA,286.302
2018-08-10,26.995,NA,NA,NA,286.286
2018-08-11,26.727,NA,NA,NA,286.277
2018-08-12,26.279,NA,NA,NA,286.262
2018-08-13,26.1,NA,NA,NA,286.256
2018-08-14,26.19,NA,NA,NA,286.259
2018-08-15,25.833,NA,NA,NA,286.247
2018-08-16,25.296,NA,NA,NA,286.229
2018-08-17,24.894,NA,NA,NA,286.213
2018-08-18,24.285,NA,NA,NA,286.192
2018-08-19,23.822,NA,NA,NA,286.174
2018-08-20,24.593,NA,NA,NA,286.204
2018-08-21,24.515,NA,NA,NA,286.201
2018-08-22,24.361,NA,NA,NA,286.195
2018-08-23,24.053,NA,NA,NA,286.183
2018-08-24,23.976,NA,NA,NA,286.18
2018-08-25,23.976,NA,NA,NA,286.18
2018-08-26,23.59,NA,NA,NA,286.165
2018-08-27,23.668,NA,NA,NA,286.168
2018-08-28,23.899,NA,NA,NA,286.177
2018-08-29,23.436,NA,NA,NA,286.158
2018-08-30,22.859,NA,NA,NA,286.134
2018-08-31,22.897,NA,NA,NA,286.137
2018-09-01,23.282,NA,NA,NA,286.152
2018-09-02,22.974,NA,NA,NA,286.14
2018-09-03,22.743,NA,NA,NA,286.131
2018-09-04,22.511,NA,NA,NA,286.122
2018-09-05,22.819,NA,NA,NA,286.134
2018-09-06,22.319,NA,NA,NA,286.116
2018-09-07,22.048,NA,NA,NA,286.104
2018-09-08,21.818,NA,NA,NA,286.094
2018-09-09,21.278,NA,NA,NA,286.073
2018-09-10,21.625,NA,NA,NA,286.088
2018-09-11,21.162,NA,NA,NA,286.067
2018-09-12,21.201,NA,NA,NA,286.07
2018-09-13,20.584,NA,NA,NA,286.046
2018-09-14,20.969,NA,NA,NA,286.061
2018-09-15,20.815,NA,NA,NA,286.055
2018-09-16,20.122,NA,NA,NA,286.027
2018-09-17,20.352,NA,NA,NA,286.037
2018-09-18,20.198,NA,NA,NA,286.03
2018-09-19,19.89,NA,NA,NA,286.018
2018-09-20,20.122,NA,NA,NA,286.027
2018-09-21,20.969,NA,NA,NA,286.061
2018-09-22,19.736,NA,NA,NA,286.012
2018-09-23,19.736,NA,NA,NA,286.012
2018-09-24,19.89,NA,NA,NA,286.018
2018-09-25,20.276,NA,NA,NA,286.033
2018-09-26,20.276,NA,NA,NA,286.033
2018-09-27,NA,NA,NA,NA,NA
2018-09-28,NA,NA,NA,NA,NA
2018-09-29,NA,NA,NA,NA,NA
2018-09-30,NA,NA,NA,NA,NA
2018-10-01,NA,NA,NA,NA,NA
2018-10-02,NA,NA,NA,NA,NA
2018-10-03,19.081,NA,NA,NA,285.985
2018-10-04,18.502,NA,NA,NA,285.963
2018-10-05,17.963,NA,NA,NA,285.942
2018-10-06,18.272,NA,NA,NA,285.954
2018-10-07,17.655,NA,NA,NA,285.93
2018-10-08,17.617,NA,NA,NA,285.93
2018-10-09,17.809,NA,NA,NA,285.936
2018-10-10,18.811,NA,NA,NA,285.976
2018-10-11,19.581,NA,NA,NA,286.006
2018-10-12,18.272,NA,NA,NA,285.954
2018-10-13,18.464,NA,NA,NA,285.963
2018-10-14,19.197,NA,NA,NA,285.991
2018-10-15,19.119,NA,NA,NA,285.988
2018-10-16,19.427,NA,NA,NA,286
2018-10-17,19.659,NA,NA,NA,286.009
2018-10-18,19.581,NA,NA,NA,286.006
2018-10-19,20.084,NA,NA,NA,286.024
2018-10-20,20.276,NA,NA,NA,286.033
2018-10-21,19.581,NA,NA,NA,286.006
2018-10-22,19.813,NA,NA,NA,286.015
2018-10-23,19.736,NA,NA,NA,286.012
2018-10-24,19.119,NA,NA,NA,285.988
2018-10-25,19.119,NA,NA,NA,285.988
2018-10-26,19.659,NA,NA,NA,286.009
2018-10-27,19.581,NA,NA,NA,286.006
2018-10-28,20.044,NA,NA,NA,286.024
2018-10-29,19.197,NA,NA,NA,285.991
2018-10-30,19.273,NA,NA,NA,285.994
2018-10-31,19.197,NA,NA,NA,285.991
2018-11-01,19.042,NA,NA,NA,285.985
2018-11-02,19.042,NA,NA,NA,285.985
2018-11-03,18.965,NA,NA,NA,285.982
2018-11-04,19.197,NA,NA,NA,285.991
2018-11-05,19.197,NA,NA,NA,285.991
2018-11-06,20.314,NA,NA,NA,286.033
2018-11-07,20.276,NA,NA,NA,286.033
2018-11-08,19.351,NA,NA,NA,285.997
2018-11-09,19.581,NA,NA,NA,286.006
2018-11-10,19.581,NA,NA,NA,286.006
2018-11-11,19.736,NA,NA,NA,286.012
2018-11-12,19.775,NA,NA,NA,286.015
2018-11-13,19.659,NA,NA,NA,286.009
2018-11-14,19.659,NA,NA,NA,286.009
2018-11-15,19.659,NA,NA,NA,286.009
2018-11-16,19.813,NA,NA,NA,286.015
2018-11-17,19.89,NA,NA,NA,286.018
2018-11-18,19.581,NA,NA,NA,286.006
2018-11-19,19.581,NA,NA,NA,286.006
2018-11-20,19.427,NA,NA,NA,286
2018-11-21,19.311,NA,NA,NA,285.994
2018-11-22,19.197,NA,NA,NA,285.991
2018-11-23,19.158,NA,NA,NA,285.988
2018-11-24,19.351,NA,NA,NA,285.997
2018-11-25,19.351,NA,NA,NA,285.997
2018-11-26,18.965,NA,NA,NA,285.982
2018-11-27,18.656,NA,NA,NA,285.969
2018-11-28,18.58,NA,NA,NA,285.966
2018-11-29,18.58,NA,NA,NA,285.966
2018-11-30,18.58,NA,NA,NA,285.966
2018-12-01,18.502,NA,NA,NA,285.963
2018-12-02,18.58,NA,NA,NA,285.966
2018-12-03,18.502,NA,NA,NA,285.963
2018-12-04,18.426,NA,NA,NA,285.96
2018-12-05,18.348,NA,NA,NA,285.957
2018-12-06,18.348,NA,NA,NA,285.957
2018-12-07,18.194,NA,NA,NA,285.951
2018-12-08,18.117,NA,NA,NA,285.948
2018-12-09,18.117,NA,NA,NA,285.948
2018-12-10,18.04,NA,NA,NA,285.945
2018-12-11,17.963,NA,NA,NA,285.942
2018-12-12,17.963,NA,NA,NA,285.942
2018-12-13,17.885,NA,NA,NA,285.939
2018-12-14,17.885,NA,NA,NA,285.939
2018-12-15,17.809,NA,NA,NA,285.936
2018-12-16,17.809,NA,NA,NA,285.936
2018-12-17,17.809,NA,NA,NA,285.936
2018-12-18,17.192,NA,NA,NA,285.912
2018-12-19,16.699,NA,NA,NA,285.887
2018-12-20,16.489,NA,NA,NA,285.875
2018-12-21,16.122,NA,NA,NA,285.854
2018-12-22,15.912,NA,NA,NA,285.841
2018-12-23,15.807,NA,NA,NA,285.835
2018-12-24,15.546,NA,NA,NA,285.82
2018-12-25,15.388,NA,NA,NA,285.811
2018-12-26,15.231,NA,NA,NA,285.802
2018-12-27,15.283,NA,NA,NA,285.805
2018-12-28,15.493,NA,NA,NA,285.817
2018-12-29,15.073,NA,NA,NA,285.793
2018-12-30,14.863,NA,NA,NA,285.78
2018-12-31,14.863,NA,NA,NA,285.78
2019-01-01,NA,NA,NA,NA,NA
2019-01-02,14.497,NA,NA,NA,285.759
2019-01-03,14.339,NA,NA,NA,285.75
2019-01-04,14.078,NA,NA,NA,285.735
2019-01-05,13.868,NA,NA,NA,285.723
2019-01-06,13.71,NA,NA,NA,285.713
2019-01-07,13.553,NA,NA,NA,285.704
2019-01-08,13.5,NA,NA,NA,285.701
2019-01-09,13.396,NA,NA,NA,285.695
2019-01-10,13.449,NA,NA,NA,285.698
2019-01-11,13.5,NA,NA,NA,285.701
2019-01-12,17.733,NA,NA,NA,285.933
2019-01-13,40.113,NA,NA,NA,290.852
2019-01-14,NA,NA,NA,NA,287.503
2019-01-15,NA,NA,NA,NA,297.79
2019-01-16,NA,NA,NA,NA,288.073
2019-01-17,NA,NA,NA,NA,287.381
2019-01-18,NA,NA,NA,NA,286.887
2019-01-19,NA,NA,NA,NA,287.951
2019-01-20,NA,NA,NA,NA,288.722
2019-01-21,NA,NA,NA,NA,289.953
2019-01-22,NA,NA,NA,NA,297.744
2019-01-23,11.589,NA,NA,NA,297.503
2019-01-24,11.718,NA,NA,NA,285.598
2019-01-25,11.545,NA,NA,NA,285.585
2019-01-26,11.589,NA,NA,NA,285.588
2019-01-27,11.589,NA,NA,NA,285.588
2019-01-28,13.055,NA,NA,NA,285.674
2019-01-29,15.178,NA,NA,NA,285.799
2019-01-30,23.128,NA,NA,NA,286.146
2019-01-31,15.073,NA,NA,NA,285.793
2019-02-01,12.715,NA,NA,NA,285.656
2019-02-02,13.029,NA,NA,NA,285.674
2019-02-03,13.265,NA,NA,NA,285.686
2019-02-04,13.239,NA,NA,NA,285.686
2019-02-05,14.891,NA,NA,NA,285.784
2019-02-06,19.427,NA,NA,NA,286
2019-02-07,13.815,NA,NA,NA,285.72
2019-02-08,NA,NA,NA,NA,288.21
2019-02-09,17.346,NA,NA,NA,285.918
2019-02-10,17.501,NA,NA,NA,285.924
2019-02-11,17.731,NA,NA,NA,285.933
2019-02-12,20.969,NA,NA,NA,286.061
2019-02-13,21.702,NA,NA,NA,286.091
2019-02-14,19.081,NA,NA,NA,285.985
2019-02-15,22.627,NA,NA,NA,286.128
2019-02-16,21.778,NA,NA,NA,286.091
2019-02-17,25.027,NA,NA,NA,286.219
2019-02-18,23.805,NA,NA,NA,286.143
2019-02-19,16.778,NA,NA,NA,285.893
2019-02-20,17.963,NA,NA,NA,285.942
2019-02-21,19.62,NA,NA,NA,286.009
2019-02-22,20.276,NA,NA,NA,286.033
2019-02-23,20.738,NA,NA,NA,286.052
2019-02-24,21.509,NA,NA,NA,286.082
2019-02-25,23.36,NA,NA,NA,286.155
2019-02-26,29.007,NA,NA,NA,286.357
2019-02-27,NA,NA,NA,NA,286.859
2019-02-28,NA,NA,NA,NA,286.911
2019-03-01,NA,NA,NA,NA,NA
2019-03-02,NA,NA,NA,NA,NA
2019-03-03,NA,NA,NA,NA,NA
2019-03-04,NA,NA,NA,NA,NA
2019-03-05,NA,NA,NA,NA,NA
2019-03-06,NA,NA,NA,NA,NA
2019-03-07,NA,NA,NA,NA,NA
2019-03-08,NA,NA,NA,NA,NA
2019-03-09,NA,NA,NA,NA,NA
2019-03-10,NA,NA,NA,NA,NA
2019-03-11,NA,NA,NA,NA,NA
2019-03-12,NA,NA,NA,NA,NA
2019-03-13,NA,NA,NA,NA,NA
2019-03-14,NA,NA,NA,NA,NA
2019-03-15,15.807,NA,NA,NA,285.835
2019-03-16,15.807,NA,NA,NA,285.835
2019-03-17,15.807,NA,NA,NA,285.835
2019-03-18,15.807,NA,NA,NA,285.835
2019-03-19,15.807,NA,NA,NA,285.835
2019-03-20,16.017,NA,NA,NA,285.848
2019-03-21,16.62,NA,NA,NA,285.881
2019-03-22,17.963,NA,NA,NA,285.942
2019-03-23,19.968,NA,NA,NA,286.021
2019-03-24,23.32,NA,NA,NA,286.155
2019-03-25,33.21,NA,NA,NA,286.5
2019-03-26,NA,NA,NA,NA,287.173
2019-03-27,NA,NA,NA,NA,287.695
2019-03-28,NA,NA,NA,NA,287.905
2019-03-29,NA,NA,NA,NA,287.996
2019-03-30,NA,NA,NA,NA,288.063
2019-03-31,NA,NA,NA,NA,288.057
2019-04-01,NA,NA,NA,NA,288.027
2019-04-02,NA,NA,NA,NA,287.972
2019-04-03,NA,NA,NA,NA,287.899
2019-04-04,NA,NA,NA,NA,287.826
2019-04-05,NA,NA,NA,NA,287.759
2019-04-06,NA,NA,NA,NA,287.698
2019-04-07,NA,NA,NA,NA,287.652
2019-04-08,NA,NA,NA,NA,287.621
2019-04-09,NA,NA,NA,NA,287.591
2019-04-10,NA,NA,NA,NA,287.57
2019-04-11,NA,NA,NA,NA,287.576
2019-04-12,NA,NA,NA,NA,287.6
2019-04-13,NA,NA,NA,NA,287.533
2019-04-14,NA,NA,NA,NA,287.472
2019-04-15,NA,NA,NA,NA,287.426
2019-04-16,NA,NA,NA,NA,287.396
2019-04-17,NA,NA,NA,NA,287.381
2019-04-18,NA,NA,NA,NA,287.426
2019-04-19,NA,NA,NA,NA,287.512
2019-04-20,NA,NA,NA,NA,287.631
2019-04-21,NA,NA,NA,NA,287.716
2019-04-22,NA,NA,NA,NA,287.765
2019-04-23,NA,NA,NA,NA,287.756
2019-04-24,NA,NA,NA,NA,287.725
2019-04-25,NA,NA,NA,NA,287.679
2019-04-26,NA,NA,NA,NA,287.597
2019-04-27,NA,NA,NA,NA,287.524
2019-04-28,NA,NA,NA,NA,287.466
2019-04-29,NA,NA,NA,NA,287.448
2019-04-30,NA,NA,NA,NA,287.359
2019-05-01,NA,NA,NA,NA,287.311
2019-05-02,NA,NA,NA,NA,287.265
2019-05-03,NA,NA,NA,NA,287.195
2019-05-04,NA,NA,NA,NA,287.143
2019-05-05,NA,NA,NA,NA,287.073
2019-05-06,NA,NA,NA,NA,286.994
2019-05-07,NA,NA,NA,NA,286.917
2019-05-08,NA,NA,NA,NA,286.844
2019-05-09,NA,NA,NA,NA,286.853
2019-05-10,41.356,NA,NA,NA,286.759
2019-05-11,41.93,NA,NA,NA,286.777
2019-05-12,42.598,NA,NA,NA,286.799
2019-05-13,42.407,NA,NA,NA,286.792
2019-05-14,41.547,NA,NA,NA,286.765
2019-05-15,39.922,NA,NA,NA,286.713
2019-05-16,37.724,NA,NA,NA,286.643
2019-05-17,35.238,NA,NA,NA,286.564
2019-05-18,33.804,NA,NA,NA,286.518
2019-05-19,32.45,NA,NA,NA,286.472
2019-05-20,32.36,NA,NA,NA,286.469
2019-05-21,32.629,NA,NA,NA,286.478
2019-05-22,33.804,NA,NA,NA,286.518
2019-05-23,35.238,NA,NA,NA,286.564
2019-05-24,38.488,NA,NA,NA,286.667
2019-05-25,42.217,NA,NA,NA,286.786
2019-05-26,NA,NA,NA,NA,286.893
2019-05-27,NA,NA,NA,NA,286.972
2019-05-28,NA,NA,NA,NA,287.021
2019-05-29,NA,NA,NA,NA,287.027
2019-05-30,NA,NA,NA,NA,287.018
2019-05-31,NA,NA,NA,NA,286.994
2019-06-01,NA,NA,NA,NA,286.942
2019-06-02,NA,NA,NA,NA,286.872
2019-06-03,42.598,NA,NA,NA,286.799
2019-06-04,40.113,NA,NA,NA,286.719
2019-06-05,36.768,NA,NA,NA,286.613
2019-06-06,34.759,NA,NA,NA,286.549
2019-06-07,32.718,NA,NA,NA,286.482
2019-06-08,31.02,NA,NA,NA,286.424
2019-06-09,28.113,NA,NA,NA,286.323
2019-06-10,26.235,NA,NA,NA,286.259
2019-06-11,24.439,NA,NA,NA,286.198
2019-06-12,22.435,NA,NA,NA,286.119
2019-06-13,20.815,NA,NA,NA,286.055
2019-06-14,18.734,NA,NA,NA,285.973
2019-06-15,17.423,NA,NA,NA,285.921
2019-06-16,16.541,NA,NA,NA,285.878
2019-06-17,15.546,NA,NA,NA,285.82
2019-06-18,14.968,NA,NA,NA,285.787
2019-06-19,14.707,NA,NA,NA,285.771
2019-06-20,14.392,NA,NA,NA,285.753
2019-06-21,13.973,NA,NA,NA,285.729
2019-06-22,13.553,NA,NA,NA,285.704
2019-06-23,13.239,NA,NA,NA,285.686
2019-06-24,12.82,NA,NA,NA,285.662
2019-06-25,12.452,NA,NA,NA,285.64
2019-06-26,11.928,NA,NA,NA,285.61
2019-06-27,12.452,NA,NA,NA,285.64
2019-06-28,12.662,NA,NA,NA,285.652
2019-06-29,12.505,NA,NA,NA,285.643
2019-06-30,12.61,NA,NA,NA,285.649
2019-07-01,13.213,NA,NA,NA,285.683
2019-07-02,14.052,NA,NA,NA,285.735
2019-07-03,15.886,NA,NA,NA,285.838
2019-07-04,18.811,NA,NA,NA,285.976
2019-07-05,20.931,NA,NA,NA,286.058
2019-07-06,23.36,NA,NA,NA,286.155
2019-07-07,25.787,NA,NA,NA,286.244
2019-07-08,27.926,NA,NA,NA,286.32
2019-07-09,29.673,NA,NA,NA,286.378
2019-07-10,31.417,NA,NA,NA,286.436
2019-07-11,33.166,NA,NA,NA,286.497
2019-07-12,34.473,NA,NA,NA,286.539
2019-07-13,35.524,NA,NA,NA,286.573
2019-07-14,36.194,NA,NA,NA,286.594
2019-07-15,36.289,NA,NA,NA,286.597
2019-07-16,34.951,NA,NA,NA,286.555
2019-07-17,33.166,NA,NA,NA,286.497
2019-07-18,31.333,NA,NA,NA,286.436
2019-07-19,28.783,NA,NA,NA,286.347
2019-07-20,26.548,NA,NA,NA,286.271
2019-07-21,24.169,NA,NA,NA,286.186
2019-07-22,22.126,NA,NA,NA,286.107
2019-07-23,20.198,NA,NA,NA,286.03
2019-07-24,18.272,NA,NA,NA,285.954
2019-07-25,16.489,NA,NA,NA,285.875
2019-07-26,15.755,NA,NA,NA,285.832
2019-07-27,14.602,NA,NA,NA,285.765
2019-07-28,13.423,NA,NA,NA,285.698
2019-07-29,13.134,NA,NA,NA,285.68
2019-07-30,11.823,NA,NA,NA,285.604
2019-07-31,11.718,NA,NA,NA,285.598
2019-08-01,12.242,NA,NA,NA,285.628
2019-08-02,12.505,NA,NA,NA,285.643
2019-08-03,12.82,NA,NA,NA,285.662
2019-08-04,12.871,NA,NA,NA,285.665
2019-08-05,12.924,NA,NA,NA,285.668
2019-08-06,12.741,NA,NA,NA,285.659
2019-08-07,12.505,NA,NA,NA,285.643
2019-08-08,13.605,NA,NA,NA,285.707
2019-08-09,12.976,NA,NA,NA,285.671
2019-08-10,12.557,NA,NA,NA,285.646
2019-08-11,12.871,NA,NA,NA,285.665
2019-08-12,12.452,NA,NA,NA,285.64
2019-08-13,12.268,NA,NA,NA,285.631
2019-08-14,12.086,NA,NA,NA,285.619
2019-08-15,11.771,NA,NA,NA,285.601
2019-08-16,11.981,NA,NA,NA,285.613
2019-08-17,11.545,NA,NA,NA,285.585
2019-08-18,12.505,NA,NA,NA,285.643
2019-08-19,11.632,NA,NA,NA,285.592
2019-08-20,11.157,NA,NA,NA,285.558
2019-08-21,10.768,NA,NA,NA,285.531
2019-08-22,NA,NA,NA,NA,285.494
2019-08-23,10.639,NA,NA,NA,285.521
2019-08-24,11.416,NA,NA,NA,285.576
2019-08-25,12.662,NA,NA,NA,285.652
2019-08-26,14.13,NA,NA,NA,285.738
2019-08-27,14.497,NA,NA,NA,285.759
2019-08-28,14.183,NA,NA,NA,285.741
2019-08-29,13.502,NA,NA,NA,285.701
2019-08-30,12.662,NA,NA,NA,285.652
2019-08-31,12.19,NA,NA,NA,285.625
2019-09-01,12.033,NA,NA,NA,285.616
2019-09-02,11.928,NA,NA,NA,285.61
2019-09-03,12.347,NA,NA,NA,285.634
2019-09-04,10.898,NA,NA,NA,285.54
2019-09-05,NA,NA,NA,NA,285.491
2019-09-06,NA,NA,NA,NA,285.497
2019-09-07,NA,NA,NA,NA,285.473
2019-09-08,NA,NA,NA,NA,285.448
2019-09-09,NA,NA,NA,NA,285.418
2019-09-10,10.941,NA,NA,NA,285.543
2019-09-11,10.963,NA,NA,NA,285.546
2019-09-12,12.007,NA,NA,NA,285.613
2019-09-13,13.973,NA,NA,NA,285.729
2019-09-14,13.894,NA,NA,NA,285.723
2019-09-15,16.149,NA,NA,NA,285.857
2019-09-16,19.543,NA,NA,NA,286.006
2019-09-17,24.631,NA,NA,NA,286.207
2019-09-18,29.768,NA,NA,NA,286.381
2019-09-19,32.629,NA,NA,NA,286.478
2019-09-20,34.808,NA,NA,NA,286.549
2019-09-21,37.054,NA,NA,NA,286.622
2019-09-22,38.201,NA,NA,NA,286.658
2019-09-23,38.488,NA,NA,NA,286.667
2019-09-24,38.297,NA,NA,NA,286.661
2019-09-25,38.01,NA,NA,NA,286.652
2019-09-26,36.194,NA,NA,NA,286.594
2019-09-27,35.238,NA,NA,NA,286.564
2019-09-28,33.524,NA,NA,NA,286.509
2019-09-29,31.735,NA,NA,NA,286.448
2019-09-30,31.287,NA,NA,NA,286.433
2019-10-01,29.589,NA,NA,NA,286.375
2019-10-02,27.8,NA,NA,NA,286.314
2019-10-03,26.995,NA,NA,NA,286.286
2019-10-04,24.938,NA,NA,NA,286.216
2019-10-05,24.439,NA,NA,NA,286.198
2019-10-06,23.822,NA,NA,NA,286.174
2019-10-07,22.242,NA,NA,NA,286.11
2019-10-08,21.432,NA,NA,NA,286.079
2019-10-09,21.123,NA,NA,NA,286.067
2019-10-10,20.969,NA,NA,NA,286.061
2019-10-11,20.853,NA,NA,NA,286.055
2019-10-12,19.273,NA,NA,NA,285.994
2019-10-13,17.655,NA,NA,NA,285.93
2019-10-14,16.856,NA,NA,NA,285.896
2019-10-15,17.423,NA,NA,NA,285.921
2019-10-16,16.909,NA,NA,NA,285.899
2019-10-17,16.699,NA,NA,NA,285.887
2019-10-18,16.646,NA,NA,NA,285.884
2019-10-19,17.269,NA,NA,NA,285.915
2019-10-20,16.541,NA,NA,NA,285.878
2019-10-21,16.515,NA,NA,NA,285.875
2019-10-22,20.815,NA,NA,NA,286.055
2019-10-23,17.731,NA,NA,NA,285.933
2019-10-24,20.468,NA,NA,NA,286.043
2019-10-25,23.706,NA,NA,NA,286.171
2019-10-26,26.771,NA,NA,NA,286.28
2019-10-27,30.304,NA,NA,NA,286.399
2019-10-28,31.556,NA,NA,NA,286.442
2019-10-29,32.629,NA,NA,NA,286.478
2019-10-30,32.764,NA,NA,NA,286.482
2019-10-31,32.36,NA,NA,NA,286.469
2019-11-01,32.272,NA,NA,NA,286.466
2019-11-02,31.198,NA,NA,NA,286.43
2019-11-03,29.991,NA,NA,NA,286.39
2019-11-04,29.32,NA,NA,NA,286.366
2019-11-05,27.442,NA,NA,NA,286.302
2019-11-06,26.369,NA,NA,NA,286.265
2019-11-07,25.162,NA,NA,NA,286.222
2019-11-08,23.668,NA,NA,NA,286.168
2019-11-09,22.511,NA,NA,NA,286.122
2019-11-10,21.355,NA,NA,NA,286.076
2019-11-11,20.122,NA,NA,NA,286.027
2019-11-12,18.734,NA,NA,NA,285.973
2019-11-13,17.269,NA,NA,NA,285.915
2019-11-14,16.384,NA,NA,NA,285.869
2019-11-15,15.86,NA,NA,NA,285.838
2019-11-16,16.175,NA,NA,NA,285.857
2019-11-17,18.58,NA,NA,NA,285.966
2019-11-18,18.117,NA,NA,NA,285.948
2019-11-19,17.963,NA,NA,NA,285.942
2019-11-20,17.503,NA,NA,NA,285.924
2019-11-21,19.706,NA,NA,NA,286.012
2019-11-22,19.706,NA,NA,NA,286.012
2019-11-23,16.331,NA,NA,NA,285.866
2019-11-24,15.231,NA,NA,NA,285.802
2019-11-25,15.231,NA,NA,NA,285.802
2019-11-26,14.863,NA,NA,NA,285.78
2019-11-27,15.441,NA,NA,NA,285.814
2019-11-28,NA,NA,NA,NA,NA
2019-11-29,NA,NA,NA,NA,NA
2019-11-30,NA,NA,NA,NA,NA
2019-12-01,NA,NA,NA,NA,NA
2019-12-02,NA,NA,NA,NA,NA
2019-12-03,NA,NA,NA,NA,NA
2019-12-04,NA,NA,NA,NA,NA
2019-12-05,NA,NA,NA,NA,NA
2019-12-06,NA,NA,NA,NA,NA
2019-12-07,NA,NA,NA,NA,NA
2019-12-08,NA,NA,NA,NA,NA
2019-12-09,NA,NA,NA,NA,NA
2019-12-10,NA,NA,NA,NA,NA
2019-12-11,NA,NA,NA,NA,NA
2019-12-12,NA,NA,NA,NA,NA
2019-12-13,NA,NA,NA,NA,285.442
2019-12-14,NA,NA,NA,NA,285.433
2019-12-15,NA,NA,NA,NA,285.396
2019-12-16,NA,NA,NA,NA,285.372
2019-12-17,NA,NA,NA,NA,285.369
2019-12-18,NA,NA,NA,NA,285.351
2019-12-19,NA,NA,NA,NA,285.32
2019-12-20,NA,NA,NA,NA,285.314
2019-12-21,NA,NA,NA,NA,285.305
2019-12-22,NA,NA,NA,NA,285.29
2019-12-23,NA,NA,NA,NA,285.305
2019-12-24,NA,NA,NA,NA,285.317
2019-12-25,NA,NA,NA,NA,285.317
2019-12-26,NA,NA,NA,NA,285.326
2019-12-27,NA,NA,NA,NA,285.314
2019-12-28,NA,NA,NA,NA,285.314
2019-12-29,NA,NA,NA,NA,285.317
2019-12-30,NA,NA,NA,NA,285.32
2019-12-31,NA,NA,NA,NA,285.235
2020-01-01,NA,NA,NA,NA,285.232
2020-01-02,NA,NA,NA,NA,285.262
2020-01-03,NA,NA,NA,NA,285.351
2020-01-04,NA,NA,NA,NA,285.345
2020-01-05,NA,NA,NA,NA,285.305
2020-01-06,NA,NA,NA,NA,285.302
2020-01-07,NA,NA,NA,NA,285.293
2020-01-08,NA,NA,NA,NA,285.262
2020-01-09,NA,NA,NA,NA,285.268
2020-01-10,NA,NA,NA,NA,285.256
2020-01-11,NA,NA,NA,NA,285.305
2020-01-12,NA,NA,NA,NA,285.406
2020-01-13,NA,NA,NA,NA,285.448
2020-01-14,NA,NA,NA,NA,285.463
2020-01-15,NA,NA,NA,NA,285.457
2020-01-16,NA,NA,NA,NA,285.427
2020-01-17,NA,NA,NA,NA,285.454
2020-01-18,NA,NA,NA,NA,285.485
2020-01-19,10.898,NA,NA,NA,285.54
2020-01-20,10.941,NA,NA,NA,285.543
2020-01-21,10.898,NA,NA,NA,285.54
2020-01-22,10.811,NA,NA,NA,285.534
2020-01-23,10.768,NA,NA,NA,285.531
2020-01-24,10.552,NA,NA,NA,285.515
2020-01-25,NA,NA,NA,NA,285.497
2020-01-26,NA,NA,NA,NA,285.482
2020-01-27,NA,NA,NA,NA,285.463
2020-01-28,NA,NA,NA,NA,285.427
2020-01-29,NA,NA,NA,NA,285.403
2020-01-30,NA,NA,NA,NA,285.384
2020-01-31,NA,NA,NA,NA,285.372
2020-02-01,NA,NA,NA,NA,285.369
2020-02-02,NA,NA,NA,NA,NA
2020-02-03,NA,NA,NA,NA,NA
2020-02-04,NA,NA,NA,NA,285.335
2020-02-05,NA,NA,NA,NA,285.351
2020-02-06,NA,NA,NA,NA,285.369
2020-02-07,NA,NA,NA,NA,285.387
2020-02-08,NA,NA,NA,NA,285.372
2020-02-09,NA,NA,NA,NA,285.43
2020-02-10,NA,NA,NA,NA,285.421
2020-02-11,NA,NA,NA,NA,285.463
2020-02-12,NA,NA,NA,NA,285.454
2020-02-13,10.639,NA,NA,NA,285.521
2020-02-14,11.027,NA,NA,NA,285.549
2020-02-15,10.596,NA,NA,NA,285.518
2020-02-16,10.639,NA,NA,NA,285.521
2020-02-17,10.509,NA,NA,NA,285.512
2020-02-18,NA,NA,NA,NA,285.494
2020-02-19,NA,NA,NA,NA,285.473
2020-02-20,NA,NA,NA,NA,285.494
2020-02-21,10.79,NA,NA,NA,285.531
2020-02-22,10.618,NA,NA,NA,285.521
2020-02-23,10.596,NA,NA,NA,285.518
2020-02-24,10.487,NA,NA,NA,285.512
2020-02-25,NA,NA,NA,NA,285.5
2020-02-26,NA,NA,NA,NA,285.479
2020-02-27,NA,NA,NA,NA,285.5
2020-02-28,NA,NA,NA,NA,285.488
2020-02-29,NA,NA,NA,NA,285.491
2020-03-01,NA,NA,NA,NA,285.491
2020-03-02,NA,NA,NA,NA,285.491
2020-03-03,10.423,NA,NA,NA,285.506
2020-03-04,10.639,NA,NA,NA,285.521
2020-03-05,10.941,NA,NA,NA,285.543
2020-03-06,11.114,NA,NA,NA,285.555
2020-03-07,11.416,NA,NA,NA,285.576
2020-03-08,12.452,NA,NA,NA,285.64
2020-03-09,13.763,NA,NA,NA,285.716
2020-03-10,15.126,NA,NA,NA,285.796
2020-03-11,17.269,NA,NA,NA,285.915
2020-03-12,20.314,NA,NA,NA,286.033
2020-03-13,23.514,NA,NA,NA,286.161
2020-03-14,26.1,NA,NA,NA,286.256
2020-03-15,27.666,NA,NA,NA,286.311
2020-03-16,29.454,NA,NA,NA,286.369
2020-03-17,30.304,NA,NA,NA,286.399
2020-03-18,27.129,NA,NA,NA,286.289
2020-03-19,20.507,NA,NA,NA,286.043
2020-03-20,26.369,NA,NA,NA,286.265
2020-03-21,25.206,NA,NA,NA,286.225
2020-03-22,24.361,NA,NA,NA,286.195
2020-03-23,23.59,NA,NA,NA,286.165
2020-03-24,23.051,NA,NA,NA,286.143
2020-03-25,20.122,NA,NA,NA,286.027
2020-03-26,19.659,NA,NA,NA,286.009
2020-03-27,20.764,NA,NA,NA,286.052
2020-03-28,20.815,NA,NA,NA,286.055
2020-03-29,20.815,NA,NA,NA,286.055
2020-03-30,20.815,NA,NA,NA,286.055
2020-03-31,20.815,NA,NA,NA,286.055
2020-04-01,30.93,NA,NA,NA,286.421
2020-04-02,30.93,NA,NA,NA,286.421
2020-04-03,30.93,NA,NA,NA,286.421
2020-04-04,30.93,NA,NA,NA,286.421
2020-04-05,30.93,NA,NA,NA,286.421
2020-04-06,30.93,NA,NA,NA,286.421
2020-04-07,30.93,NA,NA,NA,286.421
2020-04-08,30.93,NA,NA,NA,286.421
2020-04-09,30.93,NA,NA,NA,286.421
2020-04-10,30.93,NA,NA,NA,286.421
2020-04-11,30.035,NA,NA,NA,286.39
2020-04-12,30.035,NA,NA,NA,286.39
2020-04-13,30.035,NA,NA,NA,286.39
2020-04-14,30.035,NA,NA,NA,286.39
2020-04-15,30.035,NA,NA,NA,286.39
2020-04-16,30.035,NA,NA,NA,286.39
2020-04-17,30.035,NA,NA,NA,286.39
2020-04-18,30.035,NA,NA,NA,286.39
2020-04-19,30.035,NA,NA,NA,286.39
2020-04-20,18.502,NA,NA,NA,285.963
2020-04-21,18.502,NA,NA,NA,285.963
2020-04-22,18.502,NA,NA,NA,285.963
2020-04-23,NA,NA,NA,NA,284.683
2020-04-24,NA,NA,NA,NA,284.683
2020-04-25,18.502,NA,NA,NA,285.963
2020-04-26,18.502,NA,NA,NA,285.963
2020-04-27,18.502,NA,NA,NA,285.963
2020-04-28,18.502,NA,NA,NA,285.963
2020-04-29,18.502,NA,NA,NA,285.963
2020-04-30,NA,NA,NA,NA,284.717
2020-05-01,NA,NA,NA,NA,284.61
2020-05-02,NA,NA,NA,NA,284.61
2020-05-03,NA,NA,NA,NA,284.613
2020-05-04,NA,NA,NA,NA,284.616
2020-05-05,NA,NA,NA,NA,284.616
2020-05-06,NA,NA,NA,NA,284.619
2020-05-07,NA,NA,NA,NA,285.393
2020-05-08,NA,NA,NA,NA,285.439
2020-05-09,NA,NA,NA,NA,285.372
2020-05-10,NA,NA,NA,NA,285.497
2020-05-11,NA,NA,NA,NA,285.479
2020-05-12,NA,NA,NA,NA,285.463
2020-05-13,NA,NA,NA,NA,285.467
2020-05-14,11.027,NA,NA,NA,285.549
2020-05-15,11.416,NA,NA,NA,285.576
2020-05-16,11.157,NA,NA,NA,285.558
2020-05-17,NA,NA,NA,NA,285.503
2020-05-18,NA,NA,NA,NA,285.482
2020-05-19,NA,NA,NA,NA,285.473
2020-05-20,NA,NA,NA,NA,285.439
2020-05-21,NA,NA,NA,NA,285.421
2020-05-22,10.552,NA,NA,NA,285.515
2020-05-23,10.682,NA,NA,NA,285.524
2020-05-24,NA,NA,NA,NA,285.494
2020-05-25,10.466,NA,NA,NA,285.509
2020-05-26,NA,NA,NA,NA,285.467
2020-05-27,NA,NA,NA,NA,285.375
